ID,error
1,6.837677374808452
2,0.21765631059190035
3,0.11108875746296373
4,0.36022806632731796
5,19.384421796959902
6,1.8136943200042688
7,7.109852047817626
8,0.8399919866814411
9,0.11087290626300714
10,3.2928151110150954
11,0.3537489601519506
12,0.8261182493187196
13,0.14846247165352403
14,1.196075133096434
15,0.5941314070511325
16,1.7704954116881484
17,0.8079151781177549
18,0.36798003058554263
19,0.23194739964898875
20,0.0846003573078703
21,1.3945255746434204
22,0.3086410530497011
23,0.09096285688345013
24,0.6896131937801777
25,0.24898842648461597
26,0.7608377319430937
27,3.8351457318660307
28,3.8622200172232866
29,0.16279454976654437
30,1.154635665122
31,1.373505646306335
32,0.11846568648579611
33,0.429806332693249
34,0.5926138129013347
35,0.6554621332105554
36,0.16931402889210953
37,0.4725578139194877
38,2.4407507020666275
39,0.13096292047750152
40,0.7593166645391571
41,2.012737625275052
42,0.13233588013774242
43,0.2369036349776717
44,0.13860344686468815
45,10.998190183116911
46,3.0141265819983634
47,0.1382698942739433
48,2.8971946014419805
49,0.5959233951618804
50,3.101164482609492
51,2.0329182120352716
52,2.1886328491359945
53,0.23515739048142903
54,0.34083546502155193
55,0.16098159527039435
56,0.8610989617823451
57,1.1128622246572113
58,0.4811503200271546
59,1.9925643679233913
60,1.1208523434454394
61,0.2819591349725885
62,0.06577789748148156
63,0.3521475257865034
64,1.1242174069976958
65,0.4715940802347988
66,0.8966397245370085
67,1.7617940325990302
68,0.12188406142598651
69,0.5472699314062627
70,2.244051429548304
71,1.588844449590515
72,1.2124918825775273
73,1.0751505440934397
74,4.0316337959098325
75,0.4341298138787347
76,5.496215021630861
77,1.0066941677404473
78,0.42476706504559625
79,1.3649710898621135
80,1.0132161292216875
81,0.22888274731885153
82,0.653071545536448
83,0.6767195796157282
84,1.014791767043006
85,2.2728608596409865
86,0.2572278470469169
87,2.3184543024281843
88,0.11942639535110407
89,0.5490778235682188
90,0.42295754726715057
91,52.7068099051721
92,1.1813534925359146
93,1.4113664257258645
94,0.13091313058135925
95,0.47866962989502865
96,1.8357170995899788
97,0.2960542511489593
98,0.21262264214255122
99,0.7376775743761496
100,0.019283752265921095
101,0.06549847616509918
102,1.6289095969748186
103,0.0859254923828787
104,0.4807819696770725
105,0.20091413473957373
106,0.8026981445423566
107,0.021149420087412687
108,0.3966425240182634
109,2.012790253376077
110,4.7096574811109795
111,1.1976887901791278
112,2.9900690867245294
113,0.03933308899924194
114,1.0591406670779397
115,0.5807538504509909
116,0.12046310778558697
117,1.709168419065564
118,1.3383187949666877
119,0.05511566908423497
120,0.08849533057694503
121,0.09251905608894341
122,2.686673329317783
123,1.4486051531739
124,0.998819164065932
125,4.647686573083902
126,0.315556629417119
127,0.790701926119293
128,0.8908145513060933
129,3.7041436185838226
130,0.4209301816984183
131,0.6489793622211307
132,0.5291316475339021
133,1.3612333313634855
134,1.1797604216965194
135,0.08833771216171399
136,0.2664590493277247
137,0.9209316373586616
138,0.7195891097629229
139,1.27968467529109
140,1.8073059073243736
141,0.31637272952434714
142,1.457911192316805
143,3.4561915404485437
144,0.5082675079979441
145,1.3469133298797955
146,0.8097081898458856
147,0.40299479778874425
148,2.2391823077699193
149,1.0482943211343743
150,0.08008657572367951
151,3.4968023421762204
152,0.2694434856128278
153,0.4321811131039275
154,0.9763966269638025
155,1.1984156116404696
156,1.4569945582772168
157,4.718124396330093
158,0.7445405992106237
159,0.4683764701930995
160,0.04374588391621094
161,0.29632801488292776
162,1.5788763021631456
163,1.0027406640062329
164,1.5827622633565777
165,3.3739186705480173
166,1.0420321833703463
167,0.35828599216248874
168,0.8173981361882359
169,1.0628714533065347
170,4.890985002519906
171,0.0578353993039775
172,0.22441604165437515
173,1.448175184485772
174,0.19758451346584593
175,0.6168858821290908
176,0.797881353382353
177,7.518999241203594
178,0.3738750160043407
179,0.6376508955225354
180,0.9136624531375566
181,2.6396180118450454
182,1.5281713669783115
183,0.35427932319266986
184,2.700265681221249
185,0.5488484524617135
186,0.209989576393333
187,0.7842397836382401
188,0.2594237400887542
189,1.0154748120936283
190,0.3286150757360498
191,0.2510898974476331
192,1.9745990325204434
193,2.047263800993334
194,2.368467209183042
195,0.45551801137188186
196,2.457443210000467
197,1.323978249870207
198,0.5446056090861044
199,0.4465478788934305
200,0.15445898838918806
201,0.44707686526672524
202,0.8921205202780607
203,0.9123755988655377
204,0.7139110527024908
205,0.11191507261792441
206,4.511716709048679
207,0.32593252884030305
208,0.48453349950531716
209,1.7469710059735368
210,1.0350025166414116
211,0.8307091418644911
212,0.19438953195412403
213,0.8001248861418764
214,0.21226298929131374
215,4.407154463295567
216,0.7946850369538659
217,1.3048521546221634
218,0.9559433727120005
219,1.767277684773937
220,0.3610640328331518
221,0.7178275617379365
222,1.0429502532475112
223,0.3895199891492856
224,1.0347645179536078
225,1.150201442161018
226,0.9628433144110338
227,0.36396036088241934
228,0.4788106152960225
229,0.18062155337284982
230,0.18312126674693666
231,0.05945598849934415
232,1.0420628979716362
233,0.25751234656479705
234,0.660656792244354
235,1.398764144230749
236,2.5446456398454878
237,2.0764336254335904
238,1.310413147853397
239,0.45882373223980205
240,1.195060668673639
241,1.4372050062379187
242,0.5826933577815682
243,1.3258831899616457
244,0.3630565897503994
245,0.7381788233108013
246,2.003015105908775
247,7.800398801659389
248,2.176769409070251
249,1.052429917678846
250,0.16856945942550894
251,0.9416445485001761
252,3.9380998726017946
253,0.4143450571174636
254,0.6296556997112761
255,1.4373643559737794
256,0.12645157824008288
257,0.9613731062004479
258,0.4200919844460592
259,0.5182148582731543
260,0.3733251777913594
261,1.4771404083393316
262,0.8967733339831612
263,0.446032572979764
264,0.3152161362402125
265,0.42321203161829374
266,0.3026239554588013
267,182.1623630744722
268,0.4335061171371889
269,0.4817687356910682
270,0.26284811541726993
271,0.676244072243948
272,0.9449486878667716
273,1.7467203174044446
274,2.3211699771691308
275,0.8382500517714441
276,0.1611986936422553
277,0.7029192780527292
278,1.5293415968334543
279,1.3633671123331705
280,1.285992138332948
281,1.1192200686835183
282,1.309174328790078
283,0.8548940005055672
284,0.2671263358480875
285,4.134721320374142
286,1.0381582537919867
287,0.5982317762032979
288,0.05839458836861705
289,0.762217112068273
290,0.08316978444383608
291,0.6126371380844379
292,0.22437069847494526
293,1.5790810808098068
294,3.1648487815613633
295,1.4964695597876316
296,0.5322441918519157
297,0.4167879125042639
298,0.5009787557438341
299,0.6057749856687681
300,0.7974834458991055
301,0.380894376002711
302,0.42401147154833757
303,0.4136336619159845
304,1.6931141617941807
305,0.20348881201382732
306,0.18458188871621753
307,0.7719114596060846
308,0.4546446794440788
309,2.2811117365499713
310,0.4471593047645721
311,2.3141795777339675
312,0.3550460038330314
313,0.32645318094382986
314,0.8757585181450473
315,1.353640535763356
316,2.3492702962123078
317,1.0090227523101805
318,1.0411985914106339
319,0.7916116432053653
320,1.7131297161762051
321,0.456111166270612
322,2.36458185843396
323,3.120491513147079
324,0.5856819632268783
325,14.795426001189579
326,0.399131757580362
327,5.761034795523874
328,0.1117597455992168
329,0.09530627271936867
330,0.3080468554683252
331,2.227092562297097
332,0.5544401253047881
333,0.1768399676113089
334,0.9342403664493178
335,0.7527369461570741
336,1.653584538089631
337,0.15186350860807732
338,0.8194680445924781
339,0.6049924917809674
340,0.42192200823206427
341,1.867198317883681
342,1.532660852548987
343,0.4289802214634824
344,0.28457250584937066
345,0.13431296371851517
346,2.0647002993907355
347,1.4617224961418647
348,2.6246861992418737
349,0.3015247522709033
350,0.06863247323706176
351,4.879515102747316
352,8.667051930901554
353,1.5925630080373234
354,0.09902399712289055
355,2.866869205537139
356,0.3091129086208591
357,1.8243109388227388
358,0.5955789224438602
359,2.98271118814111
360,0.6451234408048772
361,0.4170062064639608
362,1.9693058596279678
363,1.1866083102367848
364,0.6890520049255643
365,3.8784079663484294
366,0.21382265102666115
367,1.3134031503836563
368,5.350302752632108
369,9.279720317842182
370,1.6556797244512438
371,0.9192424604684158
372,1.2420914452008704
373,0.3397325212499358
374,10.171518602054897
375,0.22335661010804736
376,2.65279246858209
377,1.1801876300439886
378,1.6884632580944454
379,0.20380334402090586
380,1.6731473260488698
381,0.5623548132029281
382,1.288591089775946
383,1.4285023732876134
384,0.7572505484523007
385,0.30727639064274753
386,1.489907695076848
387,1.7338861642012247
388,0.7044619477770807
389,9.437298217803539
390,0.22158842275367294
391,0.07934497902968082
392,0.32723755027640705
393,0.9666724244181205
394,4.59616124441675
395,0.11514335386035254
396,0.027742390615026806
397,1.0034197425331486
398,0.6412121244154713
399,0.31035243703514465
400,1.0754965236346625
401,0.37617569811190515
402,4.086900704248239
403,0.046473070510529096
404,2.6344024353227753
405,0.5884156212478961
406,0.5266685925078497
407,1.0031579025051713
408,0.9010938097092497
409,1.6919716136804535
410,0.8735300264359177
411,1.228272899011477
412,4.203970595247074
413,3.41741458170236
414,4.312676206617773
415,0.9669087292047884
416,0.36712565549286813
417,0.31553121265732537
418,1.852848962225338
419,0.7296882552705
420,0.1394296754899354
421,2.005648593159799
422,1.0337452256590935
423,1.4922884259286546
424,8.331914935634714
425,0.16132946270396029
426,0.1397578559104627
427,1.234708483948677
428,3.462344183667733
429,0.340274818671698
430,1.4113230796962015
431,1.1671692129316662
432,0.9770030932702262
433,0.34312748998873993
434,0.05082368108536913
435,0.20346529714782177
436,2.2284724170496117
437,0.5809701455622175
438,0.19188478954788182
439,3.2118335520081316
440,0.2807507107407667
441,0.8243989011818302
442,0.8576266539846275
443,0.7298325768886725
444,0.18614951433714466
445,1.1487702732558982
446,8.014356423868206
447,2.046908691707979
448,2.234782908099966
449,0.7233288434427443
450,0.23523639845022143
451,1.08638387945613
452,1.2846457474058628
453,1.5536067896571832
454,1.3329115290781364
455,0.7812763195002687
456,0.39956463945560844
457,0.8304194114501336
458,0.14579043712573067
459,0.29851097066990817
460,0.3358670997809216
461,4.181027077873289
462,0.2847461745969468
463,0.6795856291571628
464,1.3749622194384918
465,1.726445113358867
466,0.6675350305368224
467,4.392729947921728
468,0.17909589125675673
469,0.8880641977686883
470,0.7341790872818027
471,2.0824669377279714
472,0.9139621336563962
473,1.5018272473484293
474,0.49014144307525187
475,0.5621748581412455
476,0.8926405418341842
477,0.09388425603967153
478,0.40857253288215634
479,1.8840764072215648
480,0.27473140100918386
481,1.8809831437767763
482,0.23729815595656648
483,0.30392539349778014
484,0.2859403438525742
485,1.0446336932901055
486,1.2253287167864526
487,1.0271605385029003
488,0.7632433397176439
489,0.32376406984384554
490,1.2240395117343743
491,1.1232924299340863
492,0.3428077036968956
493,0.7093514884470611
494,2.2473486470747543
495,1.2404395810255542
496,0.337850738140452
497,5.9898125365581585
498,0.6578122981517801
499,1.45526736290194
500,0.12237673927775253
501,0.6292085692542961
502,0.16411416790988803
503,0.29572244045744805
504,1.7557061647321863
505,0.9864505862628877
506,0.12409069910141694
507,0.31929510913118453
508,0.433046815212635
509,16.323748181155178
510,0.750059116332326
511,0.27069039657533633
512,0.823803342823064
513,0.22110273963444316
514,1.8205989485134175
515,0.9180271562967829
516,0.3235763122291744
517,2.0738817800658786
518,0.9942885108837382
519,0.18646903957119357
520,0.931623109243492
521,0.14224099607754817
522,1.95284293841094
523,0.8160006138277531
524,2.488902751626143
525,0.07078407109229891
526,0.466581364606259
527,0.7551966992419631
528,1.6633573275941511
529,0.7229031676677916
530,1.029247655226694
531,0.06637185640989368
532,4.751896201679479
533,0.1567045171788489
534,0.916412863507303
535,1.5267973904682264
536,15.408674246653815
537,0.8929790675675955
538,0.6114846074605533
539,1.2750521030404212
540,0.33525513985426914
541,0.7759329371039498
542,0.32876845899324153
543,1.334161732198604
544,1.8129583844223416
545,0.5402546939119747
546,0.3154442661579879
547,1.1610253451119754
548,0.6536076432187414
549,4.04357923966513
550,0.22517042790921293
551,0.12330995259050603
552,3.302483909048238
553,0.11316324012177673
554,0.27877998598528053
555,0.8952317383226356
556,0.5389607464343644
557,0.4556151740904602
558,2.340179301469911
559,0.1995135325079294
560,0.3460383256465935
561,0.6425223730647098
562,18.696677120434767
563,24.486793824945575
564,0.8317257845894382
565,3.7138143627858606
566,0.7912386929153685
567,2.5718244386617983
568,0.5119974535779919
569,0.24405987627686462
570,0.22749021476999748
571,0.12697268283727944
572,0.8764388158630869
573,1.6434729326329554
574,0.42082183096040415
575,0.01693431895523859
576,0.19583398259955742
577,1.2364854314957028
578,0.55204590387862
579,1.6918829657934595
580,0.447773941692133
581,0.39718660753821844
582,0.31558816980698867
583,0.509341480737026
584,1.378029692774141
585,0.3521464976920159
586,1.413052371826121
587,0.6517808396770134
588,2.087857419096815
589,0.6370149578033628
590,0.42817815655479996
591,0.5107270914742603
592,0.3680987312683436
593,1.5943568071063214
594,0.1125052848961196
595,4.018059718308452
596,1.054307660070686
597,1.4282703330970745
598,0.3331850416397116
599,0.1877008884419673
600,0.5202222967727526
601,0.18343073404050822
602,1.151412587820879
603,4.136944520314438
604,2.4088828037358003
605,2.6292229180752664
606,2.4890355417411922
607,0.517220681516608
608,0.3237907358083955
609,0.16372108146635056
610,0.34287644010394525
611,0.033615609021365685
612,0.6280513156997997
613,2.4930473344755315
614,2.9654975521787814
615,1.2991665085201205
616,0.17815757878627786
617,1.097587151588731
618,0.7670056588149545
619,10.5571862249173
620,1.6874872265568666
621,0.5045733048381106
622,1.2775231114317063
623,6.894898769584311
624,0.552291308325105
625,1.6466713732785998
626,0.44233781627546853
627,1.828674237587546
628,1.7400558493168747
629,1.6455122575104089
630,4.3560526220952225
631,0.11976030828052285
632,0.2314113641539334
633,0.51943275673293
634,0.697450582838825
635,0.6250799870811482
636,4.2823953933974215
637,0.12617022683090276
638,0.6813701042435112
639,0.6052888285739972
640,0.9754016296928613
641,5.6081723794171365
642,1.7040409308739388
643,1.2559633490671045
644,4.509488921398595
645,4.8846305502245615
646,0.21883019496151568
647,0.07366913061766105
648,0.5789191271125164
649,0.1340636918207103
650,0.7234055358921644
651,0.3380718012758772
652,0.23479352970420053
653,0.30936703562322265
654,0.7127744687246126
655,3.619425371654332
656,1.4919977335133943
657,0.8737167933247
658,1.4296770450357692
659,0.6930427150318498
660,0.8594553580444559
661,0.9329020398599259
662,0.10204143915824959
663,0.8654205236316731
664,2.2072758105427894
665,2.484312856808949
666,0.13534959587081596
667,0.35482451374572316
668,0.22513612412532874
669,0.27363581570518375
670,2.4220588355499815
671,0.21562904883584863
672,1.0819396045936502
673,2.5390668651878916
674,0.16429772592422087
675,0.10130408723270476
676,0.274235155262456
677,1.157454890108129
678,4.944583888705346
679,0.8764290382672062
680,1.1020618875791888
681,0.09708329239697146
682,0.18998844332622833
683,0.7977347635156382
684,2.615003961720942
685,0.3019293185598949
686,3.6954841603424544
687,0.19818054327778079
688,1.304270193214722
689,0.06715815321850077
690,0.5388331172070513
691,2.7729411391460763
692,0.1410120686844099
693,4.2045729301033745
694,0.33925245359610834
695,4.387412698303014
696,2.492988647390051
697,1.9680190354065914
698,0.62410661281557
699,1.1569742480652085
700,2.5040652491188906
701,0.3343203801117692
702,0.6953815067860829
703,3.430715542737726
704,0.7617127850453365
705,3.497845734654461
706,0.3957560312033012
707,0.07932995457875873
708,2.4797946598086176
709,0.5162557159178824
710,0.5808787686113562
711,0.3653797005318005
712,1.5763845532790979
713,4.398053316191692
714,0.06877674663778516
715,0.8611993209616984
716,0.40824306890396345
717,0.2899356792542107
718,0.13122941964997265
719,1.2649393996335236
720,0.28412559979146534
721,3.318794734962733
722,1.3949856098538433
723,0.7353443968958375
724,0.08848800303168484
725,1.4882351899103887
726,2.6741558771422964
727,1.6801694288679188
728,1.418430131676774
729,0.3918463439612813
730,0.5560533992838484
731,0.44217305618013647
732,1.402491545771563
733,0.7378139324159811
734,13.500223001846894
735,1.388226361276006
736,2.515902802819508
737,1.0363787406397111
738,0.037119448928058595
739,0.9952606257342462
740,2.151577941971892
741,3.7288364376044907
742,0.9332514133051222
743,0.7974172769814272
744,0.18955289208944787
745,0.4474101684782773
746,0.9747603853102106
747,0.2498281406883946
748,0.05791010106285528
749,0.7416081140160513
750,1.1594106067121883
751,0.07393275481222725
752,0.21156927314419688
753,1.9152836716008566
754,0.559839988803468
755,1.8543187100936835
756,1.978702973346771
757,2.220822804067959
758,0.2156201005586366
759,0.6916333932367918
760,3.444072020501844
761,0.406129942049476
762,0.24735141055298077
763,1.2273779663866584
764,0.5135619577288791
765,0.2134883711049736
766,1.8264989417364026
767,0.15314908522479417
768,0.6776459213740916
769,0.38954377286544234
770,1.0866602610655298
771,0.11703301240317035
772,0.6133808781443834
773,0.3554586301935333
774,0.33042447168817657
775,2.0682241322107506
776,1.0649942521472278
777,0.6953962524650682
778,0.04925218497383075
779,0.18577148736335083
780,0.6316558207528602
781,1.6750290998784676
782,0.4429428305072852
783,0.07380616462328686
784,0.25776974417740556
785,1.6342459362486768
786,0.6096300143830801
787,0.5159554501423165
788,0.03468265793304055
789,1.0679420052408943
790,6.978713135853355
791,0.557809437824912
792,2.465183822021934
793,0.11497685365644682
794,0.34383433577126443
795,0.074232729859818
796,0.12901994361794847
797,0.13531455006989793
798,1.7967963274481895
799,0.19593031596305335
800,7.342542008229297
801,0.4088475731623864
802,0.33241162796294965
803,2.3902125963911045
804,2.45750833030575
805,0.11772478171607617
806,0.3875365799824104
807,0.22525403392539806
808,1.1110443468453395
809,0.2553538305771127
810,0.17905390241027277
811,0.1756062021353867
812,4.678749368158944
813,0.7192978983934045
814,0.6972552163786602
815,0.2544484365798655
816,2.2039835543724062
817,2.2485628745645814
818,0.09128238314915245
819,2.011750866113683
820,0.5386581571844792
821,1.0981080792181943
822,0.33448055045823105
823,0.20444642917899017
824,0.7332608583221899
825,2.9217464203672634
826,0.2464934102193296
827,2.987341679933952
828,0.06794095084034879
829,1.9675840676935987
830,2.156715572002126
831,0.8196705767712544
832,2.15621932872497
833,0.7080956144356166
834,0.2660391473853103
835,0.23495592012393215
836,0.21552997307752508
837,0.0711213027407109
838,0.7841533576806695
839,1.2802948273273327
840,0.5942588134640007
841,0.5395368263107023
842,1.3413257240535394
843,0.8750903095397242
844,1.2749152836505089
845,28.111093890947977
846,1.9913462648500433
847,0.7731932824957637
848,7.673036489362629
849,1.3599235120224904
850,0.05257148297945609
851,0.2526767656656603
852,0.8053609343439629
853,0.8571940934576407
854,6.153893774725089
855,0.12725856046062384
856,2.078001903591468
857,0.5699531283770728
858,0.4224800467093991
859,0.34892615734351784
860,0.7294612764675231
861,0.9841420129721793
862,0.864926138831301
863,1.1576067770668843
864,4.087381997453601
865,0.9778969697303551
866,0.27323245695135934
867,5.6855261504642005
868,0.1094774224853872
869,0.821744691805325
870,0.5527468618288789
871,0.7905798247432132
872,1.0372893800111354
873,0.2723401668340529
874,1.9899570450602917
875,3.346651526275071
876,1.8862682126755594
877,0.8121696819250962
878,0.3083754018494919
879,0.12993176292122427
880,0.7439874349464046
881,0.1372507702951523
882,0.4816513976251661
883,0.9720383366946264
884,0.93239551132333
885,2.6698665852071333
886,2.0569909793775407
887,4.233235847026968
888,0.28231894756886944
889,0.37123937109559996
890,0.08635425154682776
891,8.14923397228866
892,0.15035796721079794
893,0.41508297346810175
894,0.8020406284254751
895,0.347041578629832
896,0.2587934032277349
897,2.199257941060563
898,0.2336332529978625
899,0.10664669906190091
900,2.1737559931335997
901,0.8669783035032633
902,0.8615237775055758
903,0.4343242286170257
904,0.4769247580002507
905,2.030798962277588
906,0.09586568847004451
907,1.490364644975407
908,0.44741973109221833
909,2.330423246473444
910,1.9347299054951606
911,2.111794244180425
912,0.2001806803989751
913,0.1944293461079373
914,0.06216134102321002
915,2.312508068143907
916,1.6465717676374834
917,0.46851358636763163
918,0.6846805177947679
919,1.2694084045187377
920,0.6322002434853106
921,0.5452863452425097
922,1.90620088006506
923,0.033186889363743644
924,1.2580152349528797
925,12.963913596831834
926,0.6261506011219927
927,3.2044413537894734
928,0.08492252460866481
929,0.4286036952037443
930,0.3473766902750915
931,0.6419478363515599
932,3.6650877847185512
933,1.5213837397748244
934,0.5975875164526014
935,0.5803535303355083
936,3.206389537073243
937,0.3097007212245598
938,0.4348853493698598
939,2.288730449617621
940,0.34753222950739227
941,0.8157264433177412
942,2.725712931957832
943,1.5675825017283183
944,1.0582798769764146
945,2.3647605473195212
946,5.3634184669878895
947,0.06471849338503366
948,0.6961674861347866
949,1.405309498327096
950,0.035667274225388054
951,0.7852104646701047
952,0.16651413068778848
953,0.4758317635350085
954,0.5923996853093304
955,0.16650118359111107
956,0.1002773487999046
957,0.3600341165485449
958,0.7274250112809156
959,0.2848762151108517
960,0.13681624489085834
961,0.9223385821737665
962,0.49972529531715887
963,2.6003691585024993
964,0.117098858849918
965,2.5607524818592564
966,0.1476684191997654
967,0.8990853724999771
968,0.7902912574269123
969,1.5837663376122462
970,0.33727760901657927
971,1.3368535921864473
972,1.6455017195719897
973,0.46942562590933373
974,6.260750640932005
975,2.8130900176734293
976,0.22050848614943663
977,5.917983472740574
978,0.5297961957136241
979,3.8673691342919225
980,0.5546887382291142
981,4.907616555948041
982,2.1706322676621554
983,0.8281409831339503
984,2.786211869371778
985,0.5725150574927128
986,0.3509651992919326
987,1.684914061619839
988,0.7782284633750014
989,0.199580111056245
990,0.30875479157845903
991,0.5879433112011594
992,3.1862989379206756
993,1.358361205269164
994,0.48813578273496794
995,1.7521162136944959
996,0.5914105702577475
997,1.5043234313722575
998,0.5563187323315646
999,0.5709920200306884
1000,1.4464433684969302
1001,0.2373598812265115
1002,0.3980940224062393
1003,1.0457401136846487
1004,1.2471732870661671
1005,0.07960475962827986
1006,1.591434745784123
1007,0.7997431620643036
1008,0.11923921489770395
1009,1.1924752945650927
1010,1.0116262766843918
1011,0.8198021443766845
1012,1.5661850831096822
1013,0.7310201123442783
1014,1.6186463421160648
1015,1.0145968204924538
1016,4.071558411244447
1017,0.7802032379261832
1018,1.5741459419008357
1019,2.3065846764839524
1020,1.0407765133120925
1021,2.7215358076157714
1022,2.4486640998239526
1023,1.5051982816459741
1024,0.6550334285075109
1025,1.3831419389206003
1026,0.8476559186985972
1027,0.21180085240843072
1028,0.1669242660473147
1029,0.1840954688340647
1030,2.463442260595368
1031,0.9752345380331497
1032,0.7247627117465938
1033,1.7527685646602338
1034,2.7521995037806986
1035,1.0607132719326429
1036,0.13560853640562545
1037,4.051128935270017
1038,1.3902197175563356
1039,0.11776001438164112
1040,0.7259184812723245
1041,0.5746447178638963
1042,0.6450344647459691
1043,0.36256610107085163
1044,0.4944265775263238
1045,0.34964249576692413
1046,0.5775801411907152
1047,0.7207658086463743
1048,0.3745871462387557
1049,0.8000836230224107
1050,0.3093344319032838
1051,0.43395057086751154
1052,1.2590378811043363
1053,3.7380047329657375
1054,1.9415081296831225
1055,2.2374428692385133
1056,2.1556366201185275
1057,0.7664604142146674
1058,0.10158470009338047
1059,0.10764020341131095
1060,6.194091877747877
1061,0.355361550151218
1062,1.486469637820839
1063,1.8489521341710327
1064,0.22042784100743185
1065,0.08675480376922536
1066,0.5556586493622057
1067,0.45317702615677635
1068,0.3376637741836881
1069,0.8197788841952086
1070,0.4533839792211722
1071,0.43575210124374764
1072,0.27115152401130066
1073,0.7944386397692272
1074,1.648522209920238
1075,0.402681326322764
1076,0.2798097026734788
1077,0.8517800300156457
1078,0.5135754997750683
1079,0.3817081576714885
1080,0.2655169458707419
1081,1.090866912323757
1082,0.10428253244274863
1083,0.14519061410638254
1084,0.16271189018069857
1085,0.36885561197512345
1086,1.064245756001706
1087,0.17101349764085885
1088,0.8988679681188714
1089,0.3255938617919044
1090,1.396231531690687
1091,1.7791953640965572
1092,0.5704628637266326
1093,1.446066250438232
1094,0.07573769766396705
1095,0.2814270511347275
1096,0.421635846095123
1097,0.16170144698886996
1098,3.007016546057788
1099,1.2793083664949436
1100,0.5708085706113897
1101,1.1332822796267774
1102,0.33215090963969696
1103,0.37110915411896417
1104,1.3525168207968636
1105,1.7167561466075516
1106,1.31421353861675
1107,0.7507999766871627
1108,1.86026188890594
1109,1.8984365500063183
1110,0.9873711538711042
1111,0.09214198933995126
1112,1.1511597458086877
1113,0.26597075314380475
1114,1.0297107692541247
1115,4.263471515867283
1116,1.6837043031415224
1117,1.4850192766867476
1118,0.6975522759349696
1119,0.6565408039325107
1120,2.2897085658223304
1121,2.958497604015225
1122,0.7248013271856328
1123,0.2518027853401346
1124,1.5719610224830385
1125,0.522667408801698
1126,0.12139431303019912
1127,0.33819924369460697
1128,4.677678593708248
1129,2.156604759765636
1130,0.21410302320842217
1131,1.57571695883596
1132,0.8322828590585033
1133,0.654846305420947
1134,0.4764376829767145
1135,0.6236299675782648
1136,2.968289252255401
1137,0.7091978830673296
1138,0.09778418591106587
1139,0.32700278508920466
1140,0.3589138441702551
1141,3.3840446997136993
1142,0.1961545449282055
1143,0.12123929776182234
1144,1.348211057995699
1145,1.1918322091310833
1146,1.188212613201543
1147,2.527256397484089
1148,0.8231082748468554
1149,0.9410619444907999
1150,0.6171193491044817
1151,0.29678774353145665
1152,1.5013076406142472
1153,1.0854217288655612
1154,10.268914434617612
1155,1.0947640701191785
1156,0.3491653151694059
1157,31.695664900992448
1158,0.10754637909172897
1159,1.1731878787826464
1160,1.7130536483867975
1161,1.1555597390059709
1162,1.7919057820003332
1163,1.1889817940156573
1164,0.4637611684954739
1165,0.6871663855834533
1166,1.1275304880641077
1167,1.063679070299902
1168,2.8041979994201576
1169,0.3912360512948371
1170,0.2967099943348979
1171,2.413924786321781
1172,0.24319368828587345
1173,0.7490103330329183
1174,1.1352865432207466
1175,1.9177995359275204
1176,3.089226883099942
1177,0.6117292148799108
1178,1.0441624083296457
1179,1.126220623326716
1180,0.43503197418495126
1181,5.074686867007012
1182,0.23761844934044907
1183,0.3527844850893934
1184,1.8009893647953432
1185,0.45782431083297886
1186,0.9117386619312385
1187,0.26020966079317176
1188,0.3808008250970428
1189,2.6514770638442906
1190,0.5139400920689028
1191,0.4157891306625676
1192,0.06571552466243026
1193,0.771262566161191
1194,0.14519106242027047
1195,0.14290524498358878
1196,0.7722016199868282
1197,1.8010775010745497
1198,0.38126269300855714
1199,0.3821636397661687
1200,0.24036936607989956
1201,0.4664225158346755
1202,5.861700921682942
1203,3.180274800039763
1204,0.20244411418442054
1205,1.4358486546559992
1206,0.11418626829042716
1207,1.2723060845568925
1208,0.26395122077613437
1209,1.5351922841544372
1210,3.1132261552733462
1211,0.9629273867865784
1212,1.271680641922996
1213,0.7608862809914552
1214,1.572412948174234
1215,0.24378214967027279
1216,3.193845293965284
1217,0.22444620752112748
1218,2.5822488277375744
1219,0.03522246759911207
1220,0.9437123355818722
1221,2.2359302732458906
1222,0.21971050960201444
1223,0.7139648682965785
1224,0.43309254743281367
1225,0.6030665113187268
1226,0.658236256138067
1227,0.4199404419892915
1228,0.5404003538686015
1229,0.5733005617244522
1230,0.10303558872275789
1231,2.450776895818862
1232,0.8830064899183357
1233,1.8467838631413867
1234,2.2277988031713756
1235,0.19119686890850549
1236,0.7570726814467886
1237,1.902827757391694
1238,0.6924731664640658
1239,1.9590600944580443
1240,0.6277830414982107
1241,0.5377806907567015
1242,0.9629586973902231
1243,0.10084689376020493
1244,0.11947657246790924
1245,0.8514870935271633
1246,2.0743911544496547
1247,1.1397617316234223
1248,0.4958476211797493
1249,0.14365228604848068
1250,0.24148590802982212
1251,0.3508421331314281
1252,3.6553101393047984
1253,0.5657242692906651
1254,0.21984371881689077
1255,0.03586083736173469
1256,0.10416739058773405
1257,4.032521185546002
1258,3.016405451053555
1259,0.13476225568137018
1260,2.392041966468102
1261,0.500702263273235
1262,3.911480864917024
1263,0.12186574115405893
1264,4.1974573275358935
1265,0.10076980490587395
1266,0.3432215729090467
1267,0.7171101881025218
1268,0.08813764646647528
1269,0.05838962169212672
1270,0.1765929798046196
1271,0.19230817323720684
1272,0.4561845038332755
1273,0.6367215191911753
1274,1.5671703183514323
1275,3.9712706221468834
1276,0.47700235123749957
1277,0.26323288687867497
1278,0.5323136455824393
1279,2.676093285207855
1280,0.14125004979236372
1281,4.119879381792413
1282,0.9023267418065807
1283,0.2578362728473716
1284,0.3363132555888669
1285,1.1158509063816435
1286,1.853780303323829
1287,0.8647072783359736
1288,0.15160950956747268
1289,0.2594206909545495
1290,0.340651477357763
1291,0.252338217146925
1292,2.283432805719341
1293,0.5289784336705516
1294,3.816062492138941
1295,0.6836808150921039
1296,0.12327321035340573
1297,0.35369952149695383
1298,1.1153589060206894
1299,4.270040895354958
1300,0.159090048375852
1301,0.45765080007878733
1302,0.3052411357859293
1303,0.9094797353028478
1304,0.9361782746718641
1305,0.5137405868626567
1306,1.0368666405927771
1307,0.13635455038791988
1308,0.5151207120123339
1309,1.46545229814464
1310,0.8818946963404113
1311,2.3349019135815157
1312,1.44176864284168
1313,1.3159692744583662
1314,0.5115335122379604
1315,1.8353232152889758
1316,1.4763704385074918
1317,1.0944799764207769
1318,0.21029317005772072
1319,3.6352087858363964
1320,0.34549789800917696
1321,1.159660176205466
1322,0.43137287436128524
1323,0.5070085601569451
1324,0.29234460782161353
1325,1.2316696138039274
1326,0.5818864171568152
1327,0.34826104574980016
1328,0.19380437680711657
1329,0.6253658194216024
1330,2.110413790829624
1331,1.4025794132098794
1332,0.3534800411252585
1333,0.2608095133949485
1334,2.299833057417062
1335,0.31144115754916424
1336,0.3768818529627575
1337,2.3701656712559607
1338,0.14160826188445355
1339,0.45655576451152596
1340,0.47579111619605313
1341,0.5386921302630955
1342,2.3258458588043807
1343,14.881564605042144
1344,9.19949303045878
1345,0.8864573506847185
1346,0.20512325368893103
1347,0.8679927493685057
1348,0.23513151377457395
1349,0.5936691615298703
1350,0.623313261415665
1351,0.7367123301557221
1352,1.1004363929862215
1353,1.1752607152929004
1354,5.014311844231576
1355,0.7474809368917189
1356,2.0941688271348737
1357,1.449478427005627
1358,1.348493748970706
1359,0.11132753930308212
1360,0.7619061837110438
1361,5.601862755061097
1362,2.2993191191029996
1363,4.23614543866588
1364,0.27931688860828946
1365,0.4549515249700246
1366,0.15977320323343341
1367,1.2918838404665238
1368,0.12170425173005661
1369,0.8389610924073241
1370,0.854359915164383
1371,1.6197896347941216
1372,0.20764515261099234
1373,3.500847355821324
1374,1.2129611839871823
1375,0.7571155912022778
1376,1.658078445625528
1377,3.1794821136940796
1378,0.035245990785329445
1379,14.846278578160232
1380,1.1434307705419335
1381,0.632831688145425
1382,6.258241826257584
1383,1.7990416781949767
1384,0.4941155777084173
1385,4.157287054720409
1386,2.8290673978669925
1387,0.13169696743033232
1388,0.7315815253394519
1389,0.14349201947696927
1390,0.6755289923683652
1391,0.4895551955959285
1392,2.20851452269902
1393,0.2538602218152032
1394,1.3723401213292847
1395,0.07933917788569901
1396,3.100404279645607
1397,2.0251248750836743
1398,2.3393825259880017
1399,2.458984615014289
1400,0.4300968223645296
1401,0.31580104693146804
1402,0.8501165169398033
1403,2.8471603195809303
1404,0.433558077053773
1405,2.224530022674477
1406,7.3648650931097395
1407,1.9843965095787617
1408,0.7842374849963811
1409,0.02205729828480537
1410,0.9338780794671461
1411,1.1013014563186347
1412,1.5563434786672414
1413,0.8225827788975745
1414,1.7533958231698499
1415,1.2899016954235012
1416,0.31167089162148137
1417,0.05996410782578004
1418,0.1559208243679855
1419,0.18978818825049015
1420,0.13407714542607527
1421,0.986582162888509
1422,0.9885634777721793
1423,1.69291118210244
1424,5.810344606801664
1425,0.13680109584989664
1426,0.21786206950228842
1427,1.4011153630162416
1428,0.2379751422069127
1429,2.0419944228177527
1430,1.6644755926882944
1431,2.7629082194452295
1432,0.057011198956936446
1433,0.09025763341555378
1434,0.04694640408489308
1435,1.162139201121986
1436,2.512993606677403
1437,0.15179812423217406
1438,1.20709001361343
1439,3.3531845218997174
1440,0.5907366823767048
1441,0.2639693624255504
1442,0.5600916103470188
1443,7.042011719347801
1444,3.0499735642998127
1445,2.3542395048710776
1446,1.2838668179562236
1447,0.07737805588286384
1448,1.4039984349285157
1449,4.736034290021182
1450,0.31869832567335077
1451,0.7910783882757857
1452,0.7182359088454968
1453,0.8230746657228051
1454,0.10229723324677789
1455,0.04071311989651912
1456,3.7226819210865627
1457,1.9227406911903326
1458,0.7593366779464676
1459,0.4782037985238502
1460,2.281653638353789
1461,0.1359424426429483
1462,0.1599805329865479
1463,1.7579256568065489
1464,2.863958620187193
1465,4.2090747756076725
1466,1.2754826004949875
1467,0.06269013819988016
1468,2.7464758078413545
1469,1.1067922954514415
1470,0.3676532581475206
1471,1.5957323891013557
1472,0.7723358378190163
1473,3.7308316045583307
1474,0.7461283426750378
1475,0.33105012214090024
1476,0.5408347837523786
1477,20.197777349834283
1478,1.6584763938935383
1479,1.4523975345980604
1480,0.8522687782472959
1481,0.2673347178612916
1482,0.879734987597432
1483,0.0605747550145427
1484,3.1520272914646683
1485,0.03420875870314978
1486,0.64754615087085
1487,1.7121801978535578
1488,0.12479027103182067
1489,0.7298674769353732
1490,0.18489297185945103
1491,1.5789169334794841
1492,0.7775622010176404
1493,0.40566840043312613
1494,0.1965464021776568
1495,0.9805328057449123
1496,0.25888045382843117
1497,0.4394510675837125
1498,0.358127549067867
1499,1.7121141699162858
1500,0.29714166588517366
1501,0.7711050299753915
1502,0.8323473594924029
1503,0.07382507169527808
1504,0.05087474638984246
1505,0.5314838110426271
1506,0.6075560754668224
1507,0.9559533888128102
1508,0.5559784092306632
1509,0.7503886818998365
1510,2.690870277271758
1511,7.095575278167144
1512,0.665972258298455
1513,3.491221764761174
1514,4.998328907805685
1515,2.719366413860448
1516,0.22691641062063506
1517,2.2114929337843905
1518,1.0961362044130158
1519,0.3760505139531682
1520,0.9621652676102278
1521,3.464110902693257
1522,0.422107610143998
1523,3.352909149170459
1524,0.7124116169054482
1525,2.0123595230507734
1526,0.08047218397478785
1527,1.1333666401067182
1528,1.061690693967825
1529,1.5712935840763134
1530,0.3908298797161691
1531,0.6594269196145854
1532,0.6274528095716936
1533,2.8978980832126675
1534,1.3734575068234147
1535,0.8113015183935387
1536,0.46900405857472105
1537,0.6253322112405666
1538,13.309450178558265
1539,18.73922368157332
1540,0.11385844110423053
1541,3.553571553788827
1542,0.27821441901990474
1543,2.1400888728456757
1544,0.8517931839215037
1545,1.6563015915554429
1546,0.6333905595309157
1547,0.3586211621660346
1548,0.021996673397396457
1549,1.649004800788805
1550,0.7839985068047904
1551,5.056273376095252
1552,0.23270278097186842
1553,4.515257261096115
1554,0.17243135457043415
1555,0.503911386208882
1556,0.3716923564552792
1557,0.17500972283448998
1558,0.8765977542777892
1559,0.21361219061219205
1560,0.9355965603023455
1561,9.107972604318183
1562,3.0641000235304006
1563,0.28443916957620813
1564,0.29366313436541064
1565,0.33246299703542653
1566,0.42394933872352697
1567,0.19031229680941564
1568,1.3155813865659396
1569,0.31006045913758673
1570,1.901006913660709
1571,0.17277462174794467
1572,2.4903831427815697
1573,0.8775026051640565
1574,1.1576953770780962
1575,0.14914604792479466
1576,0.3456023292993225
1577,0.4228409948027318
1578,1.0114845366995782
1579,1.3760033066990922
1580,0.29698120895082764
1581,0.35299061001540605
1582,0.5967054068781159
1583,0.3228567943559334
1584,2.686817260011282
1585,1.0691445952807834
1586,0.9930814116357782
1587,0.0941901974954891
1588,6.1165903815864215
1589,0.2034308756122189
1590,0.0497834670940655
1591,0.9473502297254457
1592,0.7044919632108461
1593,0.3330605676593511
1594,2.779811268592846
1595,0.37393066952400433
1596,0.9555395516037908
1597,0.6485167978779396
1598,2.465910636395195
1599,0.23640810090064093
1600,2.620214567590302
1601,1.6386853828710304
1602,0.4487988418168113
1603,0.9287333323609569
1604,0.4261615473339394
1605,0.16482548806048392
1606,2.2765723762086183
1607,0.47172631477513105
1608,0.6508894628932904
1609,0.43310431306082425
1610,1.4069168475533673
1611,3.5328133578063268
1612,0.5880945523038656
1613,0.3458731882849343
1614,0.07894744523007727
1615,1.8807632061578363
1616,1.3623472497252371
1617,2.9993326685458785
1618,15.530412878548734
1619,0.7214179003916497
1620,0.0950709568707173
1621,0.10807794857975045
1622,1.3614730874517922
1623,0.37769461348241756
1624,0.0903333029542871
1625,0.2865476284922646
1626,1.2213780465936697
1627,0.4578463907521023
1628,0.74589516862119
1629,0.07027650868367853
1630,0.7600080652926283
1631,3.23035553356469
1632,0.5498869644427017
1633,2.531118235834594
1634,1.2309778534079725
1635,0.3070005538469868
1636,0.5087194003470572
1637,1.4786633783314567
1638,0.7401196013269268
1639,0.2688270529294874
1640,0.7597873877939638
1641,2.0340240475071627
1642,1.4607990209507709
1643,1.849546721025671
1644,0.3393071727968299
1645,0.16899599234218
1646,0.7639966673856954
1647,0.08237567250172179
1648,0.4752744426827093
1649,2.3148607616555754
1650,1.3737420260021
1651,1.6404192202078443
1652,1.3009741537425656
1653,2.707493419286577
1654,2.4409870305880217
1655,0.2431339022855642
1656,0.9470907530118696
1657,0.5321390005113582
1658,3.2558470670282063
1659,0.5388723896128411
1660,2.0381950568850025
1661,1.4480679534317793
1662,1.4049655604394395
1663,0.9642260492999839
1664,0.12416871288523891
1665,0.17954411336988801
1666,1.6134154218971624
1667,0.45854398807415125
1668,1.2083278499668346
1669,3.131115354773084
1670,0.3318812693044226
1671,1.6747967185846286
1672,5.679438724202859
1673,0.620548397269027
1674,1.0596304605818747
1675,0.6740259426207639
1676,1.0820371329140508
1677,0.07347326644236471
1678,0.7461291057810556
1679,1.2256931880216237
1680,0.7319855086981575
1681,0.597602957079078
1682,0.265451274502151
1683,3.0020130690258195
1684,0.16258587923669787
1685,0.05623714070125441
1686,0.499230783563119
1687,0.19753842874344454
1688,0.5255306243858662
1689,3.376703994837147
1690,0.4812014910905132
1691,0.22602743824896487
1692,0.4058271537254315
1693,4.929402524782798
1694,3.449865093669502
1695,0.1877137439166399
1696,1.2311717714947592
1697,2.0235662069606914
1698,1.3873757155043622
1699,0.3931222150137439
1700,0.2926401613336548
1701,3.1201137853595227
1702,0.16797880086143618
1703,0.2604086083616064
1704,1.555530377211937
1705,0.20557906165484638
1706,0.8318496946068006
1707,2.0729425676723316
1708,0.15092899916137958
1709,0.6132223211085757
1710,0.6615608696280239
1711,2.1138515782860847
1712,1.853916030672039
1713,0.2605170236714886
1714,2.0904344432466493
1715,0.8738631083965279
1716,0.14461646843662368
1717,0.10052510196516826
1718,0.18364455052682915
1719,0.5558093450177516
1720,0.13036906934121983
1721,0.8003727884301796
1722,0.1520342210224903
1723,0.23322411102339335
1724,0.4305502869704396
1725,0.2642405273963818
1726,0.8467655522014312
1727,1.0877547365905376
1728,1.1432062658350453
1729,3.7905462315457203
1730,3.093007399881638
1731,3.161663206401437
1732,0.3034998611435286
1733,1.617094094750947
1734,1.4930343311003835
1735,0.2044387891542173
1736,1.0733173631282054
1737,0.4560226174468519
1738,3.458233038534003
1739,0.15344755252422357
1740,1.0453401178268715
1741,1.0775529408297952
1742,0.05455824602783272
1743,1.053968385212307
1744,2.2659533902346882
1745,2.096929151686024
1746,2.2489164049344046
1747,0.22234782606461517
1748,0.2863180340267027
1749,0.6081747702399763
1750,1.8861017595330143
1751,2.3403692334297492
1752,0.13491636197648574
1753,1.3864885838445862
1754,1.5401297968130372
1755,3.562546751469472
1756,1.4265592244834657
1757,0.29921042511406687
1758,1.0939978242033819
1759,0.16086387437343416
1760,0.18962985587891684
1761,3.0904674012777593
1762,3.2179569831173245
1763,0.6437941702932435
1764,0.6843113873625465
1765,2.7010884478623347
1766,2.3556074394908144
1767,0.8286200987742924
1768,0.6874586668500039
1769,0.6844540360942294
1770,0.4340733511460506
1771,0.7543325188600885
1772,7.5189072365709455
1773,1.9339357478977743
1774,0.8731860798317166
1775,0.9438325374264002
1776,3.2948181218134898
1777,0.5412565573064896
1778,0.5231451271350925
1779,0.3283001451551549
1780,0.20558220870670055
1781,0.16161045772625945
1782,1.0123572981723428
1783,2.400338945888447
1784,0.5020958121280428
1785,1.3626881344410413
1786,0.7245909469480163
1787,0.7739666951627429
1788,0.6359716917100584
1789,0.8431041528847367
1790,0.9506852637247675
1791,1.1136783914504647
1792,0.5554516506738093
1793,0.3700029822984937
1794,0.5977746686541214
1795,0.11623671208053137
1796,0.8548774766127297
1797,1.187198365571964
1798,1.960206143994399
1799,0.3606648315351908
1800,0.9738354514205816
1801,0.9442906477955594
1802,0.9048874585395238
1803,0.8720180702977217
1804,0.43404322435238224
1805,1.9160479470315794
1806,0.23525906283465123
1807,1.0934480593695033
1808,1.7878762084342326
1809,0.37335320518741366
1810,1.1852198753483894
1811,0.3838430055606428
1812,0.39628752364440917
1813,0.6560953290804596
1814,2.2498585288557638
1815,2.5023359004212606
1816,0.1968403673883366
1817,0.13021702345318795
1818,4.106522662803144
1819,0.7929303908003625
1820,0.33331231456405497
1821,0.34268034332188124
1822,1.5168223229790134
1823,1.3494985205165366
1824,0.6310537139310953
1825,0.48916371194591374
1826,0.24541190173498237
1827,2.107222673221429
1828,2.8639791886965313
1829,1.2320328516817585
1830,1.1196290570128424
1831,0.3258349939344553
1832,0.8058839250836589
1833,0.11127296661507496
1834,0.547198702343471
1835,1.174126461219886
1836,2.5789059917180484
1837,1.0544405834796906
1838,0.22523245932691824
1839,0.3217605637716123
1840,7.381472421426931
1841,6.916209749099251
1842,0.3301914535571877
1843,0.8291338511241246
1844,0.5559983457137496
1845,1.3456421760142303
1846,0.36402692133500886
1847,0.5109810457257098
1848,1.9118192473050224
1849,0.08816154976325632
1850,0.21398345824185674
1851,0.33967037601826133
1852,1.5821805464608742
1853,1.0084526127428128
1854,3.351008278329432
1855,0.5401027019989972
1856,1.0060616599503556
1857,0.13594290490539504
1858,0.1658716123576189
1859,0.6284320300597528
1860,0.09221468346920735
1861,1.3140706433253149
1862,1.7162521070028716
1863,0.3110973261619787
1864,1.414914034023698
1865,0.3627328150170134
1866,0.3123660310536441
1867,0.5263622921801772
1868,1.1385759547847578
1869,0.8880529616384514
1870,1.4275812618756203
1871,0.27307021015072
1872,0.09307108476315414
1873,2.003784905088229
1874,1.927507609039207
1875,0.21603088558562053
1876,2.1069334552683836
1877,0.08478616216162362
1878,0.2279702667790077
1879,1.914685549416678
1880,0.14765998419926168
1881,0.8349201697735052
1882,1.4703327293781547
1883,1.7174012555531462
1884,3.5448816024988616
1885,0.961733017382938
1886,0.6880189122065127
1887,0.9752632412751023
1888,1.959055603245704
1889,0.2862536764494466
1890,0.9552406042339043
1891,0.5607418464449061
1892,0.7777442641546004
1893,2.967125604526095
1894,0.6851763109476419
1895,0.629630706596423
1896,1.1444640171802833
1897,0.04970790342907832
1898,0.07890821936395628
1899,1.7244172049146242
1900,8.36496422413143
1901,0.5375792471348737
1902,5.23279077711486
1903,2.098472274721535
1904,0.4308625593901435
1905,0.9896253722643681
1906,0.4484395375214621
1907,7.594372448371732
1908,0.3795919631237865
1909,1.1643291572963665
1910,0.10856084403369451
1911,0.653498397107397
1912,0.8059193089293564
1913,2.1499755056435537
1914,3.2480124485904307
1915,0.1189859026552464
1916,0.7003720908282871
1917,0.37641190989138257
1918,0.7223358849364143
1919,1.7121716234160875
1920,1.5822933872690212
1921,0.7542930216821393
1922,0.5012552736020872
1923,1.4980205134637614
1924,4.693813906601279
1925,0.40809642606254176
1926,1.0287595231272562
1927,3.024153939819093
1928,1.1556347030711445
1929,0.32937257167592626
1930,0.049238778473499896
1931,1.8420328000328543
1932,1.9607058675841895
1933,1.2066213771222496
1934,0.11415350369812109
1935,0.23509615733162614
1936,0.9642480259355218
1937,0.6116434448684306
1938,1.1577403852321455
1939,0.44468440923648184
1940,0.7550709981673811
1941,0.9254590086522607
1942,3.070419042471731
1943,0.5145096941651449
1944,1.2444175616556088
1945,0.2962969310580871
1946,0.45291537071720817
1947,1.1469809344202644
1948,0.22156337030997625
1949,0.4343054467115371
1950,0.45011949874863805
1951,1.7408969830550944
1952,0.6821918473860004
1953,1.3897983314802733
1954,6.832623962269628
1955,1.477046860011562
1956,0.9792136153801693
1957,0.32526812314462333
1958,4.379065058504863
1959,1.1621278517606322
1960,2.6107249076718384
1961,1.7817347460191284
1962,0.6383916984964526
1963,0.5812413572208156
1964,0.6762192895604544
1965,0.6650570098564006
1966,0.6491378462514528
1967,2.423921109669533
1968,4.398243858562988
1969,0.8699227575846686
1970,0.6257716389571516
1971,0.3584496617056483
1972,0.25068983010137613
1973,0.129680333697388
1974,0.30256686710132374
1975,0.4842474274008197
1976,7.281662570811399
1977,0.8798460443572835
1978,0.9769742122063517
1979,4.241181390340946
1980,1.6347962752493197
1981,0.3157480557213905
1982,0.33665658623464645
1983,1.6298646269768353
1984,0.22486620914575828
1985,1.6965947284629388
1986,3.2526702941878374
1987,0.15530669219039547
1988,0.3423251200876556
1989,0.025455072274224035
1990,0.5486720761070754
1991,1.1925461614180413
1992,10.686624395604312
1993,0.6679556411235305
1994,0.7934063663011595
1995,0.14436007123269376
1996,0.8824825020612801
1997,0.11712707710039483
1998,0.35437378550932064
1999,0.2607171707148845
2000,8.40857258799061
2001,0.07447435675154786
2002,0.18022893793592423
2003,0.948657880985972
2004,1.4237685708796004
2005,0.1936323530517884
2006,3.216825519831943
2007,0.12999278844274187
2008,0.30230599848182793
2009,0.5721815401908618
2010,0.5599112904576081
2011,0.1295998479388215
2012,0.0996908408851307
2013,1.323430558068719
2014,0.3435604422618304
2015,0.7059024932528746
2016,0.9209441739242213
2017,2.1121616367111624
2018,3.2757983022335044
2019,0.12805352892494598
2020,0.6952266516765124
2021,0.5706017797752596
2022,1.7427142254108936
2023,0.029031906638146
2024,2.163915822444537
2025,4.024339665285441
2026,0.23066278003155574
2027,1.0685796881979284
2028,5.402578571480333
2029,0.8075705460018526
2030,0.1620518562966098
2031,0.6449560404261433
2032,0.1404309265075259
2033,0.521683426054605
2034,2.5940770542642886
2035,1.0499925970178894
2036,1.1227025984485888
2037,1.9843246916300905
2038,2.4238244430712714
2039,0.2935652366425761
2040,0.5977398440267816
2041,0.23937968681862187
2042,1.1450363444106189
2043,0.17609885943396125
2044,2.4879217354981464
2045,0.17187033300200263
2046,4.11833588032701
2047,2.479512409701742
2048,1.6907787836730352
2049,0.21317469912994252
2050,1.1501480790967247
2051,1.7969812158653713
2052,4.406111723385344
2053,0.5772787598600746
2054,0.12540320610183509
2055,1.0992372647494004
2056,0.09515924488027237
2057,3.938372005482023
2058,1.0300167607470088
2059,0.47616833066213893
2060,0.1020008691460284
2061,2.2642681639531537
2062,0.2538558055684755
2063,0.35427622765475064
2064,2.351254532154753
2065,1.687510173142054
2066,0.15644461359714326
2067,0.4660684025476149
2068,1.5277438913657488
2069,0.20434145350588964
2070,2.430620394954546
2071,1.9079941370641476
2072,0.17455217736165832
2073,2.776959234199488
2074,0.2897935919446346
2075,0.35080301099902983
2076,2.6747392824083427
2077,0.167295510596424
2078,1.3540085399095974
2079,2.16489731501169
2080,0.9804205339258142
2081,1.091063152229144
2082,1.5651702282386228
2083,2.3001393233609395
2084,2.7185299819942563
2085,0.0847219206500858
2086,0.9250891494611417
2087,0.6095595989315836
2088,3.0814844194635094
2089,0.7340321343581722
2090,6.128226379794469
2091,0.8169289186899837
2092,0.18826680555788056
2093,1.4839650876600714
2094,3.043291039070785
2095,2.430087301795208
2096,0.13479265842920252
2097,0.576388228151202
2098,0.6043602943754537
2099,1.0436046435473605
2100,1.424908825048203
2101,2.5948877365679692
2102,0.4504524286455068
2103,2.607720034331545
2104,0.14407829903577205
2105,0.7285415444620069
2106,0.5275977980549776
2107,2.157838837437951
2108,2.749563684338163
2109,0.20895627909751324
2110,1.162332214344311
2111,0.9798233121281108
2112,0.2699734022430561
2113,0.07327519209381415
2114,8.085591757044671
2115,0.4694714869228582
2116,1.5209575215373567
2117,3.895990135700262
2118,2.5883950488631258
2119,0.5147622881282521
2120,0.6435908148352618
2121,2.792117463865447
2122,0.8694797158641974
2123,2.493928794662464
2124,0.7281926452159531
2125,0.5596945751960087
2126,4.872233724957742
2127,3.746672324660098
2128,0.7422296756748367
2129,0.3371655820727094
2130,1.379497400587557
2131,3.511605106541255
2132,0.3567202487859471
2133,2.3501635210859315
2134,0.9627313425561059
2135,0.3386261974367631
2136,3.3552914116464723
2137,0.1455072893852659
2138,0.7276151132366601
2139,0.4529443341448849
2140,0.581434791082688
2141,5.730080682517481
2142,1.4926644818994617
2143,0.5868342180960567
2144,2.1175728823210362
2145,0.5935735435962959
2146,2.1231445322327236
2147,0.3584078830549184
2148,0.3226183073673054
2149,0.05495883701052996
2150,12.950654346405594
2151,2.2788448716697762
2152,0.9461687157648396
2153,0.6156108135390272
2154,0.8940637316856229
2155,0.6106366310211111
2156,0.5225616584458329
2157,0.8422181240112384
2158,1.7866053641123072
2159,1.2843123884040246
2160,0.39605388370442834
2161,0.41892692939542364
2162,1.3630963392560682
2163,3.861260368534323
2164,0.8845982881595111
2165,3.746396475238601
2166,0.2644407811064251
2167,2.0403955758553045
2168,0.39953572636329304
2169,1.9774423661403588
2170,0.15882933670196542
2171,0.819361530531969
2172,2.0629782980254006
2173,0.35757127558255736
2174,0.36528247747249215
2175,0.9564667105292689
2176,2.49018049397227
2177,2.3455175616323576
2178,0.5726474341675356
2179,2.3850760943479896
2180,7.223232136821161
2181,0.9377631602702367
2182,0.21206695417180252
2183,0.11829870625089775
2184,1.0128704100223613
2185,0.3441355726764905
2186,3.704848329087967
2187,0.04011969609186742
2188,0.2598631112833504
2189,0.12046109191678285
2190,0.09101122182511392
2191,0.4879084654361421
2192,2.7247607378762515
2193,0.890889737040546
2194,1.473821883015085
2195,2.465091209629452
2196,0.7071142581485946
2197,0.42125371743606677
2198,0.09137496882502129
2199,0.31672010397045464
2200,2.119603969135996
2201,0.35521671467025473
2202,1.8546943067851456
2203,0.16548938701747296
2204,0.04511803275848837
2205,0.2561558138472808
2206,0.882712335141481
2207,1.1205631150950013
2208,0.1721898505003193
2209,2.0091671651051186
2210,0.5980009369109949
2211,0.28191673867378125
2212,0.059310061400690534
2213,1.1487647842848505
2214,0.05468688041559254
2215,1.8419916314962574
2216,1.5389322036029376
2217,3.022198854198488
2218,0.16046209745756165
2219,0.4809685635216116
2220,2.0144009862961436
2221,0.3552390653307215
2222,0.21855720083157293
2223,0.22865619055296546
2224,1.7487643945724614
2225,2.0000507189335974
2226,0.09769976783429737
2227,1.501931904998677
2228,0.34351835197158603
2229,0.45901416569921016
2230,6.641888878960703
2231,0.35875563330382554
2232,0.0881506578989528
2233,0.1948512346038244
2234,0.6262824630544856
2235,1.0024722337010095
2236,1.9575886774242615
2237,0.6164429285158608
2238,0.35922882913471565
2239,0.32696795584660343
2240,1.9266863478404237
2241,0.8329060683967987
2242,1.8086605047354802
2243,0.8462664965900704
2244,0.5572276598278654
2245,0.26435948460609404
2246,0.12171590850630777
2247,0.12539245069552776
2248,3.528914033257415
2249,0.4706085601647551
2250,0.7021935504179073
2251,0.9328214952851231
2252,3.4155404140664563
2253,4.102818815462297
2254,0.19546541083190344
2255,0.23667583122888364
2256,0.2393330692575646
2257,5.810848784930889
2258,1.221041849327269
2259,0.43086272954184895
2260,0.33669307569756546
2261,4.131949236300031
2262,0.8184167664922049
2263,1.005615964966318
2264,2.553579051980258
2265,0.3099214256999977
2266,4.476093897531577
2267,1.268362421526552
2268,0.4798561226069693
2269,0.4347225099901465
2270,1.1506704677904949
2271,0.6979593777338121
2272,0.5508291742055527
2273,0.09625655222584271
2274,0.16691964799471387
2275,0.9359129917303883
2276,1.2619618929300507
2277,0.6074242091115429
2278,0.5236305955383525
2279,1.3419525878067886
2280,0.4555783969064312
2281,0.4290735931159298
2282,2.1977838466850828
2283,8.567984138537836
2284,1.0362198803454201
2285,1.7046132764984563
2286,0.26907103657019843
2287,2.0858534063626757
2288,2.6873354065559623
2289,1.5145614362821367
2290,0.2825555053003497
2291,1.4714207741523806
2292,0.8408486131604748
2293,0.48850911286875887
2294,3.9675710373896362
2295,0.035392341439570055
2296,1.4692079245749874
2297,2.1318592357605084
2298,1.3173870921121236
2299,1.185085717764535
2300,2.8550708719202937
2301,0.6395441842187154
2302,1.3835953061743052
2303,7.019282842656758
2304,0.4197803408491587
2305,0.02030642423070813
2306,0.1094128657605833
2307,0.6053263092838309
2308,0.24375739343667707
2309,0.7529000747950186
2310,0.9082365116490984
2311,0.856451480703076
2312,0.18991059318685272
2313,6.577460404329839
2314,0.8181637860899328
2315,0.21262362932611018
2316,0.7795859462270956
2317,0.18519644238476965
2318,0.4809446918807173
2319,1.9552818790399762
2320,0.06787300828632345
2321,0.1065892472626421
2322,0.46115566474782155
2323,1.7123103395196941
2324,0.4383068973655891
2325,0.277128400018589
2326,0.25555246853887525
2327,0.09256426704749385
2328,0.06060231198731623
2329,1.7919280820738284
2330,0.1615647836952313
2331,0.5644866924122947
2332,2.067718954527433
2333,0.6780194197641832
2334,0.717637188776175
2335,2.0561270410317816
2336,0.49964425647418464
2337,4.738397136623238
2338,0.40736548925704624
2339,0.1649930578961974
2340,2.832765487966657
2341,1.156919689654635
2342,0.10274940369809873
2343,1.9726330628869615
2344,0.2646063185411941
2345,1.2240716781214513
2346,1.7321634089130418
2347,0.5935002442621582
2348,2.0093692250449755
2349,0.12124243223342404
2350,2.2642427441436928
2351,3.680659875061129
2352,0.38600606029379575
2353,0.3798293898713411
2354,2.0162039168004435
2355,1.003080019756719
2356,0.694225677250172
2357,2.626741303346765
2358,11.907506598782792
2359,1.1689460404634993
2360,0.5689829665126216
2361,1.2719988309002166
2362,0.8061138405774448
2363,0.4638875414913639
2364,0.09533029320624455
2365,0.1407631053036782
2366,0.1530529892443236
2367,1.541538159566217
2368,1.869543278279047
2369,5.378591133623433
2370,1.2951498667377148
2371,0.14877061584310733
2372,0.3004350773935838
2373,0.15743099744701972
2374,0.6283298155669459
2375,2.618974544434861
2376,1.6662437648027297
2377,0.16760610290401953
2378,0.10123732764149765
2379,2.1713254418938566
2380,2.428890564246095
2381,3.8710776991977944
2382,1.3344390192917668
2383,0.5731626662268762
2384,0.5642166503762394
2385,1.868565087557357
2386,0.6663077969795215
2387,0.779442583422682
2388,0.35039553078505503
2389,2.1104163161727714
2390,0.0667230630238755
2391,0.877757469958538
2392,0.6661522236294141
2393,0.10470249743778608
2394,0.506422444697848
2395,1.7681367246048314
2396,0.28435165825246134
2397,0.31606174190127323
2398,0.19490444770979065
2399,2.14033708251412
2400,0.07956764791061449
2401,0.7353306331791201
2402,1.4655292924372767
2403,2.406999115526933
2404,1.8744739734047624
2405,0.3624857116895166
2406,0.3953778368516979
2407,2.513911303556201
2408,0.0822403024197402
2409,1.017114833575969
2410,1.1415899926972113
2411,1.5187677554495138
2412,0.9537488870904296
2413,0.1570382453740451
2414,0.45848867633110374
2415,5.112241754052346
2416,0.7423057418271526
2417,1.2672796035945357
2418,0.9355051166176915
2419,1.1487935492104608
2420,1.599383597794636
2421,0.19780039677165326
2422,0.3930005955473998
2423,0.31340570802673956
2424,0.6504797152093725
2425,1.6860711954923342
2426,1.7476430501274944
2427,4.903902870286469
2428,0.7409349636345497
2429,1.85468748656103
2430,0.06902425433913822
2431,2.9226746424330905
2432,2.8072043846095305
2433,1.0142305199997201
2434,0.5964555243184777
2435,1.3673440470075708
2436,1.3446841146055795
2437,0.4259338068963086
2438,0.9971378699630918
2439,1.209505462909279
2440,1.2529017391930504
2441,5.080077303703332
2442,5.029382553138091
2443,2.5038677026966596
2444,0.12783981437510422
2445,4.5797495087370095
2446,2.4384945145520884
2447,1.0237897638258537
2448,0.5926210318757957
2449,1.351327340187547
2450,0.7786078763903377
2451,1.0616725160119116
2452,0.5675220636496847
2453,1.2023714979629139
2454,1.4807112370422046
2455,0.7880190745244909
2456,1.9899743179196454
2457,0.5001252299677608
2458,3.588070903618838
2459,0.6249287965303507
2460,3.1586428736043355
2461,1.1453780336387775
2462,3.5588377599568095
2463,0.5348093568807635
2464,0.9113102231388883
2465,1.6494719966373261
2466,0.8746178333765658
2467,1.0888198223676073
2468,1.104605211761233
2469,2.2990032424388427
2470,0.5724796300180856
2471,1.081317738331542
2472,0.8765585289503133
2473,1.693224430222946
2474,1.6883281602429998
2475,0.3439404107698337
2476,1.5216893716616875
2477,1.3494348056512502
2478,1.1521973246054094
2479,0.20281172923491878
2480,0.6331392437025941
2481,5.510224696869913
2482,2.471208306280771
2483,1.218166190047798
2484,0.04536377327796143
2485,0.9497476956949258
2486,0.8177181829992851
2487,2.067129271296867
2488,0.47069134636186855
2489,0.4767058167545695
2490,2.022766317153497
2491,0.13687566963247919
2492,6.926029916501949
2493,0.411363484869174
2494,0.3717308842211072
2495,0.3786078306776721
2496,63.32533970648459
2497,1.0996355582025217
2498,0.11362212009017864
2499,0.44845795023910007
2500,4.944376514215466
2501,2.5294960568121976
2502,0.6621936844422617
2503,0.9932938705547261
2504,0.6514870844622899
2505,0.6565066294654069
2506,0.1649434568103579
2507,0.1136787984199876
2508,0.42873291473247005
2509,1.2250442000971244
2510,0.061347454600969284
2511,0.4039177287689815
2512,1.3627736219708146
2513,1.8598932622322542
2514,0.32988738025968717
2515,1.2927181483808663
2516,0.5842834192114578
2517,0.2878084762300228
2518,0.9527459860789351
2519,0.7541086370876087
2520,0.54098855446388
2521,1.3015468264080898
2522,1.9395316781518832
2523,6.641376931783207
2524,1.2091671071907715
2525,0.8439596641006981
2526,1.1262583595572047
2527,0.1532724337587076
2528,0.8551078609688021
2529,0.06135802927369423
2530,4.403660348535736
2531,0.8984413217291475
2532,1.2783462215121055
2533,0.820404629099761
2534,2.4530109496700105
2535,2.1968459987093505
2536,0.15158131178383022
2537,1.9020674186175976
2538,7.663180306309665
2539,0.01022513412835146
2540,1.437199928547198
2541,1.3891488571129778
2542,1.5711335560113322
2543,0.1678097752066461
2544,0.3221744043783639
2545,1.6099601656323923
2546,0.6066956224788386
2547,0.202701715460141
2548,3.203589180640708
2549,0.6197617943831529
2550,2.693569569045834
2551,0.678880709109323
2552,0.9224475029295175
2553,0.32753730012201193
2554,0.35718031524739846
2555,5.35599521950534
2556,4.447917872440487
2557,0.7080117401927015
2558,0.5579848315803317
2559,0.5828698428221712
2560,0.6480841849208674
2561,1.8416212434106398
2562,0.18146258550327884
2563,0.23853148798243398
2564,0.1170273942134684
2565,0.9590512938710136
2566,1.2630285852747538
2567,1.8662534632437804
2568,1.2721748936071975
2569,1.1467021349074629
2570,0.796546191045253
2571,4.462813433760222
2572,1.2509856143897287
2573,0.5394185574258458
2574,0.9550515246414866
2575,0.29024721035166584
2576,0.2142284469269494
2577,0.11296391546582649
2578,1.517059071032922
2579,0.27371148617866353
2580,1.0918804105229267
2581,0.13480940834548452
2582,1.1909434360703484
2583,1.3074374221636322
2584,2.156734088596065
2585,1.6633405511431896
2586,7.5387611013928115
2587,0.7608768639774038
2588,2.100325634921535
2589,0.04256625732507585
2590,0.21511025613478751
2591,0.5897720097591381
2592,3.8945121487124874
2593,0.3788394804876799
2594,3.7179916924684058
2595,8.254811929714489
2596,2.1566555406409584
2597,1.9295768125192052
2598,1.774344225887797
2599,0.7925130113339371
2600,1.0599494077104743
2601,0.36597804490075103
2602,0.23248964174192582
2603,1.0770968554338616
2604,0.7621985718420567
2605,0.91561760828005
2606,0.8226126407619272
2607,0.9521193088458408
2608,3.2543287047729033
2609,1.6911344028235757
2610,0.08452756244492783
2611,1.6850580376887951
2612,0.5653346864711707
2613,1.1835743766236235
2614,0.730911435435663
2615,1.137249433615157
2616,1.3027602691897524
2617,1.5031956183587514
2618,2.4690301057077697
2619,0.21810765150787265
2620,2.968257421633699
2621,1.3098273289651863
2622,0.1335032162790872
2623,0.5455497368735203
2624,0.2798675821000278
2625,0.45422928389010353
2626,0.6044376207317214
2627,2.107037225652168
2628,0.6610832615451873
2629,0.03532755688271756
2630,1.8696148420846699
2631,2.467052709604611
2632,0.18433895603074504
2633,9.379452853398954
2634,3.336807993303808
2635,1.3833221299908482
2636,2.4066760469428963
2637,0.8423817032489765
2638,0.16286998474388326
2639,0.36178782647272045
2640,0.5097933748165613
2641,1.1426473691239674
2642,1.4853350445084474
2643,0.8994773599445485
2644,5.548012690259149
2645,1.9371485329335532
2646,0.7822392038368968
2647,1.1739874768887486
2648,6.03936249479249
2649,2.457541977471482
2650,2.42942345508593
2651,0.2533276632692853
2652,0.5167849529070682
2653,0.2673079782355708
2654,0.17453249702505516
2655,0.23710286346797743
2656,2.3896652167949832
2657,0.926419880156863
2658,0.9990060480869101
2659,7.424136230775918
2660,1.6160984207899545
2661,0.7234751067986712
2662,0.0967571774183633
2663,6.020238557319292
2664,0.6572127301305807
2665,17.30273094157512
2666,0.7686705459947346
2667,0.6933397344265537
2668,0.1503954807761738
2669,1.923396553266131
2670,0.7299868313977005
2671,0.3660515049632612
2672,1.2273268287242687
2673,0.6762532819218442
2674,2.3013582129514845
2675,0.7321532911987121
2676,0.5784548598450299
2677,0.1505117195032597
2678,1.493156382249974
2679,2.1156639834301765
2680,1.3818416860418206
2681,1.4069905869103807
2682,0.055109733037379684
2683,0.23860082175711467
2684,0.815658757343596
2685,3.0012439963134896
2686,0.0787631952227746
2687,0.6705812275788263
2688,3.818430964179843
2689,0.6711016211614056
2690,0.31687132081124086
2691,0.27040451823373474
2692,7.998102641840278
2693,2.696840264262634
2694,0.7935910744322399
2695,3.0215699238913345
2696,0.40976885970441734
2697,1.7807487852554622
2698,0.23928523539989105
2699,0.5981099469731139
2700,1.1577722743315186
2701,0.2309702319464784
2702,1.4778891776095355
2703,1.8466319812434882
2704,1.2282418861675
2705,6.9146491970700605
2706,2.3334069380563958
2707,0.2379075558174989
2708,0.8884483063962632
2709,0.5012470059589536
2710,2.20437466262394
2711,0.3025870204413107
2712,0.7941437971465388
2713,0.25153576963495766
2714,0.15158894713007998
2715,0.46219391202548116
2716,0.45980595027681903
2717,0.8345071764739469
2718,0.07068866860234695
2719,1.2231847174140693
2720,0.7053100079578614
2721,0.6694291601755444
2722,0.8759978072916237
2723,3.542623238932927
2724,0.14733353805652463
2725,0.8650596819890495
2726,0.10155037176985417
2727,0.08412426831978737
2728,2.5746531518161087
2729,1.0680076390426738
2730,0.17264626686114434
2731,0.13037208798474673
2732,0.899520381103836
2733,0.6846839332505675
2734,0.12948722562802767
2735,1.7633379532368996
2736,2.6649699354077
2737,3.092186746070995
2738,1.0654921223286682
2739,0.761384237444616
2740,1.9589313378580626
2741,0.47838301177415854
2742,0.7052455013094073
2743,0.35186382575178426
2744,0.9775220490527092
2745,0.4886447535853125
2746,0.9250541653862264
2747,3.7255035157852667
2748,1.1425496031823403
2749,0.28917740783610457
2750,1.1375304240356514
2751,0.6338230960652844
2752,0.5772656361994465
2753,4.926068763582593
2754,0.045801923387853515
2755,0.5232812592751568
2756,0.3727660610681455
2757,0.7185230692135086
2758,0.8908482282236243
2759,0.7154377185395825
2760,1.2424726646671147
2761,1.9904099124816013
2762,0.34117048822716567
2763,0.2070012469168652
2764,0.3711277514558493
2765,1.992050027173192
2766,0.09396600086279687
2767,5.3240860731218955
2768,0.23100020045432304
2769,5.932721718755459
2770,0.9543080226528631
2771,0.7623679106905286
2772,0.9583635368055166
2773,0.07858712166695699
2774,0.2769776103224454
2775,1.5375661682171846
2776,1.32140652014754
2777,0.4724823473642577
2778,0.15682519091688732
2779,0.15235576489682787
2780,0.4042305077615284
2781,0.6642943618035867
2782,0.1318798457571106
2783,0.19786278239164123
2784,1.2447323723620998
2785,2.4931264140242093
2786,0.13925900032779334
2787,0.5384337059181226
2788,1.603824167884315
2789,1.0064855518976337
2790,0.4883569078878247
2791,1.6279363736054817
2792,0.1273967859235567
2793,0.8786883980503662
2794,0.702128251166866
2795,0.31939274159543096
2796,0.623262576246121
2797,0.05363893469859424
2798,0.3530097566144623
2799,2.5925377915194106
2800,0.9590497895792851
2801,0.7696698009226776
2802,2.009866774152642
2803,0.6371619137392981
2804,2.7269527815234675
2805,0.3483713453222189
2806,1.1486191269997628
2807,0.524528734151605
2808,0.47431615371200186
2809,0.5356435369557145
2810,1.0503820629306508
2811,0.17620022423396717
2812,1.528661712038057
2813,0.1407090171929372
2814,0.24980901661547295
2815,0.9451870889042934
2816,1.1607869367069379
2817,0.9294905951743221
2818,2.3360583677719435
2819,2.362309465964337
2820,0.12161085689881526
2821,1.5986343604335238
2822,0.19665759205416533
2823,0.5033576852859177
2824,4.101444307616968
2825,3.785587929618992
2826,4.225405560244523
2827,0.1702122471828502
2828,0.25659753957728165
2829,2.3720613527518295
2830,0.41903995602430316
2831,1.298755423210298
2832,0.5819028472840123
2833,1.4940580353074684
2834,0.06459888281417869
2835,3.9101443503715765
2836,0.3791167350995914
2837,1.2933261643319476
2838,0.6619821982602281
2839,0.2583581188680392
2840,1.0518649763477184
2841,2.2471719038813047
2842,1.8210223514826782
2843,0.0978461887482319
2844,0.9210600279504553
2845,0.7920440830996011
2846,0.0851328594492777
2847,0.19833215522789824
2848,1.9496172005330221
2849,1.051410812490565
2850,0.6512272143007198
2851,1.9153648690926999
2852,0.2835010848492953
2853,1.1280141288859205
2854,1.034592587109101
2855,1.2481496603245374
2856,0.7297868235153806
2857,0.4993190417256318
2858,0.27251291845811826
2859,1.6809843014694246
2860,3.5258298788786875
2861,0.4040057600603103
2862,0.0541807403308541
2863,2.5284078365849565
2864,0.380061033993909
2865,0.6622399730319778
2866,0.6920542131301116
2867,0.8648869904932615
2868,0.10822662358504602
2869,0.7228902726670873
2870,3.6317203581824224
2871,1.19575191471493
2872,0.5137475522568158
2873,1.7450211356950762
2874,2.084642867800797
2875,0.40796111493783177
2876,0.13029635416222088
2877,0.41303596572470647
2878,3.229485145062796
2879,0.11057093822020697
2880,0.6149136140489032
2881,0.2150538606707968
2882,0.25564995328373147
2883,0.3733064531544745
2884,0.8280834499476253
2885,0.5753957283759845
2886,2.89422882381943
2887,0.5668949117943579
2888,0.6134175331657536
2889,2.421934445545559
2890,1.409947751086942
2891,0.7974822541722657
2892,0.17857229723374732
2893,6.601684962857861
2894,0.45689830448641433
2895,0.24419745296213835
2896,1.711016391955985
2897,0.205081530756345
2898,1.4859889641183854
2899,1.484713291896997
2900,1.6049716989691563
2901,0.9750192924983684
2902,0.441190577127458
2903,0.4299606166727588
2904,5.671934173055247
2905,1.1566672485770826
2906,2.5143924143185417
2907,1.4891196270960292
2908,0.05788575456286252
2909,2.397593698438932
2910,0.223185278230909
2911,7.304705049753078
2912,0.6193848022377657
2913,0.12171193792747577
2914,1.582629538929123
2915,1.9287349032820411
2916,0.30393043180603296
2917,1.3615172804477775
2918,0.1618600389770143
2919,0.07651886232677939
2920,1.5636116889059317
2921,0.4352896848894371
2922,1.0628134677187915
2923,0.827488299040991
2924,0.7492296759231925
2925,1.1025213724311078
2926,1.492454368692773
2927,1.5771372884865145
2928,1.062516292746868
2929,0.400540627642865
2930,0.800639557360262
2931,0.6642474181906692
2932,1.2842107552159092
2933,0.5727640443690775
2934,1.5532534207288007
2935,0.2956225545313988
2936,2.038758150256392
2937,0.900368978115913
2938,0.3338905956424126
2939,1.1699037805620873
2940,2.6517200213803322
2941,0.805845028730462
2942,0.45208063438259455
2943,0.07542627596369723
2944,8.915814768398787
2945,0.7288655993095701
2946,0.7304373694141408
2947,1.6859924887572288
2948,1.0239577890797247
2949,3.140900501959322
2950,2.211926124748162
2951,8.097999997683589
2952,0.7221296453864946
2953,0.9264490034022199
2954,1.734755406857491
2955,0.10000081811068014
2956,5.153238015927024
2957,0.4027635956738923
2958,0.19887213162548664
2959,3.038534109532112
2960,0.020039816199515694
2961,0.19103562812186634
2962,1.4047139551639798
2963,6.832043144600948
2964,6.072607561233003
2965,0.40719460154348835
2966,1.2544754155271844
2967,0.31915052825495865
2968,0.13634941294180603
2969,0.8746633198322176
2970,0.3328078234133991
2971,0.8277906819780508
2972,0.4041922072556274
2973,0.4702032509990561
2974,1.6938534151548028
2975,0.6989961164355237
2976,0.2607713463272619
2977,0.3808719693973485
2978,3.910944880416884
2979,0.5347438229349148
2980,0.24688119273095993
2981,1.661529191354218
2982,1.7408677179206788
2983,0.9822715084189336
2984,1.0679866771697597
2985,0.4809588377382613
2986,0.23141170923582458
2987,0.7809127196935404
2988,0.41606686741316745
2989,0.9873796670185753
2990,2.6331657666206962
2991,0.9705860140913741
2992,0.7505248060404254
2993,0.6509454892811947
2994,1.3297807128160435
2995,5.819469857132625
2996,1.7443702171421362
2997,1.9555541705339834
2998,2.1937290126988094
2999,1.1427858096840007
3000,0.3729779416579097
3001,2.2424810430207947
3002,1.1918742275189795
3003,0.35133115648225777
3004,2.6125434971457877
3005,0.9373459357634315
3006,0.6133244107328059
3007,0.747831859468387
3008,0.1145191146821928
3009,0.38627229575439775
3010,0.9425805908461168
3011,1.7455765511900476
3012,0.37077068561617055
3013,0.7247069598026001
3014,0.729990149402782
3015,0.39341756603942624
3016,2.4490859994530503
3017,1.1971478294254485
3018,0.19883373944001084
3019,0.31037305274516885
3020,0.8287985961253137
3021,0.6924060309494262
3022,0.7385465252961769
3023,0.1743526128599783
3024,0.1870443789688522
3025,1.8378161313736079
3026,0.7101787241277137
3027,2.548213686870265
3028,0.9351053460332722
3029,0.4660235163684554
3030,1.8292794453472114
3031,6.245950408148161
3032,1.5620811590789212
3033,0.8757824615580198
3034,1.0746653204847234
3035,0.7102358399215474
3036,0.3131314642725033
3037,0.08513798547844477
3038,0.36937041247856767
3039,5.22790624164863
3040,0.11585411377069964
3041,0.09570229967910429
3042,0.24312200489303493
3043,0.5681014502088682
3044,0.4261712096978958
3045,0.3103017335128854
3046,1.2643744824793566
3047,7.2756014232698725
3048,0.09934491817121659
3049,0.3942661264162753
3050,0.1376714512787059
3051,1.3055979779943025
3052,5.931827008924688
3053,1.4884663056515022
3054,1.0606617503991316
3055,0.4835235554286824
3056,1.1460241742437782
3057,1.3890671598045072
3058,0.9713627324408803
3059,2.2095006281971
3060,0.28838619039529656
3061,0.9060652319094187
3062,0.6491339470712884
3063,1.1938392997515432
3064,0.9747097607601409
3065,1.629493022939813
3066,1.5402711401532698
3067,0.048648418228318606
3068,0.11696872372883993
3069,0.8884420249579328
3070,0.24818008793601776
3071,0.600812946636474
3072,2.2483033973336926
3073,1.3451395570804672
3074,1.2734737145095167
3075,2.7407417751484084
3076,2.3325640507884717
3077,0.41110656907930215
3078,0.6365708974441708
3079,1.3418535982806112
3080,0.34759525948542863
3081,0.11248567176924573
3082,0.23773160502230284
3083,0.1681942971390245
3084,0.14472399105989564
3085,0.20101021637719696
3086,1.1035340446155781
3087,0.9106794546275983
3088,0.3812086407550608
3089,0.26554986702241334
3090,0.3533519301398309
3091,0.04535149749780522
3092,0.05642028374870716
3093,2.7604616973280116
3094,0.17922424498647394
3095,0.25456214604754973
3096,0.8505941214559521
3097,0.8008115469980771
3098,0.17689538218453144
3099,2.4564697022436435
3100,0.03784534407424033
3101,0.6561164116141589
3102,1.8197066634043935
3103,0.8665956634850907
3104,0.3350513905053214
3105,1.1070585775282236
3106,1.5124104508113012
3107,0.4368938096770907
3108,1.3164040061287183
3109,6.520703947690824
3110,0.057337543334829655
3111,1.8505127979551428
3112,1.6054544377625344
3113,0.07833328442643334
3114,0.9996342243391961
3115,1.1621391825904708
3116,0.13332601413199635
3117,2.2668651161700972
3118,0.6295189044290771
3119,1.1463004483262555
3120,1.3289176646702043
3121,0.3299081493615124
3122,0.5386504085763705
3123,0.2884461904286462
3124,2.1233524782989583
3125,0.3771630978591349
3126,2.224303007840069
3127,1.1395081334899868
3128,0.7480694993299967
3129,0.19595483091009
3130,0.12635629005439952
3131,0.597655151533747
3132,0.33911424821257274
3133,3.1446259090434983
3134,0.9465228689572268
3135,0.7900953332825082
3136,0.8764761840504244
3137,0.5021251010247927
3138,2.4105545727384126
3139,0.8309174741227848
3140,0.12414886806996976
3141,0.27209049798335877
3142,0.4839785196149887
3143,2.5487838246629146
3144,0.8124555803401212
3145,2.489016885953998
3146,0.1993557660297537
3147,0.458059631871396
3148,0.15242005033976436
3149,1.0143071185421377
3150,1.1487996798804994
3151,0.5631730212018394
3152,0.3966377790964091
3153,12.499942288656646
3154,0.045391474537100324
3155,1.5755214140302993
3156,0.14672921294439553
3157,0.9060911209220003
3158,0.25728331199322974
3159,0.30843058026341386
3160,6.054870935589283
3161,0.6549119625353603
3162,0.4600892913128642
3163,0.1634801139601346
3164,0.7237771351899133
3165,0.46968178615363315
3166,0.5707474473295013
3167,0.7673494770564095
3168,4.806412335926586
3169,0.9602955362825829
3170,0.11896412961512637
3171,2.998923379108068
3172,10.545933861168841
3173,1.0103159630902279
3174,3.8004287463561353
3175,0.9937580090931389
3176,2.687638504350909
3177,2.641501009679433
3178,1.435118415265818
3179,0.19046955252139766
3180,0.16043758727657376
3181,2.4073497562255612
3182,0.2399471792176762
3183,1.9033933205564195
3184,0.3272115624388365
3185,0.24124742427475124
3186,0.8579139675271447
3187,0.33170209703922904
3188,2.706502894685453
3189,0.6825191355986635
3190,0.2277986046319308
3191,10.737886710568455
3192,0.2012033788862903
3193,0.5326791202438451
3194,1.5826715195628038
3195,0.9114479437142918
3196,0.14700478508784592
3197,2.78243868488644
3198,0.6185791435351828
3199,1.800684524849078
3200,0.07625292625391229
3201,9.43418592685456
3202,4.915015365742528
3203,0.7332383060973502
3204,4.160430567123332
3205,0.6729180680612217
3206,1.2858574002536796
3207,1.1979559593586242
3208,1.4304297105528025
3209,0.3563533398272803
3210,0.4874180793985973
3211,0.6734237625106867
3212,1.632499481505909
3213,0.3192253100076532
3214,3.24912754550394
3215,1.268380248627432
3216,0.15407708992155614
3217,1.0583472991684837
3218,0.39054268027789385
3219,0.07411896360082397
3220,0.27056654133258723
3221,0.9368758742470362
3222,0.2906038567166162
3223,0.649093934117274
3224,0.15242060084878978
3225,1.324010829119565
3226,0.5134496117750079
3227,1.1141668731648515
3228,2.4483749909937322
3229,0.2910884136272075
3230,3.0407745008723523
3231,1.1651490039130354
3232,2.3110821680578884
3233,0.6233842237431937
3234,0.414525169372967
3235,1.1955507959433085
3236,4.267508110520296
3237,0.8447478444219403
3238,0.1675471540163919
3239,0.5436631937748533
3240,0.40702158255725535
3241,0.5646058569872426
3242,0.4604591160612391
3243,1.0134309221938367
3244,0.6975413715988513
3245,0.25463308866209416
3246,4.340285883455924
3247,5.933484578746792
3248,1.0266799149975268
3249,1.230618211786709
3250,2.950085608100572
3251,1.1410626500203338
3252,0.37012422260097966
3253,0.17915539316443593
3254,0.11570024266749919
3255,0.6146832165574121
3256,1.2299625003059818
3257,48.6221855178686
3258,5.911387424905092
3259,1.1990539706756442
3260,0.2734027229706724
3261,1.6296345550765399
3262,1.1135950458288064
3263,0.46740424694118576
3264,1.3054313434695983
3265,0.6469926999449542
3266,2.1954977484441605
3267,0.051969185232248284
3268,0.42218488739426635
3269,4.139674316883818
3270,1.3330401675127717
3271,0.6768470679243046
3272,1.2073406915176936
3273,0.1067948007396058
3274,1.6635673293985769
3275,0.4439593847026659
3276,1.2464079950825508
3277,1.9473066435619737
3278,0.041180802941525374
3279,1.5328099871021321
3280,0.18783873902906909
3281,1.0141023592914455
3282,1.9616352487266182
3283,4.155094193299198
3284,0.7879272021820032
3285,0.5620927266265644
3286,0.2822582026255584
3287,0.17535894795394252
3288,8.695424754411986
3289,5.500583788972168
3290,1.7301055135400547
3291,1.4603908544878232
3292,0.37383137572356395
3293,0.4840194603172437
3294,0.0678608905937241
3295,2.5044528426986217
3296,2.6652047494973994
3297,2.088226371369633
3298,0.34599688114813193
3299,0.8326732632861258
3300,0.10661308823177786
3301,1.588993882112481
3302,0.6395121007480015
3303,0.5284092020316162
3304,0.23329204343686205
3305,0.7339643056063744
3306,0.3111372857321492
3307,0.7563306771716928
3308,1.4882910439029455
3309,3.257754586314371
3310,0.6378899921061539
3311,2.2684686763882147
3312,8.866128540770934
3313,0.23629416939583758
3314,0.022318337392425402
3315,0.3098437503469119
3316,0.7794451195898005
3317,0.42567594907825673
3318,0.34815357015194204
3319,0.9786983763595831
3320,0.30228701319571294
3321,0.12854552251469012
3322,3.0952959553917654
3323,0.37812875196953305
3324,3.1147419852205114
3325,0.292310100273148
3326,5.250345538529801
3327,0.9735230176705768
3328,1.628794698798015
3329,1.4948899664453565
3330,0.605575287522536
3331,2.074388670580886
3332,1.0027450611151265
3333,1.3863481716513768
3334,1.7472091696125764
3335,1.7103532526353213
3336,1.4297859867696394
3337,0.22315885435334143
3338,1.0403207620567696
3339,1.7395213633270044
3340,1.066403092493211
3341,0.17336434371396556
3342,0.48665736898282264
3343,0.55456902024009
3344,1.123529646276241
3345,1.3334408521694903
3346,2.0749658791128085
3347,1.6127519571503754
3348,0.9360887405610105
3349,0.1398002156148473
3350,0.47672948500492895
3351,0.919617765357238
3352,3.246981337111148
3353,0.41440719920848035
3354,2.8081708669717864
3355,0.10896172627822165
3356,1.9154365358874545
3357,4.403332726819883
3358,0.20850301916517733
3359,0.843121139899159
3360,2.0226409927853872
3361,0.659407439600286
3362,4.365064264510541
3363,0.07649340586087208
3364,1.3887444294593159
3365,1.1913775993780389
3366,1.1209266112680365
3367,2.0709478845589446
3368,0.8890351192775492
3369,1.268142401733612
3370,0.6125067685224518
3371,23.458856223496984
3372,0.6196967049242247
3373,0.3725944454989814
3374,0.6580456286780927
3375,0.7347918519059238
3376,0.2171735338916554
3377,2.625695911410012
3378,0.13487553466125926
3379,1.6115443983786844
3380,1.1564330401854355
3381,0.09329387568962728
3382,0.769848259212629
3383,0.34929907848840963
3384,0.19419933009979726
3385,0.19611987176290835
3386,1.2719525885809313
3387,0.8650011791910922
3388,0.3642295185170489
3389,0.3747759934078182
3390,1.0998725978964343
3391,0.02713480461399006
3392,0.27603527418071894
3393,0.3916171392656713
3394,7.755343396625821
3395,2.9267678598421947
3396,1.8419182313116564
3397,2.119967664159821
3398,1.640018250189159
3399,1.0419366139904895
3400,0.21917892978063802
3401,2.545772413528108
3402,0.07596567344224464
3403,1.6369615442354126
3404,1.9203632667450055
3405,0.6867658769278703
3406,0.06034858826584427
3407,0.6518837186278105
3408,0.6974142111895562
3409,1.5865654189050942
3410,2.904018031299687
3411,4.404644312557176
3412,1.4016384363070011
3413,0.31484166795864055
3414,0.9833484247851112
3415,0.6555315613715393
3416,0.4101494008249642
3417,1.8007514687706359
3418,3.6247831470360254
3419,0.8962331163290771
3420,0.2776150019342962
3421,1.0207176479015623
3422,0.21936847972090842
3423,0.794196462977393
3424,0.643677868659207
3425,0.9594638108308376
3426,0.44752031631907874
3427,0.6900485971288612
3428,52.585430557940086
3429,0.32429272910302626
3430,0.4975299707525761
3431,14.114037569720818
3432,16.923105246384708
3433,2.207203675552879
3434,0.3524579379778074
3435,4.611443396839449
3436,0.40269347191963606
3437,0.04909055473138277
3438,0.7139741289308894
3439,0.19736378523735704
3440,0.34604101899093564
3441,0.9326436364748882
3442,1.174262572273898
3443,0.0639442189094008
3444,2.7785183553126354
3445,0.22008015416449467
3446,1.0671732517783958
3447,1.3897637015398012
3448,0.726743848395356
3449,0.3153128569285866
3450,0.06505252009236077
3451,1.6223815958575953
3452,0.9364798311950973
3453,1.5067011518071993
3454,1.1677840240692106
3455,1.0344868117866826
3456,0.20452115076834063
3457,8.524432571504812
3458,1.0337279300272804
3459,0.6175318300191281
3460,1.1650719808192176
3461,0.26143620533259865
3462,0.6661188245907015
3463,0.5965336200116215
3464,1.494592157766001
3465,0.5939456441240685
3466,0.0791413469024344
3467,0.9730233585144288
3468,1.3827968419585357
3469,0.7692958450099487
3470,2.8059720927922385
3471,0.20048360942506885
3472,4.195339289769022
3473,3.337269293131503
3474,0.405842966523624
3475,0.9954035934049622
3476,1.1002964808209106
3477,1.4969922682150487
3478,2.730805671926287
3479,0.6107706928443968
3480,0.2554794335873515
3481,0.08506076879440902
3482,2.2536351689852117
3483,0.2608203038967213
3484,0.32988784445675384
3485,0.8632053616683841
3486,1.0993603330458042
3487,0.1591581211979758
3488,0.4264149791301046
3489,0.23565440165140084
3490,1.4656117796656885
3491,0.2753938753604098
3492,13.487959583421077
3493,18.399289110991077
3494,21.886848157437463
3495,4.644876259283197
3496,0.5293602027614775
3497,1.8444374673199322
3498,0.9117772803982624
3499,1.073774419962356
3500,1.7970875987105255
3501,1.0059409326908082
3502,0.4341917146828352
3503,1.0347831247236243
3504,0.816624920829441
3505,0.43216003037003625
3506,9.387033651964085
3507,9.232081164832351
3508,0.41485020774934295
3509,0.8679271765662684
3510,0.7287260437580877
3511,1.8448740422080423
3512,0.24359826746654098
3513,0.3033781733277461
3514,2.6880516958708127
3515,1.1222035004231157
3516,0.07406810735498921
3517,0.3755994178053616
3518,1.4683544622497626
3519,0.12726440392034777
3520,0.06805501252636884
3521,4.374433826438706
3522,0.18613573978307207
3523,0.15263589666755067
3524,4.362387539032273
3525,1.0268094314813072
3526,0.09841832713593267
3527,0.263308342695931
3528,2.34498008435502
3529,1.6530478157666306
3530,0.17315116699798805
3531,0.5192365777877613
3532,0.14960492441176138
3533,0.744134790289895
3534,10.130752486234845
3535,1.1592540593962521
3536,0.9505436658442827
3537,1.0932209712995022
3538,0.13281693079760895
3539,0.256744308584244
3540,0.30292317771692634
3541,1.1713136165670113
3542,1.1388522111120083
3543,3.9729548720371692
3544,1.2872874018815905
3545,1.257886834411533
3546,3.1650843260723622
3547,4.120063384355537
3548,0.15062890353788178
3549,0.8629646487007603
3550,0.20809023212520442
3551,2.2447952218197154
3552,0.216035985395522
3553,0.46434419838568447
3554,2.190749496822948
3555,0.5672951736550506
3556,1.1271701511450225
3557,2.564091169002546
3558,0.3513559832573735
3559,1.8848948678160835
3560,2.519819612900137
3561,1.850985367685418
3562,0.33629428878534584
3563,2.979180024761388
3564,0.638328358909738
3565,0.4190343755779633
3566,0.43384820471499147
3567,2.1015254260171146
3568,0.7047993215064441
3569,0.4315023888763396
3570,2.469952904481678
3571,3.0129760277833357
3572,2.3076742066006015
3573,3.164672690678861
3574,0.4729904574577163
3575,3.755862461750687
3576,3.4629797789571555
3577,1.7819121045865545
3578,0.6141870774711367
3579,2.1768159577734627
3580,3.2503802317156474
3581,0.5268528197619797
3582,2.1361119765064234
3583,0.7195613721547601
3584,0.9292380397351826
3585,0.6030949505645178
3586,1.079959964976012
3587,2.139103597524222
3588,0.10395339235780021
3589,4.914754285717988
3590,0.28700457832868215
3591,0.6451290250843648
3592,0.2992829787693561
3593,1.7083462114216617
3594,9.370568512569747
3595,1.3869836082084965
3596,0.6122560767552958
3597,2.4067042977946502
3598,2.168488188040174
3599,0.6212842843085334
3600,0.19018362951854653
3601,0.6632130291599885
3602,0.7132109715322883
3603,0.8587020007099153
3604,0.3055200632948915
3605,0.7696090331411225
3606,0.2330301988343352
3607,0.34083609997248276
3608,0.31691519304062016
3609,0.9368362202797512
3610,0.3046797118369731
3611,3.2206470218702763
3612,1.3806289926193889
3613,0.9740359032921658
3614,0.8119205086023631
3615,0.44278859638584933
3616,0.22670083267121746
3617,0.27243904965351207
3618,0.5225907775782657
3619,2.511706452349111
3620,2.5207304606527488
3621,0.18699955986248
3622,0.9092166107239041
3623,3.4201400815524066
3624,0.8914066122906911
3625,2.9332831429467783
3626,0.8308378433933373
3627,2.1058934782601826
3628,0.5791599086655793
3629,1.0219397779650325
3630,0.7058301978782888
3631,0.3683098819708802
3632,1.5259715572818173
3633,1.324044643390695
3634,1.3991072769507105
3635,0.8943884589467856
3636,1.080673072527652
3637,1.040720477899353
3638,0.8675911936323899
3639,2.0807911836781052
3640,0.5980568434424169
3641,0.9200187192514581
3642,0.12610966833262846
3643,0.5532695377303598
3644,0.13976095063477945
3645,2.3880707934187746
3646,1.4825618884682048
3647,1.5736315120879103
3648,1.8497282230282803
3649,0.7652222601455475
3650,0.744851809281843
3651,0.5348238956143704
3652,1.9089699196174632
3653,3.752390931411848
3654,0.06475798723253678
3655,1.7071541008778857
3656,1.270380473060071
3657,1.2288099513381525
3658,5.031724234493885
3659,0.03913532238078593
3660,4.636547988073801
3661,0.3476434799790125
3662,1.2630072503824736
3663,0.3970999749529372
3664,0.9468589234165314
3665,1.1207812488281699
3666,0.7089632330198131
3667,0.944436050341233
3668,0.32443412536446176
3669,1.0017570649501848
3670,1.4576373702593282
3671,3.6657328385024677
3672,1.4661854176499032
3673,0.5060801255869344
3674,0.12860666997254036
3675,1.6401684387636808
3676,0.46341588222516045
3677,1.0684960509065566
3678,0.6350859903812244
3679,0.4601029637408531
3680,0.4992400947991857
3681,0.8045847977596181
3682,0.7596898040648346
3683,1.1735846910022636
3684,1.8686762802072585
3685,0.47633790841944124
3686,0.4207689622434998
3687,0.1250869173024226
3688,0.09429127383145872
3689,0.9110586189160744
3690,0.5423000335800136
3691,0.5561770966655109
3692,0.08170499458329487
3693,0.029044124073719594
3694,1.697508893217825
3695,1.0266494184567767
3696,0.48047727801837836
3697,1.0003279898901183
3698,0.2369719154466403
3699,5.16716828132663
3700,0.1330201159783285
3701,2.0485830641450455
3702,1.2584303958248202
3703,1.4425817473415556
3704,2.153135844796697
3705,4.916426820848657
3706,4.638292901779314
3707,0.827269359082841
3708,0.3993129256577009
3709,0.24142781686192488
3710,1.2646312169132186
3711,3.25224344250793
3712,0.1187137157455717
3713,0.16388119976157656
3714,0.6783175920375196
3715,0.18100055324712974
3716,0.44892366606545503
3717,0.12745415950321043
3718,2.2489692246974586
3719,0.8563019783702964
3720,0.07092219148701445
3721,1.218119064536545
3722,0.14278817380813763
3723,0.560173295939984
3724,0.6109558149918403
3725,0.30877394171833805
3726,1.5318504563697142
3727,0.5818102591804497
3728,1.178847986365663
3729,0.9478664846240152
3730,0.07409051814249148
3731,0.2965485674091156
3732,0.3820839322665617
3733,0.6281545909066141
3734,0.2257654855284706
3735,0.26760791661185185
3736,0.5018320495023275
3737,0.5700318638484579
3738,2.0641302710240037
3739,2.9858922441727622
3740,0.6468910838576689
3741,0.4366274752823843
3742,2.1636754667558264
3743,0.1264060629341089
3744,1.1647899989774173
3745,2.2995494093360755
3746,0.14530689655279216
3747,1.9777107679731383
3748,0.9198143807303527
3749,0.4907202565075803
3750,0.20713652667088808
3751,3.9217963383156937
3752,0.7533202166289406
3753,2.046875773713789
3754,0.13605179771020884
3755,0.18957512007513802
3756,0.19547215206676308
3757,4.486644937097865
3758,1.3462650393818183
3759,3.1983795416319984
3760,3.5341100513751402
3761,1.9053174023655237
3762,0.5241456464087954
3763,0.7094313773197197
3764,1.736183376959989
3765,0.40049546538624614
3766,0.20659659165336075
3767,0.38604375549104025
3768,0.41471296580480405
3769,0.3357120819912627
3770,0.839418676628592
3771,1.1388920717438467
3772,2.635962717260274
3773,0.034559989023330615
3774,4.050269224736228
3775,0.47167855365791767
3776,0.08040397901859313
3777,2.700719386834093
3778,1.3182432696182664
3779,0.14473843865587208
3780,0.1478088353332425
3781,9.226169721229684
3782,2.130429649810205
3783,0.45965723568659334
3784,5.003032090020873
3785,8.604271208087809
3786,2.6677894275246397
3787,0.6973188483065816
3788,1.223818206676919
3789,0.4066916798028162
3790,0.2600013835589096
3791,3.9588039740098964
3792,1.5519598966613863
3793,1.187036405023737
3794,0.19475183586720735
3795,0.26407660006639677
3796,2.448554686525534
3797,0.3181229884680315
3798,0.494060277369108
3799,0.08320249886393996
3800,0.47419126776793324
3801,0.926991243808717
3802,0.8167869488663587
3803,0.42720334987492775
3804,1.1015354346448774
3805,0.3025390557702224
3806,0.2316743072747811
3807,0.8627796558604658
3808,2.4073933093782616
3809,1.0558679851310908
3810,0.2501112096961274
3811,0.37294163644892825
3812,2.2718979277974563
3813,2.975523659086009
3814,4.223488377944139
3815,0.10614692277541388
3816,0.22654963161008856
3817,1.2985456844022998
3818,0.6883354019959188
3819,1.5871908962635741
3820,2.0018028415488174
3821,1.788969240472351
3822,0.41650937356149587
3823,0.32052486234267
3824,2.892631289004592
3825,1.9305391311542106
3826,0.5931695835274949
3827,0.3783865798267161
3828,0.11162609634591862
3829,0.4639616744024868
3830,1.139627769281109
3831,0.6626551854872594
3832,0.10643757006518781
3833,0.3713401816037506
3834,4.105912300384907
3835,0.3819297492166212
3836,1.1090553662290081
3837,0.9654872852454534
3838,0.2975635499541283
3839,0.13039572757017717
3840,3.971957878389297
3841,0.48838634568691497
3842,0.0848345816150353
3843,1.3992809037473102
3844,1.57408074631264
3845,0.8455437793360605
3846,0.28230951638105867
3847,0.45849332683600363
3848,0.08403611198819884
3849,2.020237344428996
3850,0.3191619306359605
3851,1.9390350128397886
3852,0.5396282526855591
3853,0.10646393111394388
3854,0.7476842941932967
3855,2.052922951236231
3856,0.73048721137352
3857,0.07583047352855268
3858,0.3153615389993857
3859,0.1095772322002265
3860,1.1140952161157451
3861,9.36457389792012
3862,0.3264706024954327
3863,0.19301402061627357
3864,1.768758586637639
3865,7.95023940997237
3866,1.8608059035592655
3867,0.3337037066142934
3868,2.885692361065877
3869,0.9910945752168059
3870,0.09212880910435814
3871,0.6279948782055993
3872,0.6243808340607075
3873,0.23718605845473986
3874,0.7504215744869125
3875,0.888803638457693
3876,0.7069936772357932
3877,0.3732251226045738
3878,0.340416066978571
3879,0.2733270190273859
3880,4.227175910059784
3881,0.07294665449441802
3882,0.1818571835114199
3883,0.08690781025718891
3884,1.4490083911736944
3885,0.7877551373504288
3886,0.6015002092539699
3887,3.732525074886853
3888,2.3743599984013177
3889,0.2796795725412649
3890,0.7170567471177189
3891,3.653360580480777
3892,1.4801818363431063
3893,0.1267193614814557
3894,1.244286458733179
3895,0.4508957389782693
3896,2.0676863914630936
3897,0.9360763685634564
3898,2.1864629118764154
3899,0.4963599133865518
3900,3.9283987738308346
3901,0.9966846105933389
3902,0.5835820613058094
3903,0.7991583710708334
3904,1.409228415935952
3905,0.39114099753615866
3906,0.4318398994085818
3907,0.4409807927956542
3908,2.7449938407989207
3909,1.1228391950342005
3910,0.46318585387711697
3911,2.1898608755505364
3912,0.9581733193005294
3913,0.3069643207567455
3914,3.6699551741750374
3915,0.1304244626072579
3916,0.7068933049731414
3917,0.5762507903805606
3918,0.8666535881588784
3919,0.26088392403808136
3920,1.9801090901894038
3921,0.46671892777391755
3922,5.402535229117209
3923,2.099244156599662
3924,1.038134137907672
3925,2.2033698919227898
3926,3.6289040489894018
3927,2.594589380024162
3928,5.269976036179126
3929,1.4304221609668062
3930,5.8411248219344
3931,0.18260104097148697
3932,2.8565092886693146
3933,1.2780701595723634
3934,2.9191599511302497
3935,0.6669723932348091
3936,1.0424758194000492
3937,0.49574664381340616
3938,0.43132572511084577
3939,4.874789404166044
3940,0.20668001053312368
3941,1.3601088762897389
3942,1.458318120674507
3943,1.1537653249440352
3944,0.4114327991599782
3945,1.6098613146550749
3946,0.04085321246782041
3947,0.5223692022931494
3948,0.1973601173273961
3949,0.43951203463643984
3950,2.142052463483223
3951,0.6684781529092596
3952,0.13236867687175485
3953,0.4109008181045055
3954,0.15272570125590185
3955,2.453105955409443
3956,0.6652909697550538
3957,0.16057098629536914
3958,0.7818247340616759
3959,0.8628973328937452
3960,1.8025741345808317
3961,2.3562366187843193
3962,0.37687250793908716
3963,0.27302960106001
3964,1.5061838195824209
3965,0.462118889557307
3966,0.7526236604281943
3967,2.869229099230937
3968,0.3259565079249807
3969,1.9348964986724342
3970,1.8966359843462601
3971,4.805865063776215
3972,0.8054332825473342
3973,0.20198205089494453
3974,0.2112413524796501
3975,1.2784671414638615
3976,0.7839718011665369
3977,0.38793382944042337
3978,0.4488532234682976
3979,2.3550786038650444
3980,1.3607299981599226
3981,0.11680423102510246
3982,0.42680217567575646
3983,0.6723353722426508
3984,3.6308910257572062
3985,0.7314701795671789
3986,0.7595512471980389
3987,0.4948222051937191
3988,3.1095449679010043
3989,3.040163094626799
3990,0.1015399071745411
3991,0.0556151069274867
3992,0.5291504542436994
3993,0.8795737115693225
3994,0.45618975776345994
3995,4.209956667003037
3996,0.5750565067782233
3997,0.23685435520808837
3998,0.2887860080049811
3999,0.2646282932559753
4000,0.7338559225255198
4001,1.6333235365224457
4002,0.38440599914523915
4003,0.4272455073179387
4004,0.48368511726982305
4005,4.606244209521754
4006,1.8550022633706635
4007,0.3916850681948301
4008,0.9732735417077627
4009,4.957715485259313
4010,0.6888222176139215
4011,0.14526131859158248
4012,0.856668077781949
4013,0.11423610312879123
4014,0.9880386209247737
4015,1.0438782371806992
4016,0.7483399191142118
4017,0.7353787076521967
4018,2.2272750070280427
4019,0.1275863885416515
4020,7.588680030456206
4021,1.4044863956174207
4022,2.5566833839924827
4023,0.829663374421909
4024,0.15924126389407628
4025,0.09576970828849594
4026,0.45597873952199625
4027,0.26502530187744233
4028,0.5597574452236161
4029,0.7726656174470687
4030,0.6617710326912937
4031,0.1614893065795002
4032,0.26096864759151434
4033,0.22594127834040353
4034,0.42585764109500523
4035,2.360678760940788
4036,0.243915908107941
4037,3.7895343142593854
4038,1.1347618618369344
4039,0.9954775301125152
4040,0.18812016738443735
4041,0.4969971270776268
4042,0.38666943318541225
4043,1.939537383822769
4044,228.94962191634272
4045,1.2222071781964052
4046,1.472115553210361
4047,2.692656485412062
4048,0.3280648841556736
4049,1.6440745743027685
4050,0.08646034011155376
4051,0.6673355846216327
4052,0.967372427089076
4053,2.5196194731486607
4054,0.23683436607805675
4055,0.26676141492213296
4056,0.2597825664781884
4057,2.8943273505303084
4058,7.839078888784909
4059,0.4899229509386119
4060,0.5064701187859383
4061,1.069120658288833
4062,0.14165200023215233
4063,1.023755425724807
4064,0.40472924295696777
4065,0.6354461222748338
4066,0.18189333733817012
4067,2.0984308731593195
4068,0.21535796250744205
4069,0.28638182668492446
4070,2.8732264178946396
4071,1.374083152981312
4072,1.0803066604338203
4073,0.9173392407987258
4074,0.4657087790183629
4075,0.6050229873703934
4076,1.2765157090344963
4077,1.2161624788463983
4078,0.44486133505677894
4079,0.22272410557667727
4080,0.10865604371762139
4081,2.12204004465735
4082,1.712659272604123
4083,0.41750832586760694
4084,1.1629915186189896
4085,0.3142870868448567
4086,1.1512353673234343
4087,0.5839266580488206
4088,1.7303565435135542
4089,0.05934230007409961
4090,1.5772017048727751
4091,0.17170136160395638
4092,0.31878663253787676
4093,0.3548683508270879
4094,0.278957415438178
4095,1.8527633086433468
4096,1.964557301424339
4097,1.1605993769770704
4098,0.6005378651708602
4099,0.5600542499451259
4100,0.18541485098142116
4101,1.021791343690192
4102,1.2133142496988638
4103,0.7589539765589786
4104,0.7675559649190411
4105,0.20417229612269228
4106,0.7256299455288865
4107,0.6337053872901501
4108,1.675506735265679
4109,0.2453881342833304
4110,1.376162871303058
4111,1.6246803770001172
4112,1.6381197788858812
4113,0.3782806158241493
4114,1.6907262231214093
4115,3.490381769574359
4116,1.4926509375336037
4117,0.17287008921746938
4118,1.711581042601435
4119,0.9472939390365305
4120,3.2487971167107634
4121,0.10814973175237094
4122,4.360728612582386
4123,0.8899584155939071
4124,1.390813401670587
4125,1.9412409891302407
4126,0.7533038175175658
4127,0.44402856935728163
4128,0.5158758655811508
4129,1.1751881861434796
4130,0.8868071704076487
4131,1.722028465732595
4132,1.445852818576132
4133,4.954329734237872
4134,1.1607227657694479
4135,3.9119655974252012
4136,2.3241473358106637
4137,0.23848318349880018
4138,0.13426250685550176
4139,0.5687598214480092
4140,0.2094003666591056
4141,0.3801730830634126
4142,0.38013244057921797
4143,1.8276431945955722
4144,1.7734090898539485
4145,4.502185153329155
4146,0.16169919070734104
4147,0.17009441336661238
4148,0.42388181858187346
4149,0.3370141017522984
4150,0.12791064119690118
4151,0.25046170291882214
4152,12.158596887635294
4153,2.0089127139733707
4154,1.1631691784862292
4155,0.09939098262908369
4156,1.2813060044899212
4157,1.1723144568440576
4158,0.633644162189863
4159,0.17285650696045216
4160,1.6065844601056303
4161,0.316312519482623
4162,3.6102088317386225
4163,0.9532880931207578
4164,1.0647433450637787
4165,0.7327708481511624
4166,0.44374208881161503
4167,0.6378094719796289
4168,1.458178184652999
4169,1.5384953220327093
4170,0.6923685785771367
4171,0.6303870434457699
4172,0.24072997033729163
4173,0.15294853874595246
4174,4.172316200230334
4175,0.8013706167317611
4176,0.18779565574999532
4177,0.9677082799268459
4178,0.11598046687745917
4179,1.155835564976533
4180,0.5816516167728001
4181,3.326261606740904
4182,0.4476435952275631
4183,4.0419085197808755
4184,0.618350144860762
4185,0.33135535199350646
4186,0.2432784213532168
4187,0.1525458740803339
4188,0.6140850272832237
4189,0.12796921616784251
4190,0.669199498393786
4191,1.4420525587060882
4192,0.24909549693301936
4193,0.3783870336236471
4194,0.9186354265183163
4195,0.2120118621118048
4196,0.28423420554095086
4197,0.31881033092456124
4198,1.7111707398012466
4199,0.19339503123425714
4200,3.208269284192806
4201,0.33032788420445286
4202,0.26119267205015295
4203,1.314398877106645
4204,1.3640656349820486
4205,0.31409814463199004
4206,0.6994916870551277
4207,3.3417226496535553
4208,1.2561698802710186
4209,0.5809547122319996
4210,0.3784856108496636
4211,0.504321420056874
4212,0.39344124554363363
4213,0.29664589298792027
4214,0.4293798305044867
4215,0.23427934887250332
4216,0.15449645717670188
4217,1.6891981270105125
4218,1.7448255358194633
4219,0.6099836556032289
4220,0.21540152795303935
4221,0.08157812933439508
4222,2.7967949087188453
4223,0.09341865369882627
4224,0.692475108768859
4225,0.5789822774294587
4226,2.835198276739114
4227,0.19147910932335244
4228,1.5534474103980487
4229,0.1572133199237546
4230,0.3102746483795412
4231,1.4084976713715098
4232,0.6899116925835942
4233,1.4476601275772392
4234,1.0214625077286328
4235,0.35259793694598207
4236,3.538386458883681
4237,2.3050238136293704
4238,0.9923626456259208
4239,0.44421683807462103
4240,0.8301032385229227
4241,0.12463970273666325
4242,1.2146328613404063
4243,0.23804733957794763
4244,0.4765342639387522
4245,2.381868157102728
4246,0.24731687027967791
4247,1.0028972277151622
4248,1.233655617593645
4249,0.01634989596147474
4250,0.23778574791850562
4251,0.4045374540621169
4252,3.876164978913623
4253,1.0204179696453144
4254,0.4045325577787906
4255,1.6145569897190089
4256,1.2502607936956651
4257,0.365878596128408
4258,0.12542710079002753
4259,0.08750810014458904
4260,0.35646428959285825
4261,0.25007168835446414
4262,1.2025003256920546
4263,1.7155603577273741
4264,0.7179639146175938
4265,1.0640949614908193
4266,0.46767895559252315
4267,0.2120586523547854
4268,0.35465578787239876
4269,0.9890920288558631
4270,0.0917034633554632
4271,3.153609400547634
4272,0.3052110032505171
4273,0.35126874234061184
4274,0.23940741586361047
4275,1.8178489034467484
4276,1.4045168150099199
4277,0.11787110506635252
4278,0.2845785319681317
4279,4.525401244697512
4280,0.9157692761257714
4281,1.513126268275205
4282,2.300883614473988
4283,7.1205022825909365
4284,1.3626004734379717
4285,0.21863897941076393
4286,0.24979220893453383
4287,1.563133660720322
4288,1.4640840671228803
4289,0.25200547200224566
4290,0.564783562930659
4291,6.673599069186378
4292,10.41786835697126
4293,0.6448502478477759
4294,0.9211792688981167
4295,2.457397377051651
4296,0.3219264304456206
4297,1.5135765286718834
4298,0.6862133639807395
4299,0.513209242394897
4300,1.1892791682058221
4301,0.6793654602018019
4302,15.490975323076775
4303,0.07929717845921126
4304,0.7976316107980284
4305,1.031804406653749
4306,0.9001598828257207
4307,0.5575977482426794
4308,0.17063996409845458
4309,0.4142030686038058
4310,1.0801174110527652
4311,0.868527816818057
4312,0.49949649668332907
4313,0.49668725870402625
4314,1.1135470422424445
4315,3.9519259493643815
4316,0.771382366658456
4317,2.6663871248378728
4318,0.48317332492171
4319,0.3080872804719418
4320,0.5904869710632645
4321,1.5726621800791212
4322,0.617882290192412
4323,1.2014515638102532
4324,0.5402573781362888
4325,1.4779461413846937
4326,1.128787923352594
4327,1.1518094029052324
4328,5.47707398532586
4329,0.6893552479835579
4330,0.1913778195025446
4331,3.22360128588942
4332,0.6010854473782925
4333,0.8075506134563193
4334,0.2957239452143165
4335,0.4325177696805007
4336,0.2787825228592337
4337,0.9355468617930458
4338,0.6591853815490003
4339,0.2741582489145409
4340,0.15384699057711668
4341,1.948364059303403
4342,1.8836254618611978
4343,0.5093748089571767
4344,2.307031197376902
4345,0.19868492121478362
4346,1.2956146683627883
4347,1.5186081630196258
4348,1.6065033747573534
4349,0.3937977734409728
4350,2.5761400434347386
4351,1.165265383229252
4352,1.3113614335747514
4353,1.5871770596737167
4354,0.6622824710624984
4355,0.6291613949800495
4356,0.386505399000546
4357,0.7359870951645617
4358,2.461655081752452
4359,3.538198572280645
4360,0.5033059818054338
4361,0.2014609070855604
4362,0.5027685235918551
4363,0.17051056826364902
4364,0.606133001096515
4365,1.087819441525622
4366,0.9409151069819073
4367,0.8165907418418529
4368,0.32205048136724324
4369,3.113999758112856
4370,1.9036232548744298
4371,0.5578035813675368
4372,0.11620109567313028
4373,1.183444485733304
4374,6.633018944816815
4375,1.5354502536678853
4376,0.22361993172760805
4377,1.1146745158262354
4378,0.6116746138206763
4379,0.1416603075986593
4380,0.15861842894193087
4381,0.25962982514048455
4382,0.6257555168164455
4383,5.869603858003069
4384,0.8290140608322324
4385,0.3919974928921553
4386,0.3289431735523668
4387,0.11645390210710158
4388,1.250077351335044
4389,0.3254597019522476
4390,3.2926272698434467
4391,4.4076153007849594
4392,0.5100013312624433
4393,1.0047464525019942
4394,0.5671724001291294
4395,0.59565433704243
4396,0.26975745585487204
4397,3.923042433017463
4398,0.15630016676733677
4399,0.41238242789801216
4400,4.1623214224331875
4401,0.8680018322468872
4402,0.25008737655241486
4403,0.6558235816457277
4404,1.0712122872731142
4405,1.501436599110902
4406,1.810529543963028
4407,2.3186339861036105
4408,1.399439284215323
4409,1.495921361557369
4410,1.0333809921006305
4411,0.7109744531136184
4412,0.32511599624031645
4413,0.24294622418009595
4414,2.7468540862772377
4415,0.15526210182965525
4416,0.12759228087994567
4417,0.3278672778039146
4418,2.683325646037844
4419,1.1581209268825752
4420,2.66747868881051
4421,0.20430242935120266
4422,4.154058031689986
4423,2.3026986363957054
4424,0.4317934057357203
4425,1.9592307925579096
4426,2.495396982890705
4427,0.3561232419435535
4428,1.6720170889250494
4429,0.37748432275781013
4430,0.34020556763728416
4431,0.38803229364923936
4432,0.7945469442769574
4433,1.973696828315317
4434,2.5789168752405938
4435,0.16267320217985068
4436,0.41257587464175616
4437,0.278836905320542
4438,1.317573976996365
4439,0.1971103711798201
4440,1.3668611632984022
4441,0.40082485880016555
4442,0.11651318923095753
4443,0.11818789998006246
4444,0.9231319457379041
4445,2.405187775421704
4446,0.5526301238775135
4447,0.32129383678599593
4448,1.6685908282809832
4449,0.09103899329041677
4450,0.8833535317857333
4451,0.2349316979766425
4452,0.10330131789613992
4453,0.41240407079346475
4454,1.9127627261335864
4455,0.05506572292970709
4456,0.46107275309839985
4457,3.8537140502920018
4458,0.46657452478207767
4459,2.464308382446811
4460,0.5983337859561947
4461,0.2269312119124753
4462,0.636440680732542
4463,0.49872189115937815
4464,0.10497389811034055
4465,2.623156394994923
4466,0.4738312603163294
4467,0.8023231778035932
4468,0.17137316509407458
4469,0.3015625307701778
4470,0.6163399220302669
4471,1.184286493650864
4472,1.1224704064309643
4473,0.13506466840803963
4474,0.5585827875421063
4475,0.30166775690607905
4476,0.32717162690195606
4477,0.3051683913415151
4478,0.1573394394060028
4479,0.43034488413498556
4480,0.3717369206641384
4481,1.274621339552386
4482,0.3375136086541858
4483,0.9400843264008403
4484,0.9729404860413692
4485,0.26107340049897076
4486,0.760526868563983
4487,1.002749042335721
4488,1.0898759667744722
4489,0.33354282767214555
4490,0.6125220861154933
4491,0.33952432517072717
4492,0.14620734616199355
4493,0.8380234403227115
4494,0.962549950237466
4495,0.15252547090794027
4496,0.12316257862149789
4497,2.5300551325177647
4498,0.6982521557675926
4499,0.20493596846414153
4500,0.9393211865641604
4501,0.14861838425346488
4502,1.6821836561604657
4503,1.0542426845893456
4504,1.7742872373684535
4505,0.2354264167998953
4506,0.4956382799858368
4507,2.082456405177983
4508,0.7451080433700632
4509,0.35743202605349145
4510,0.1730840433180932
4511,2.5394448307419313
4512,1.4055238079761492
4513,3.886626281045365
4514,5.76180165360647
4515,3.694484017529857
4516,1.0632088919071074
4517,0.2303484710890099
4518,3.182994087628644
4519,6.904868931281223
4520,0.6318620312258334
4521,0.3748397970656365
4522,1.8092529063004954
4523,1.0842456647565986
4524,3.8730585700308744
4525,0.8915042416962924
4526,0.5122983480887897
4527,1.2508922823922786
4528,1.78870765326628
4529,0.6963620571260528
4530,0.13184575540244622
4531,0.4235308468873489
4532,0.9543152159073929
4533,2.4844060330379225
4534,0.24346922088898007
4535,1.4264209268148456
4536,8.831231713130137
4537,0.22144056642904697
4538,1.0163913880870024
4539,0.25687664414125555
4540,0.8496833063024317
4541,10.826008116206655
4542,1.5613405801943265
4543,1.8830208094997845
4544,0.8530266154521718
4545,2.0880719720694207
4546,0.35929075099197577
4547,3.399494239608057
4548,1.808277512612831
4549,0.49568629274574044
4550,4.3795148342038175
4551,1.5935901341942713
4552,0.6272035461695001
4553,1.9826841582529529
4554,0.15054515261765167
4555,2.3565759871288026
4556,0.366554667845909
4557,0.5442299885220107
4558,0.04668966367629245
4559,1.2693303706986871
4560,0.03257587764622613
4561,0.3690087602736035
4562,0.3078493457708604
4563,0.23390686342189057
4564,0.191098348234617
4565,0.21223614828445053
4566,4.1256643672491125
4567,0.3662464719721694
4568,1.3539068490135513
4569,0.34193808075801096
4570,0.5549084581046673
4571,1.400410821584484
4572,4.046949163102418
4573,0.32973799040300883
4574,2.1787364967579657
4575,2.2126711334455376
4576,0.4593256998537676
4577,4.4125345689200435
4578,0.5029985043732831
4579,0.7617235078149085
4580,0.07994687525728733
4581,0.7058602894258728
4582,0.9599716250037118
4583,1.6285395516857473
4584,0.3717007586781913
4585,0.8723939420143525
4586,0.5399741533795236
4587,18.949939031644526
4588,0.3074054656486739
4589,0.30036864684959497
4590,4.982219692241845
4591,2.7489614724421965
4592,0.30777500017462744
4593,1.1400836495474684
4594,0.32768469660217003
4595,1.1420022954780094
4596,0.2795777649367177
4597,0.12545617650264845
4598,1.3729986018999996
4599,1.3558351473458514
4600,0.8950289554538147
4601,1.1087710640131092
4602,2.5220596326924696
4603,1.3371801063494
4604,0.5492170233421882
4605,5.64053789951243
4606,1.5344532938889217
4607,0.23576073742063458
4608,0.9496307485956915
4609,0.83859551327905
4610,0.4168549602853537
4611,0.6031776817606546
4612,1.2881163555546706
4613,0.7118860017395949
4614,0.8605163158925261
4615,2.850459929726794
4616,3.402590735305262
4617,1.8569543817761323
4618,0.7069191321790592
4619,0.8040072522853434
4620,0.4201051041682936
4621,1.3314387014804772
4622,0.2323256193934953
4623,0.2143670595891842
4624,0.5980193372113537
4625,0.12729549059130876
4626,0.5963403677401758
4627,1.3197219516108063
4628,1.3462191648778978
4629,0.6613907834941156
4630,4.235444385080742
4631,1.495258095789426
4632,0.28760945077433303
4633,0.7558586561471088
4634,0.32518666051316003
4635,3.4639747602513054
4636,1.0995792474863921
4637,2.5305035564191667
4638,0.9357554773604836
4639,0.4182526612533171
4640,0.8615964559026755
4641,0.044449810545086496
4642,0.9755826379435639
4643,2.117490581351419
4644,0.10621761283819277
4645,0.8305411775281433
4646,0.5617079975661974
4647,0.14154523462339655
4648,0.24376559191563893
4649,4.927186851540744
4650,0.1617654713281855
4651,0.15714772810051666
4652,1.288640154214116
4653,1.0491724983236865
4654,0.45285970197711717
4655,3.5806197810178815
4656,0.20203718958194333
4657,1.101403263471187
4658,2.1920985670466955
4659,1.230633848263099
4660,0.25681151378668293
4661,0.9916077775268906
4662,2.1798356410868145
4663,0.7442392755952053
4664,1.6913894104533702
4665,0.2678864255000104
4666,1.9101444672349635
4667,0.1671040958676157
4668,1.9122165853441646
4669,0.4761163609324106
4670,2.1002462320885007
4671,3.5739453630030873
4672,1.364485922250964
4673,13.342714561347687
4674,14.740741508952214
4675,0.14107362434364765
4676,0.12425853867983137
4677,2.9951703829246057
4678,0.5993229781530621
4679,0.8313415913050326
4680,3.5705578541859726
4681,0.107173598161777
4682,0.4734309346776716
4683,0.31924927941665193
4684,1.052807190132413
4685,1.3336412459580904
4686,0.43180531764966296
4687,3.4475381330033343
4688,1.7515115213123877
4689,3.9561808943994587
4690,0.41231351678341716
4691,1.2142555220537357
4692,0.8212276459609057
4693,0.7768121136659667
4694,1.0869757679580312
4695,1.1157571908586787
4696,0.774567881749126
4697,2.2357697868873427
4698,0.19213694147913152
4699,0.5459934506124734
4700,0.21922937277758453
4701,0.6580492208247823
4702,0.16542725460052096
4703,1.3007826602859165
4704,1.0438439705200855
4705,0.4230505712988537
4706,2.341435150615582
4707,1.1293334467826988
4708,0.4134973895703083
4709,10.913643771983736
4710,0.26766464772955617
4711,0.2781130843452799
4712,0.3160652447408896
4713,1.3164938631104792
4714,2.171008499634141
4715,2.263523950633265
4716,0.6602605092334033
4717,0.1815753002992419
4718,0.20592484451799623
4719,0.9339411777944471
4720,0.45472728508085686
4721,0.8627923953431763
4722,0.3233881722133684
4723,1.7146903052113547
4724,0.5968501056243335
4725,1.9297221883876299
4726,0.847367648065805
4727,0.3178649476443708
4728,0.49879382651591353
4729,0.4492448348160394
4730,0.27406511244466875
4731,0.739808674530895
4732,0.21531706140023388
4733,2.2574941550738203
4734,0.9561142915090555
4735,0.16639220723194748
4736,0.29071570866471863
4737,0.4438645754711419
4738,2.6788824685733474
4739,1.9248700077411776
4740,1.915282492190947
4741,1.8329225774413223
4742,1.0748029879250602
4743,0.6282176080891383
4744,0.6319972794190238
4745,0.7708350943868533
4746,0.2486038171126917
4747,1.776733096227026
4748,2.091302131186642
4749,1.2212699872553927
4750,2.975288609009773
4751,3.529979302015983
4752,0.1904931646649674
4753,0.5563263243535376
4754,2.2981596751100817
4755,0.20171170763077026
4756,0.5986641629207407
4757,0.36619715217224447
4758,0.2628207394502454
4759,0.3558880159542066
4760,1.5289607422099645
4761,1.0557998052297064
4762,0.972155604990669
4763,2.836240054309799
4764,5.088588768366014
4765,1.1374821283185867
4766,0.6935067075442447
4767,0.6794088303210589
4768,0.21523548831875516
4769,0.5843496335402162
4770,0.3956916671231849
4771,1.7246057809432669
4772,7.301436898890313
4773,1.949561337639061
4774,2.684192808047428
4775,1.008661554367003
4776,2.917359799434757
4777,0.08199824162097039
4778,0.607725985836906
4779,0.465213223454833
4780,3.2663119791610824
4781,8.663482131296647
4782,0.6881024715394904
4783,1.2790041711525502
4784,7.936857709041844
4785,1.1828980492274757
4786,0.38594918065054823
4787,0.3672121176889635
4788,0.724801107012709
4789,1.5155236614964942
4790,0.12100536263271244
4791,1.6576310452947949
4792,1.2056312538975718
4793,2.0412075968081878
4794,4.283798657643615
4795,0.3210615346653963
4796,0.21420558521169897
4797,0.16326576207804158
4798,34.70027419710905
4799,0.4417427746352029
4800,0.9435461652861974
4801,0.5654423680707028
4802,1.779604618003136
4803,0.8371950894991765
4804,0.08587780026624067
4805,0.37417794231041984
4806,2.468344903269841
4807,0.24013804279471432
4808,0.22520446760531562
4809,0.9292212364443075
4810,1.010573918291632
4811,0.5144886413869357
4812,0.2512562725292769
4813,4.5512019864287545
4814,0.12315858186001623
4815,0.13329039691051117
4816,0.3604527861589409
4817,0.23942193140924978
4818,0.5550111575706504
4819,0.20884446947086052
4820,4.201367075024695
4821,0.43289966912889905
4822,2.659220371902414
4823,0.08363173077357657
4824,21.935795554442915
4825,1.1329508496505127
4826,0.8833189102823487
4827,2.0060713555093153
4828,0.5347969268458631
4829,1.6070979228477993
4830,0.30192960494274007
4831,1.1275833231595334
4832,0.9918863516956483
4833,0.2415637670310615
4834,0.1592706567064057
4835,0.34372343704177627
4836,1.545092057936062
4837,0.4291100532416668
4838,5.133818970009967
4839,2.7543526918534136
4840,1.0832097801066514
4841,3.0770320555802266
4842,1.7710907397934077
4843,0.6336961880477765
4844,1.1357308363735412
4845,0.051294022978695064
4846,1.3901583573779852
4847,0.2707316290700184
4848,1.4053083965344342
4849,0.3630175427855832
4850,1.5773668824297662
4851,0.34503823694773167
4852,4.120447901456859
4853,0.4188829516968891
4854,2.029540132504589
4855,6047.1191618358225
4856,0.44326226400890767
4857,0.7615376375567764
4858,1.0938969480557297
4859,1.7463327965830462
4860,1.5574392473537875
4861,1.1131585220563696
4862,0.564977664470177
4863,0.5937448794692259
4864,0.7549395337662529
4865,0.5556738621428717
4866,0.11901653245720095
4867,0.27221718547505497
4868,0.3026905530816136
4869,0.2500851735749805
4870,0.7729494919316988
4871,0.8963761815287353
4872,0.409446379099319
4873,2.0574609700670687
4874,0.4818142931336551
4875,3.485166483533815
4876,0.11710218345141292
4877,1.4046112130445614
4878,1.2490544745078354
4879,3.690695706866666
4880,0.12895672651108667
4881,0.7106466190908793
4882,1.1518141120727927
4883,2.457617150981083
4884,4.896270558361265
4885,0.5681277455255933
4886,1.5329266096483447
4887,0.7839749109043888
4888,0.23319380053462269
4889,1.0188824327209176
4890,0.7060289052620725
4891,1.1997597872723316
4892,1.4547928743590506
4893,0.040077959718686176
4894,0.47481545648621504
4895,1.5115570820276198
4896,0.7816503575414269
4897,0.9249686934337955
4898,0.12039582290083371
4899,0.6445458803465401
4900,0.06695968417840657
4901,0.8596663982607193
4902,0.07518528467065921
4903,0.2948274630545922
4904,0.23372398824220153
4905,0.5994270284901937
4906,0.7880045130483261
4907,1.1681261192261705
4908,0.5724955918634987
4909,0.12547925116680314
4910,2.333205745712999
4911,0.7837981869718793
4912,0.29445157499860825
4913,0.7635996535546308
4914,3.8823875017120515
4915,0.549072002611415
4916,0.7566182978260554
4917,0.3929302342898257
4918,0.03728139535194265
4919,12.625953103654707
4920,2.819379766946895
4921,0.5758960923553362
4922,2.9847385584254753
4923,0.24661579832659902
4924,0.500785691471437
4925,0.5273794762337344
4926,1.500153697340086
4927,0.7988905066914037
4928,1.3656548976855418
4929,0.348197432649925
4930,0.3432401630100809
4931,0.3399714781699735
4932,0.7019926443888851
4933,1.3283031896472357
4934,1.708398720976755
4935,3.990229700116524
4936,0.5752968217290589
4937,0.3852116324146266
4938,0.10067235449226584
4939,0.36529570908920334
4940,0.29740628557172744
4941,1.8186385122286144
4942,2.6968601940275283
4943,0.6782878387893232
4944,0.5868338104320294
4945,0.2183897010252418
4946,1.097433950225998
4947,0.3674027330897815
4948,2.2872872373796573
4949,0.7537471638698015
4950,3.27408819831688
4951,0.9756912436365104
4952,0.8538519626102281
4953,0.17936089935989435
4954,1.7575170645007996
4955,0.29335610104539606
4956,1.461516023934179
4957,0.16933947811417047
4958,0.8481228105205787
4959,0.2867231231531524
4960,0.11112635784079812
4961,1.0995139828724751
4962,1.1840579722465963
4963,0.34305679940417794
4964,0.9918565021428694
4965,0.6525802490687592
4966,0.6166868579955785
4967,0.6289467378407075
4968,0.16615418491598627
4969,0.6862886150164663
4970,1.3217702019631443
4971,4.027369020142084
4972,0.4833177463693221
4973,0.297957295714993
4974,1.2375725330920881
4975,1.1162327717358649
4976,0.41817880364922877
4977,0.015569447729201963
4978,2.0924180235512146
4979,1.1774870069056655
4980,0.08642078725818783
4981,1.456340130979238
4982,0.5497750135337569
4983,0.8229700903154631
4984,1.6841174952655733
4985,1.8851877469262537
4986,0.09595129086335202
4987,0.4420272077916362
4988,6.097414597622179
4989,1.1694262850761474
4990,0.885002996828147
4991,1.1528025929608665
4992,2.1551354334364543
4993,0.4013874490870616
4994,0.20449209611479352
4995,0.16569246781636915
4996,0.6120552201697168
4997,0.5849108407909579
4998,0.373221903402158
4999,1.5220496561831305
5000,8.300461255671893
5001,1.1825462030499778
5002,3.35783024762957
5003,3.0987358530237605
5004,1.161241851073048
5005,0.5800759545478189
5006,0.8984884035499808
5007,0.5781740593424234
5008,2.343638979793691
5009,1.0630974902799717
5010,14.571634259091166
5011,0.8047709766995916
5012,1.1164122101619598
5013,0.9260776335016795
5014,1.6503812107214009
5015,28.74855864776261
5016,0.06656726478558081
5017,1.761641446190385
5018,1.0497823679623568
5019,0.7974066656457733
5020,0.7898313278121678
5021,1.2045555343416932
5022,1.0511803080634965
5023,0.023161898005051803
5024,5.557109037577516
5025,0.5644012813036487
5026,0.5774861556921945
5027,0.5670673333309826
5028,1.0988117038561582
5029,4.400649244182896
5030,3.4475329613310732
5031,1.1898479690679786
5032,1.1216639551688201
5033,0.24559436344091332
5034,0.5497758615125709
5035,0.9189808851350733
5036,0.6970537423292931
5037,8.122211759818246
5038,2.9354661756450056
5039,0.4934812728368329
5040,3.92082294939771
5041,0.8106455292670588
5042,0.9818210344728323
5043,0.07875756294913304
5044,1.2070589617917027
5045,3.91355164647969
5046,0.22743599619518015
5047,1.3488751245129738
5048,0.3132581762562514
5049,1.2680137542617658
5050,1.4417419493492052
5051,3.493460164086433
5052,0.07848413917896795
5053,0.8669544875938086
5054,0.5668153877161084
5055,1.999445017570474
5056,0.3101774525259911
5057,0.9862369504634177
5058,0.28261015306038606
5059,0.9475416047755494
5060,2.7459483433314187
5061,1.0655893576706976
5062,0.851305979696125
5063,0.16986936493046123
5064,0.4991281249908325
5065,0.2624138437815957
5066,0.3138088495963044
5067,0.5325986972643695
5068,0.3991528443202484
5069,0.8215019873196177
5070,0.7028810433432012
5071,1.5834144390785472
5072,0.3660710498957475
5073,1.9388017730317928
5074,1.3106807234512434
5075,0.6161106639610758
5076,0.2354914505667918
5077,2.4130983235768215
5078,1.9364515418726191
5079,1.0965907151538796
5080,1.9305531771520172
5081,0.6142497975540202
5082,0.32200157291997034
5083,0.939988265743157
5084,0.26614833024936413
5085,1.0968407348685567
5086,2.075587924509672
5087,0.1248061935376389
5088,0.18392021003126724
5089,1.2264990978172965
5090,4.786452090780881
5091,0.16309897942132084
5092,0.8170444279995405
5093,0.27609981840260783
5094,1.278983200487874
5095,0.41860081579206226
5096,0.8669605870622568
5097,0.03658373163943641
5098,0.634793673680791
5099,0.08521314118984073
5100,1.673944237729671
5101,0.47522847811819285
5102,1.897638966885198
5103,0.25640300431828444
5104,0.5537882074246978
5105,4.433974295922351
5106,2.716881296080524
5107,1.5130207538861105
5108,1.1590447712018492
5109,1.8856260581037312
5110,0.539098953734104
5111,0.4101612744169644
5112,0.10313720165172315
5113,0.18281967017613066
5114,5.042311137100646
5115,0.7185089598788343
5116,0.2173028878644613
5117,1.2148238418393116
5118,1.413265741291415
5119,0.2236240212071842
5120,3.89414592262826
5121,0.3013911934825347
5122,1.0263696952010954
5123,1.215884855869402
5124,1.2086626230842021
5125,0.3769411350794188
5126,0.17039496542435512
5127,0.12210858988853414
5128,0.8405440960109629
5129,3.5702012717609137
5130,7.794914959538397
5131,0.25174316259163226
5132,0.6050476626081691
5133,0.20900719421079983
5134,0.43726179346679045
5135,0.444606101414329
5136,0.818707418731213
5137,2.4132260653202087
5138,6.058057114559504
5139,3.5779423543595166
5140,1.3363577215129834
5141,0.972104938296684
5142,0.974315900061819
5143,0.12170665739751296
5144,0.1326003450720229
5145,0.05387339719463988
5146,0.4267953101767923
5147,1.752723513195479
5148,0.32236692777303483
5149,0.2508388434290638
5150,0.9279336507028035
5151,0.7587204556488513
5152,0.5774572249599781
5153,0.7599711925750179
5154,1.3643333652829455
5155,0.42046151978047935
5156,1.0584589754508447
5157,1.4507162701881091
5158,0.6407671334007145
5159,0.24326426537466334
5160,0.3298692457314979
5161,0.43220730358772375
5162,0.6225374770247997
5163,0.23532448627724029
5164,0.6811102488011046
5165,0.9791862131129301
5166,1.0480361239541378
5167,1.4157929668582216
5168,2.9875223687904207
5169,2.1577232492690963
5170,0.7760402865471981
5171,0.8250028624648582
5172,0.16509022647319968
5173,0.5092277000958546
5174,0.08336806334692934
5175,0.5055244046260344
5176,1.180268181218433
5177,0.7636965293896875
5178,1.1333558468098974
5179,1.4976801080584765
5180,0.6320345237738441
5181,0.2805389455415933
5182,0.32811965907021984
5183,0.21297739400747742
5184,0.6951734643468052
5185,1.5217619357978376
5186,0.7872435523727965
5187,1.6860653332302546
5188,1.063272269427795
5189,1.1273119273555154
5190,0.6350981429636514
5191,1.6026197384256429
5192,0.19583330838299046
5193,0.7942741061086924
5194,1.776173796993444
5195,0.3726645576253593
5196,3.127245348699406
5197,0.150890456072277
5198,1.4267588674327605
5199,1.7598675746676384
5200,16.718535469084074
5201,1.0170267411745948
5202,0.104587003693241
5203,3.1287558806549436
5204,1.1056814069145702
5205,2.4349666197395616
5206,0.5599508171267255
5207,2.1032585865829088
5208,0.6919295404184373
5209,0.9158758604042033
5210,0.5685715304592434
5211,8.84296934990498
5212,1.8621059644886053
5213,0.46622088711863985
5214,1.1499334250727138
5215,3.1142835108540528
5216,4.031458652657599
5217,0.2768140560361466
5218,0.9341633641270333
5219,0.7029157496159177
5220,4.033260711637327
5221,0.4742089615809911
5222,4.1225063562006
5223,1.0193473892530687
5224,0.4433695441444713
5225,0.36868389338671975
5226,0.06763953059350608
5227,0.5085067769558997
5228,0.45445489828213015
5229,0.4289763776560542
5230,0.0558270846612965
5231,0.17965776967454208
5232,2.2582019000889257
5233,1.0485225677767671
5234,0.874756798619043
5235,0.2503004233404441
5236,0.270520267845641
5237,0.43870974156521786
5238,1.4244688096425315
5239,6.270810440750554
5240,0.45600081481380933
5241,0.8863806851068887
5242,1.2358381764274717
5243,1.8902359971489453
5244,1.1715796528655624
5245,0.4040474952388609
5246,0.3465857224520619
5247,0.26530783124576685
5248,2.0253712958782426
5249,0.48369477391006116
5250,1.7319556231344455
5251,0.2416592872216588
5252,1.3822573389627852
5253,3.2612923921320216
5254,0.12378994702842655
5255,2.139805095642111
5256,2.8231752450007104
5257,1.801381523659483
5258,0.48049800447190105
5259,0.7251610700430307
5260,4.12416222254013
5261,0.5019328684768493
5262,1.7710489740838802
5263,0.4881174717306642
5264,0.29354599995973346
5265,2.0614111690093098
5266,1.0469464055592768
5267,0.8855545933646028
5268,3.4115596891160456
5269,0.13390084427132354
5270,1.467358320446977
5271,0.14946865586572575
5272,2.2118923418832126
5273,0.9796332855200608
5274,2.1321478628698256
5275,2.0304787827098894
5276,0.7416666155600455
5277,0.1681547500084899
5278,6.8805926449940475
5279,0.5651590019031895
5280,3.8152498095793903
5281,1.5652386539986216
5282,0.15739987037202438
5283,2.9393318169687888
5284,0.3168496786340862
5285,0.08145380570420743
5286,1.0727474749500936
5287,1.889195318342548
5288,0.48431900494187163
5289,1.7029684999919479
5290,0.6522862663990571
5291,0.46905118788458344
5292,1.9187801775907705
5293,0.35120085133203344
5294,0.03808334064045717
5295,0.28729228575826765
5296,1.11835412936905
5297,3.7708509176885205
5298,0.6213878474850512
5299,1.1650846014978764
5300,0.06643690106867643
5301,0.15800791755575683
5302,1.2199253058481045
5303,0.06802693946091352
5304,1.5539740083345421
5305,0.42934646884968786
5306,1.5995202259366816
5307,0.11940778022875559
5308,0.09455353048397253
5309,0.2075046780683129
5310,0.34814727670049284
5311,0.4224313349127334
5312,0.6393975552466233
5313,0.6803188044835647
5314,8.177410952975986
5315,0.34598401118296407
5316,0.2553448121527199
5317,1.9044756155009723
5318,0.35442094185919215
5319,2.3492217068716528
5320,0.35702743121273356
5321,0.3968670845752695
5322,0.84739139706268
5323,0.9678055979867286
5324,2.025166782631256
5325,0.19454962786449057
5326,2.6905593247774133
5327,1.7066646489266226
5328,0.7802128895376376
5329,1.6631568647047537
5330,0.3044773251157575
5331,0.19987621426234448
5332,0.9868280465297382
5333,1.035704637730196
5334,0.2049245800891459
5335,0.7013159357541201
5336,5.813315024158699
5337,0.6849077349276064
5338,0.22320263152963898
5339,0.2782752608366938
5340,0.6038874829653201
5341,1.051303571662113
5342,0.1455224351158284
5343,0.3920685150028079
5344,0.47246748735867117
5345,1.0640113847444794
5346,0.11899882697857679
5347,1.6848780443251667
5348,5.110293159381411
5349,1.3288382618222534
5350,0.8805028692517726
5351,0.7062089545303469
5352,0.44088183844479417
5353,1.0516144044328706
5354,0.5753644727308688
5355,2.682297616962233
5356,0.7075613804658933
5357,1.1314948537881264
5358,0.926253787744876
5359,0.509516005435039
5360,0.2182207346283696
5361,0.09417715785245197
5362,8.966680275096152
5363,0.09303259301968846
5364,0.7361789025689528
5365,1.3157932576026719
5366,0.22593668304551176
5367,0.4060689513473421
5368,0.41464532065349224
5369,1.2751134485109334
5370,0.9927536612829742
5371,1.0736048783249728
5372,0.3867405990276868
5373,0.7151465546235389
5374,0.779184948417134
5375,3.7558672547179826
5376,1.5049374471625174
5377,0.9746467492988249
5378,1.078008869067606
5379,2.6832551126778212
5380,1.0060626655195781
5381,0.21552610699523378
5382,0.7200384134322091
5383,0.9608807417686591
5384,0.6320355356619136
5385,0.5239127554222033
5386,0.24629169510738164
5387,5.2045946062782935
5388,2.0181238523105027
5389,0.6616715381141292
5390,0.6817553790115607
5391,0.08845898502106316
5392,0.958309325385667
5393,2.7780103224243184
5394,0.6361851971874225
5395,0.2813132873135265
5396,1.6615283671272483
5397,2.6292710629590412
5398,1.9731980414914774
5399,1.4109346259515751
5400,0.2554637250195182
5401,0.6682088506766954
5402,0.1858820829546109
5403,1.201164194355235
5404,0.2313679211260107
5405,0.042769796368484936
5406,0.297167141578424
5407,3.0556072268027923
5408,2.815249562687795
5409,11.939519641831556
5410,1.19636276347341
5411,1.3471470632260334
5412,0.5523177343161325
5413,1.4919233388251654
5414,1.7951894113122395
5415,0.14838983698609418
5416,0.5274078052164304
5417,4.135320907804427
5418,0.8363336417619158
5419,0.9461956915307127
5420,0.19843787019792514
5421,4.061168703462562
5422,2.398466968227634
5423,0.03532191833854454
5424,1.332932588398117
5425,0.6086492525701541
5426,0.06496055186069646
5427,1.8358457436203193
5428,0.7224926185582545
5429,0.7203245098537305
5430,0.5582466714933529
5431,0.43705174399925206
5432,1.7157969555934798
5433,0.9987928171203959
5434,0.06617756902706545
5435,0.7859970387867792
5436,0.3230438194987999
5437,1.2688927998224906
5438,0.9769139793144765
5439,0.5483524904892167
5440,0.10113416064477856
5441,1.792560966530997
5442,0.810714800391656
5443,0.09895852722500842
5444,1.23018658295273
5445,0.2844685071741641
5446,0.2605109005636929
5447,0.5569236317314293
5448,1.8422385239752235
5449,0.4336308426843349
5450,1.929071708440495
5451,1.1075282982286365
5452,1.1781146989949836
5453,1.1358637629200863
5454,0.32619774696492004
5455,2.1381795007912854
5456,2.9013151175050105
5457,0.534002328714573
5458,0.2921549972559241
5459,0.7361071020778102
5460,0.36482971210866244
5461,1.3641053110916281
5462,3.4951019838585013
5463,0.24673955232744857
5464,0.8034995263928056
5465,1.3176144115716857
5466,0.6014076169493514
5467,3.7214667575019456
5468,1.0386564181108853
5469,0.3223005629489979
5470,0.7622135400588338
5471,1.0051479905404683
5472,0.39338730834067037
5473,0.621095036679387
5474,0.8050694445091278
5475,1.4692167998787589
5476,0.6980215131105832
5477,0.8509702418200485
5478,0.6023095403092904
5479,1.2087088182231693
5480,0.1649218016731455
5481,0.37174436087560564
5482,0.8138489877243615
5483,1.7927588616385286
5484,0.8414682755063425
5485,0.19297676320366414
5486,1.1028272066711202
5487,0.14296539949685033
5488,2.357394759385757
5489,5.130900630557849
5490,2.4422585591612673
5491,3.7060492389294417
5492,0.23849918236685128
5493,0.4008846007835018
5494,0.047260330903590116
5495,0.8782056524684374
5496,2.044639340236584
5497,0.4712040846877426
5498,4.594098649382278
5499,1.0960752947855519
5500,0.6294053931885126
5501,0.4831895203258471
5502,2.0355799893879896
5503,0.1961936391999234
5504,0.7009974738299984
5505,1.6177613398398227
5506,0.44418939534317675
5507,0.28246460403930934
5508,0.2065739717960957
5509,2.091577910496377
5510,0.7405407197338622
5511,0.7579283870255187
5512,0.9529854648480136
5513,0.26298483142594753
5514,0.6718757199451532
5515,1.2998953865145
5516,2.026893032590918
5517,2.9678065591437486
5518,0.8357337661299375
5519,1.3236035972849058
5520,0.9076514402245929
5521,0.24660728228189555
5522,0.33143881556510807
5523,0.4609224441720199
5524,0.24526792426577473
5525,1.0499154162285533
5526,1.202548616286383
5527,0.6029320763733086
5528,0.32603797191075756
5529,0.23420728341359376
5530,10.140795135759278
5531,0.3516753696387641
5532,3.1127024071731104
5533,0.0725642856164663
5534,2.4637433924581233
5535,0.33821524478289633
5536,0.3424672034100149
5537,2.3433406031530533
5538,1.8043337473908765
5539,0.3963636942879525
5540,0.29452768527276907
5541,1.2099905966761064
5542,0.6806222174409587
5543,0.08002720350366059
5544,0.20961141922961676
5545,0.10841315593136838
5546,0.2384885007186105
5547,6.814271027629722
5548,0.31379136787440415
5549,0.14184632552814502
5550,0.723689732892953
5551,1.4259437105673989
5552,0.22687832969863367
5553,0.8102702963863553
5554,0.7341648484032175
5555,0.24928707568876549
5556,0.4784126787252936
5557,0.24973465794376992
5558,0.9068219833936679
5559,0.049965034185165604
5560,1.0497978282283338
5561,1.3946972595576133
5562,0.24840215282483957
5563,1.9479658379529758
5564,1.8088286227191896
5565,1.7985181502220322
5566,0.28807815993535024
5567,0.1503794239360565
5568,0.36858839479960825
5569,0.37298907009300847
5570,0.9427111243503888
5571,2.111308071279097
5572,0.3723486137287013
5573,0.38964683724995214
5574,2.3326480199509216
5575,3.0123696597175442
5576,0.3905682131412779
5577,0.651246841689344
5578,0.4706837924425976
5579,1.7112985939650716
5580,0.1609057997756287
5581,3.850979670723076
5582,0.8478870418262775
5583,0.2746046726198193
5584,1.6637596387066749
5585,1.091613972946533
5586,3.822724073327545
5587,0.2923537808544155
5588,1.7399681664731226
5589,0.6228206642581319
5590,0.8984240772137275
5591,0.05991809907666962
5592,0.4273710270879605
5593,0.23433481468143286
5594,1.2716403945789567
5595,0.3254148096572246
5596,0.5744061881815218
5597,0.1855856219337612
5598,1.0277959257224303
5599,0.936317372972491
5600,0.032402989848258616
5601,0.9643717783719059
5602,0.4240111789007725
5603,0.11531923492450323
5604,0.25396376352371675
5605,1.4977700668603529
5606,0.7159970227799194
5607,1.7724339508572418
5608,1.3347835534156534
5609,0.2024522283043596
5610,1.463579232612188
5611,0.02115477754318472
5612,0.5601235938349831
5613,0.24314029054035005
5614,0.7925479555634896
5615,1.4712560673799682
5616,2.007834252963433
5617,0.10676901801247869
5618,0.45585686641447754
5619,0.13017990457622947
5620,1.360289756070824
5621,0.23057707392058524
5622,1.0491955180293644
5623,1.4849243558039245
5624,0.1460413049356559
5625,1.2388135929599862
5626,0.09935000120816234
5627,1.6422905475690062
5628,1.4970220268678909
5629,0.19379346938502706
5630,0.11331878363205429
5631,4.334325817183988
5632,0.253209610606151
5633,0.228989718285413
5634,0.5723149205019472
5635,0.42945471437833055
5636,1.6525062690669494
5637,3.035827053142989
5638,0.5288142166447298
5639,0.8137459740817147
5640,0.5317455028205368
5641,2.6923020974634846
5642,0.572189434063397
5643,0.26206636674064965
5644,0.8083576197545397
5645,0.06058957393183727
5646,1.0848191344025255
5647,0.32068474068061464
5648,0.5140663635805022
5649,0.17119643202910817
5650,1.7701361628681926
5651,2.3236187853173833
5652,0.5401496530394437
5653,1.8769922628193916
5654,4.950503837430992
5655,2.1093408395474613
5656,0.379763594365851
5657,1.4909964461403862
5658,0.12087909339929821
5659,1.7561366303082502
5660,0.4422753521711163
5661,0.9434003252292815
5662,4.347858895377923
5663,0.5061811942646364
5664,0.7130166832624457
5665,2.695023584573234
5666,0.9325519847377362
5667,1.694757628666435
5668,1.6360945092181733
5669,1.0199372599336396
5670,0.3145264539578493
5671,1.6129940364755737
5672,0.12296627369980863
5673,0.3067192219345997
5674,0.4957259102738786
5675,0.43909756829566304
5676,0.5309707000970411
5677,1.0967030797728994
5678,3.975060200517074
5679,0.3699928155501675
5680,3.3094133425039924
5681,0.1518965195754403
5682,0.2070831256223014
5683,0.7572023563427663
5684,3.3531295060394775
5685,3.4306589342746445
5686,0.03802561764561548
5687,0.9410631563794222
5688,0.32208005763184405
5689,0.14094417415410407
5690,0.324597525569052
5691,1.5849135537129893
5692,1.2749567610555765
5693,1.5168068388451759
5694,0.5172685081397247
5695,1.293919567450527
5696,2.6674695858749984
5697,0.439814152765566
5698,0.6111120448544007
5699,1.0054248920801283
5700,0.4329324121925942
5701,0.34243000485856734
5702,1.5911591418857518
5703,0.09815717845540661
5704,0.3574691062540298
5705,1.5122735535918914
5706,0.4858145806453823
5707,0.34485657104148826
5708,1.1165804206319703
5709,0.8046009007003974
5710,1.242683908595069
5711,0.5518653862669469
5712,0.9429732000893871
5713,0.5554725728628237
5714,1.0343573590663158
5715,0.16804172268848697
5716,2.052429430622856
5717,0.40850381436400596
5718,1.0509093338491011
5719,1.2942450125318548
5720,0.46103318949023053
5721,0.33526684268788515
5722,2.6683402339456386
5723,0.551253479106491
5724,0.43665820114468695
5725,1.2137014563862543
5726,0.11868388205665137
5727,1.1629217570921964
5728,0.5870981391689638
5729,1.31332118672404
5730,0.5064854734845773
5731,1.0439102665485311
5732,0.7393322014738307
5733,0.08067054587563265
5734,0.906182385051493
5735,0.16106485167476117
5736,3.3625549016806118
5737,0.34141444633377205
5738,0.5733340601903186
5739,0.5422019536377788
5740,3.5846432003063953
5741,0.6939163027378557
5742,0.5485847434107077
5743,0.5912521311038514
5744,1.079042489067311
5745,0.3643221714688001
5746,2.4685177180727593
5747,1.5861080767892082
5748,0.7275578792251878
5749,9.494839402790193
5750,1.0406757199245005
5751,0.12307523534981549
5752,0.84650710001279
5753,1.0587306458464796
5754,0.2471063838714132
5755,1.2233344862500306
5756,0.40664580438080816
5757,0.31934862312816603
5758,0.06277765389933737
5759,2.2210048091109775
5760,9.112030468136302
5761,0.21340094693811976
5762,0.3422186572424447
5763,0.37578078246283275
5764,1.3857118040728378
5765,0.8528248578048618
5766,5.8825980819536765
5767,0.12471667118188379
5768,0.7130999438223452
5769,2.5473926911589677
5770,1.4456305037893569
5771,0.7458527828678355
5772,0.8762610819881983
5773,0.35338247082351537
5774,3.975272766495969
5775,2.3757275708009336
5776,0.28314168166764564
5777,0.24023794010672034
5778,0.09954920256102694
5779,1.959978613512038
5780,0.45891716457339987
5781,0.3636381328590832
5782,0.7729510019341658
5783,0.31599005036249644
5784,0.38840215305774206
5785,1.3452616670259883
5786,0.1512756868388719
5787,0.39447497101227363
5788,0.6308594399331751
5789,2.2503858819924085
5790,1.1466263100762841
5791,1.9674552573522892
5792,0.40254072187166856
5793,0.2043868131985659
5794,0.13788553861576613
5795,2.19123811020353
5796,7.134010230683473
5797,0.4248112267773023
5798,1.0675535971179393
5799,3.4646190263338634
5800,1.357631612202772
5801,0.32651377324153985
5802,0.40520570523837784
5803,2.4963514113011724
5804,0.21025293854207155
5805,0.5368017560457287
5806,0.621174891802002
5807,0.8044637707821756
5808,2.4528205060202497
5809,0.29529243014135087
5810,1.884458810422669
5811,6.28418967741606
5812,0.32713120771924764
5813,3.7889449384937857
5814,0.8221146856568898
5815,0.05915224546934929
5816,0.5767653143067025
5817,0.5511226080791433
5818,5.70840791879264
5819,0.34871408993953373
5820,0.9963222853144664
5821,0.15566140357472202
5822,0.7576703360862493
5823,0.5071576170002022
5824,0.8858657532216995
5825,0.8779247341959712
5826,5.3387627384317815
5827,0.6916555311632285
5828,0.8375564766626389
5829,1.9748823580065316
5830,0.3193144068886804
5831,1.9322592624481298
5832,0.3709864781572247
5833,4.98911061726494
5834,10.72770430548576
5835,0.21830357126933062
5836,0.07124507263331163
5837,12.245149210480522
5838,1.7666773776374005
5839,0.7647966399089643
5840,1.4229292644140958
5841,1.4199152328536413
5842,0.9242295905010722
5843,0.47932551237498205
5844,1.9849213862998263
5845,0.6989453567701627
5846,0.17580218966995909
5847,0.1862525530845083
5848,0.618058661449914
5849,3.006796594551026
5850,7.708084202509998
5851,0.5974779373571787
5852,0.615830854786012
5853,0.8883103568700075
5854,0.9768267476523345
5855,2.2992346355691944
5856,2.6589320840627955
5857,1.742364825626799
5858,2.751953315264417
5859,1.0928132921552103
5860,2.3356668005456966
5861,2.2895924063926927
5862,0.03246447874670704
5863,1.2059597308803622
5864,1.1985480031266642
5865,0.7316572370618486
5866,1.464559464577047
5867,1.0108333590476752
5868,1.006612545350682
5869,3.104019499109404
5870,0.5796966590813775
5871,1.2930259089913392
5872,0.2726659233558788
5873,0.08617053644434979
5874,3.2352111438928404
5875,6.377791889621182
5876,0.2962659183502965
5877,2.993132631161222
5878,0.7006886815058707
5879,1.9825432096959092
5880,0.355083401930463
5881,0.1610131234081282
5882,1.0158863764317108
5883,0.3740707139234033
5884,2.0817845691597405
5885,0.24844903943157462
5886,1.0584468804453964
5887,0.6886647498915682
5888,5.282575183181968
5889,0.9911927931758946
5890,0.511781814946437
5891,0.38395680132513893
5892,1.9182841656882565
5893,1.9066875860397805
5894,5.3996006204931355
5895,1.1327543272665088
5896,1.2994687921186914
5897,2.5998538886616562
5898,0.32718916971222234
5899,0.1858121958562689
5900,0.36511173463969065
5901,2.672146815093082
5902,0.10494139070997892
5903,2.761841395850335
5904,2.9544505496598505
5905,0.4244407102660793
5906,3.209497518570517
5907,1.4074527986599317
5908,0.9211623110905998
5909,0.3654534373890736
5910,0.8865772163849744
5911,0.07365071517874369
5912,0.5967423472841258
5913,0.5547811780948411
5914,0.6880419354283349
5915,1.778398710801669
5916,10.79093110896334
5917,1.4726817812087236
5918,0.29452569145347823
5919,2.5076357863452863
5920,3.577683664982674
5921,0.22330735660543594
5922,1.16844501310437
5923,0.3015935293216623
5924,0.3324391804115566
5925,0.7427393122355498
5926,1.1261607367543043
5927,4.485237024930687
5928,0.7007498108549568
5929,0.9358181292948552
5930,0.40145882196064625
5931,1.2117972571296964
5932,3.0601379303079357
5933,1.1781872579494894
5934,1.2121563284759402
5935,1.306544857807352
5936,0.05570533125803362
5937,1.3455492951613934
5938,0.4500902693444644
5939,1.193189994414677
5940,2.1667346401446443
5941,0.741014117795018
5942,0.32018483364913103
5943,0.2898397495728619
5944,0.20872088665578123
5945,2.8645969781016083
5946,0.3430608146965428
5947,0.17620367277837012
5948,0.03674669790044751
5949,0.3079379381088928
5950,0.05597987320990288
5951,0.9766053089035618
5952,1.3465329744736019
5953,2.1664439346887097
5954,2.0450409023929423
5955,0.2580814581896288
5956,0.6951137442593057
5957,6.83009263844428
5958,0.9323745777950724
5959,1.1487958133090368
5960,21.03489993162607
5961,0.6743447780876652
5962,0.33919325435639563
5963,0.23864392224544348
5964,1.5423697805759349
5965,0.6104159493462962
5966,0.11554022402889998
5967,1.15332531958172
5968,1.01424260329427
5969,0.7221210213311994
5970,0.35140634380986463
5971,1.0321609089413133
5972,0.3725527278863372
5973,0.6188960621938663
5974,2.17508811123445
5975,1.5264958672581583
5976,6.498988118307424
5977,1.9986973706205307
5978,1.702362282541849
5979,3.39530127266613
5980,0.3992867551873953
5981,0.717291642341598
5982,1.2499311630617278
5983,0.029072910024319366
5984,0.33476872542132985
5985,0.08464271968563396
5986,1.3119210626157476
5987,0.35658496016838936
5988,4.172080047975463
5989,1.8521855895707018
5990,0.1746011596410682
5991,1.5099558503942965
5992,0.0511333158211863
5993,3.3749037644220494
5994,0.15370426141938828
5995,2.0532843742238853
5996,0.5372078694913753
5997,0.7521402706568957
5998,1.0110539193154437
5999,0.7335711147542694
6000,0.3269357177519749
6001,0.6354795630853829
6002,44.04378918562126
6003,1.6795031993630536
6004,1.5927673407489165
6005,0.4799240514590002
6006,0.2864010393587842
6007,1.8737722241783454
6008,0.31718989607897263
6009,1.1885777775884347
6010,0.20419865885570423
6011,1.0647920382760523
6012,0.19838111759758023
6013,0.730381064543397
6014,0.21807104498599708
6015,2.006713384931854
6016,0.22069693542263363
6017,0.3367066444591805
6018,0.9669358380883979
6019,2.6098269937244174
6020,1.9921670667876237
6021,1.543432440720432
6022,0.6637241533111315
6023,0.2424843604424395
6024,0.4107828083872031
6025,0.21731261892980833
6026,0.7627017950995101
6027,0.7018986614197992
6028,0.9984602191207881
6029,1.6565795646895107
6030,0.03067886152212939
6031,1.6364240854153154
6032,3.4317197226768257
6033,0.49806467993386616
6034,1.0473682533767212
6035,2.5909805212789356
6036,9.135652470075101
6037,1.246461340900332
6038,2.84906349769738
6039,0.515021129236623
6040,2.3985806933731864
6041,0.6074407733907606
6042,0.22892654291591638
6043,0.8127584518103655
6044,0.11947159633335987
6045,0.3688275700537077
6046,0.6934363073794498
6047,0.9630925869346936
6048,0.4093543803100851
6049,2.724247469347911
6050,0.27496596811393403
6051,1.4131317431163275
6052,0.1941037629182363
6053,0.12893669937414212
6054,14.393881701578563
6055,0.3373845627470735
6056,0.08648503698079668
6057,0.27336953807302805
6058,0.4258409509240671
6059,0.6057026928019408
6060,1.8009335062726286
6061,0.6663581088620303
6062,3.273343272622057
6063,1.29990928662016
6064,0.2790349735536772
6065,1.1604457295937962
6066,0.1282316680218199
6067,0.9124778734060908
6068,0.03774880534071138
6069,1.3616244642605257
6070,1.7347664910109233
6071,3.0885149519266926
6072,0.24785639176981694
6073,0.3279415499557034
6074,4.8899261424816025
6075,1.007733071399469
6076,0.33532448074732524
6077,1.3249534076349019
6078,4.118381871571711
6079,7.8251057465358445
6080,0.7463298218252556
6081,1.587769369081289
6082,0.9172092179900484
6083,0.39733378002254743
6084,0.546722895277514
6085,0.6450837691311673
6086,1.3425143656990766
6087,1.161129991869511
6088,1.148084767616284
6089,11.228864562172411
6090,2.2787534621357644
6091,1.6414143774616632
6092,1.6644297730365374
6093,0.6611832254638464
6094,0.38454888476367893
6095,0.4534416917972134
6096,6.170955329841958
6097,3.420903684394676
6098,0.9290947482686788
6099,0.4149172544974063
6100,0.022684043468595427
6101,0.45705676895523717
6102,1.8265479712738601
6103,0.8843808052908372
6104,1.3495630640163507
6105,1.7317708024544614
6106,2.343592775451193
6107,0.5259302553196212
6108,0.8710725617123962
6109,0.5087348560915523
6110,0.05907617016309964
6111,1.5842575409580433
6112,0.3620890537716235
6113,0.08023854494772668
6114,3.0637669776006353
6115,0.5494156593401262
6116,1.7044786829889753
6117,0.19443520801666142
6118,0.5221266365113225
6119,1.1513352571597555
6120,0.2818461195284173
6121,1.0082991666756074
6122,1.6984478463449197
6123,0.034147528623511406
6124,0.9196798850970809
6125,8.188405511947378
6126,0.13981259871615465
6127,0.5415134489769167
6128,0.6093626390886543
6129,1.5995885044125613
6130,0.07960907750777213
6131,0.7591057106554473
6132,1.2599766817333207
6133,0.9563907296596441
6134,0.7021477816333815
6135,1.7565181287121263
6136,0.09409043125892472
6137,0.0901924183588887
6138,0.4362733688179654
6139,0.6381814492390689
6140,0.07052473465873044
6141,0.8537253851857503
6142,0.25616668773719414
6143,0.30971751171994083
6144,0.7464429466800084
6145,2.55869260115972
6146,1.4646526725416353
6147,0.9770973391586922
6148,3.2347477230922412
6149,0.9908568407620776
6150,0.7951641615102798
6151,1.021110621439909
6152,1.9987387112934958
6153,1.2289061793403369
6154,0.08524930032103022
6155,3.763001478331158
6156,0.3609819133906482
6157,0.0914235632615671
6158,0.1755705877344008
6159,0.6167814377651482
6160,0.5158737837018381
6161,0.3152820456258031
6162,0.7924062982187806
6163,0.19565169535355945
6164,0.4276399504421579
6165,0.6563547217508872
6166,0.3218079346824582
6167,1.108378298909176
6168,0.12307758644777671
6169,0.6052609021717313
6170,0.31505433595457205
6171,0.368278612171649
6172,1.2151707866440626
6173,1.6927036387026428
6174,2.2431236969627073
6175,0.42728996672486125
6176,2.8174962117936593
6177,0.6479416187354338
6178,0.4391884511146718
6179,0.1540649801095918
6180,0.12643086791574273
6181,0.8264403027748027
6182,0.6986190216120552
6183,0.21464879012558255
6184,0.8544648310366584
6185,5.143518276270896
6186,3.027336391272836
6187,3.4826221107592428
6188,0.7176603582726615
6189,0.13980757782130737
6190,0.27495295291564004
6191,1.4342724854165232
6192,1.4498870717450014
6193,0.3395664431318706
6194,1.1434038071630948
6195,0.27269629861784894
6196,0.23311192309126136
6197,0.4459289115739081
6198,0.842848455588179
6199,0.0816169751422329
6200,0.08184730891434705
6201,0.15222370120837891
6202,1.7708330844872031
6203,0.3714460397430768
6204,0.5871049109990119
6205,0.5146061816006632
6206,1.6951791211584868
6207,2.004567070067971
6208,1.7577070303419267
6209,0.5231115648831195
6210,0.1067899377183308
6211,0.10630861635514566
6212,0.5510385988109605
6213,2.352373056063805
6214,0.10722029207242958
6215,0.05714614002144319
6216,0.9040702868420819
6217,1.772221252260086
6218,0.25098757584437204
6219,0.8178542545577476
6220,0.14868373455083847
6221,0.12349680933628783
6222,2.6786661141575134
6223,0.5344647501435796
6224,1.175923153042329
6225,0.6130817157317259
6226,1.4961869147671418
6227,1.3343226736170406
6228,0.17146288449226793
6229,0.9106063185960515
6230,0.9312202156878966
6231,0.8274653718601894
6232,0.7033435823751264
6233,0.3371372356378192
6234,2.625942949533267
6235,1.9586455991572596
6236,0.4953188367688953
6237,1.2706172464990455
6238,1.40307110561311
6239,0.04285284252405849
6240,0.14336400935844884
6241,3.1885934227256767
6242,3.0049809479677894
6243,1.403568888471329
6244,0.3861538344634158
6245,0.1006899958773866
6246,1.054889180716924
6247,0.7474578662491727
6248,0.4115471463019
6249,0.33529635257459645
6250,0.8869052785959572
6251,1.1130099327028318
6252,1.1283000626356792
6253,2.0116196046453108
6254,0.26981665053164977
6255,0.4907421987245406
6256,0.12369830473919749
6257,0.19429166552190033
6258,3.8537288677793358
6259,0.21141073358409246
6260,1.588719929122736
6261,1.6429354259932634
6262,0.21504296289219424
6263,0.12032424621739787
6264,0.73299029763413
6265,2.075765648170079
6266,1.1382581224052868
6267,3.562504139169233
6268,3.368967643423239
6269,0.8827908471621533
6270,1.5179455928483572
6271,6.908530889210105
6272,0.5285728438854055
6273,0.38783081791487944
6274,1.1273134718555404
6275,0.40121184387462505
6276,0.4697081684638375
6277,0.5939292525201134
6278,0.7746555611069841
6279,1.6190621555791098
6280,0.16211229619676795
6281,2.196009019007877
6282,0.5622888344830678
6283,2.592692163642032
6284,0.07162281016370889
6285,1.9823881885529138
6286,0.9989308137893893
6287,0.2276888773288553
6288,0.36585611596038936
6289,0.21471928818998226
6290,2.099025837258859
6291,1.0019173740017953
6292,0.4819503485612817
6293,4.600349499240257
6294,1.002519321734658
6295,0.891709223387352
6296,19.729248823147067
6297,1.6714144088121636
6298,0.0712873082406364
6299,0.5253228714646346
6300,78.82876800270463
6301,0.48861110981770894
6302,1.5532306318072449
6303,0.8521749442354543
6304,1.235520070979309
6305,0.14711050652583857
6306,2.708242630790119
6307,0.884248512517519
6308,0.42895086445191843
6309,0.3224382344174503
6310,0.39434157842301076
6311,0.5352299053570984
6312,0.7877419736325406
6313,0.45441910131124075
6314,2.5058440686729986
6315,1.5367005123443542
6316,0.5013588129767576
6317,0.9799695469969425
6318,0.7047459014018317
6319,2.800766644790718
6320,0.13068867910938237
6321,0.34588944469930705
6322,0.600205542280517
6323,1.207075252998453
6324,0.25841135267903026
6325,0.5069094828788734
6326,0.8838077197186852
6327,1.6166234022899588
6328,0.8945358355920984
6329,1.9290058290725831
6330,2.60672822412498
6331,3.2767665009652367
6332,2.545818338747761
6333,0.35364797137494963
6334,0.2509635536335269
6335,0.38418830419353706
6336,1.2163712132843694
6337,2.4101212142621935
6338,2.609354280016491
6339,0.26720537734422745
6340,0.06571994744210821
6341,1.9695303624062508
6342,0.9092050235147325
6343,6.073820312379736
6344,0.280435913869041
6345,0.0913289046104854
6346,0.4578363819161751
6347,0.5524230612498279
6348,0.9896617819969407
6349,0.433451476091667
6350,1.4138041747248236
6351,0.19761471682793819
6352,0.34944140979806526
6353,2.2981995270190576
6354,0.11948735745816524
6355,0.5780549113319249
6356,0.27889126796522185
6357,1.8896775202913416
6358,0.41848268008225487
6359,0.5560222839642686
6360,0.08915763619688356
6361,0.35831256323825006
6362,1.7375807754686077
6363,0.6577149744538036
6364,0.12877535576256036
6365,0.831445039808461
6366,1.0103373953713748
6367,0.3438993763320706
6368,3.9656761528249134
6369,1.5331930815136376
6370,0.7546529203428954
6371,1.2334922852274404
6372,0.1619107920235219
6373,1.9596687123626708
6374,1.1811183534927439
6375,1.1243252811681959
6376,0.6721478712143913
6377,1.1567999768512638
6378,3.992250172675417
6379,0.15460812294187265
6380,1.734115963445907
6381,0.0511335024526417
6382,0.6846913944797401
6383,7.154424763043339
6384,0.2388994606980745
6385,2.229152618509642
6386,0.1670919372829234
6387,0.41471853390228264
6388,0.2460373490747674
6389,9.816222253140783
6390,0.5548031734990284
6391,4.5285411412931325
6392,0.1350839289333968
6393,1.1107186574378232
6394,1.3730461460750139
6395,0.15372306627088997
6396,0.3759511729711876
6397,1.0517109527830026
6398,0.5381383498578738
6399,0.5324715131714604
6400,0.31544384690496763
6401,0.05822548704846396
6402,0.9176648606647613
6403,0.4109127199571757
6404,2.0808585162548723
6405,5.720423588428172
6406,2.409854367406233
6407,0.6401342347781318
6408,0.207589171868283
6409,0.1865273281104173
6410,1.8603806291771146
6411,0.3844665606850114
6412,0.10369319873559474
6413,0.5346159270013623
6414,0.42620881894213974
6415,1.4122915813269188
6416,0.6713816249191593
6417,1.9329060525469193
6418,0.7774532619228531
6419,0.1422406408555015
6420,2.5274278370080503
6421,0.9721886010254392
6422,1.5779427335009242
6423,0.07177330618649563
6424,2.503405111558823
6425,0.24066563676285252
6426,2.3864956356773104
6427,0.9867118395260199
6428,0.5584616356061495
6429,13.424092604459142
6430,0.3630481165911569
6431,2.492708060465108
6432,3.883507513897284
6433,0.36659100384128135
6434,0.6155970748924755
6435,0.21422035058201155
6436,1.1568095338568913
6437,1.2256932253988264
6438,0.9705905771784573
6439,1.0107345139386117
6440,1.684184117941801
6441,1.1648136662149913
6442,0.347855385864209
6443,0.6487639317325331
6444,1.7395112548124287
6445,0.09218989640125605
6446,0.18638092124130937
6447,0.4025771928420852
6448,2.538450194792562
6449,0.2871634749081952
6450,5.265543702008252
6451,0.3219548852660962
6452,0.3627081379657483
6453,0.1318253839612044
6454,19.324571432854036
6455,1.9510567001110262
6456,0.9603570046019791
6457,0.05753113512023807
6458,5.762633905963813
6459,0.15959096750297125
6460,1.5639804508173394
6461,6.332243453907624
6462,3.893067988693964
6463,0.7532124046657928
6464,0.46868104164515
6465,0.377336221292627
6466,0.8777177087122643
6467,0.5170939115154635
6468,2.1005639843733963
6469,1.5000296830621145
6470,0.9437640169269844
6471,1.0728597462889982
6472,0.8505521198856629
6473,0.910404702128957
6474,1.9763354093404049
6475,0.4029811502286028
6476,1.6486563336084832
6477,0.5391180030485617
6478,0.15311938880764436
6479,0.5665912811173923
6480,1.0037632903910128
6481,4.7621617460614525
6482,0.4477846854999279
6483,7.044997925893048
6484,2.532968681579367
6485,1.8435630477941665
6486,0.4024695162214048
6487,0.3648973953598169
6488,0.10111788232786734
6489,0.5470625410045761
6490,1.5432041245695096
6491,0.6915432021317414
6492,1.134318391276859
6493,0.10257475832261854
6494,0.5281700006508123
6495,0.9736150341972662
6496,0.5914254897280935
6497,0.18510309789128696
6498,0.1945139525419269
6499,1.1475308014009482
6500,1.7816731207467367
6501,0.3279250897629861
6502,0.8656406074882212
6503,0.45469901906210164
6504,0.09983186961373176
6505,0.29446799397198997
6506,4.196426455740157
6507,0.7994711950609075
6508,0.690572042846045
6509,0.11953348998997859
6510,0.163474120953099
6511,9.549855721329797
6512,1.15814834360693
6513,0.20823798778591046
6514,0.6318923948761845
6515,1.0908234009061126
6516,4.712509673305371
6517,1.7441062173252166
6518,3.6853045138044283
6519,0.2650676739900759
6520,0.03459873906870178
6521,3.081956272719966
6522,0.7664840918196523
6523,0.5780893973536303
6524,3.0886558824548276
6525,1.0976417488288357
6526,0.8929979331326329
6527,0.2122120600417554
6528,1.672708113544039
6529,1.9225736178986723
6530,3.361919568642235
6531,0.2534130371028618
6532,0.2569273498618949
6533,0.17543553790384653
6534,1.375076919292976
6535,0.36287158252878293
6536,0.9895320047946552
6537,0.9963409970262885
6538,2.786405858869976
6539,0.47644987831092445
6540,0.230758156261785
6541,0.4844008632721585
6542,0.5764466113892409
6543,0.606179041517324
6544,0.15068212636315195
6545,0.10227234801981944
6546,0.09792077993878782
6547,0.22520528319937894
6548,0.09409839116719455
6549,0.6562238695616819
6550,0.8067537300362109
6551,1.1280591596579943
6552,1.4577299064239833
6553,1.692627672260913
6554,0.16366957921100006
6555,1.1502159079011725
6556,0.7262701198740525
6557,0.19203174472964699
6558,0.25729559817747566
6559,0.16938479889196556
6560,0.6354683175340907
6561,0.6311097795179889
6562,0.38360493084721076
6563,0.727265789282538
6564,1.080642320878538
6565,0.7438166462025583
6566,1.044192252231726
6567,1.0033517612465295
6568,2.7105108724316302
6569,1.1277623564700332
6570,0.49122502384566596
6571,2.5827794776696043
6572,1.4605733127950304
6573,0.3202829597898326
6574,7.824553325111356
6575,1.9040744913510563
6576,1.0667370817718749
6577,1.4371783639521114
6578,0.16524719281755418
6579,0.34990515668494493
6580,0.2830655585818496
6581,0.48570357655978885
6582,0.12181835494281544
6583,0.15530986153570386
6584,8.549893093652141
6585,0.437232425361531
6586,0.70392575391446
6587,1.7753489268257956
6588,0.4485726660329544
6589,0.5651919883144417
6590,1.0867173796964797
6591,0.14511562118548335
6592,0.5009984671120523
6593,0.6032485865782543
6594,0.3641295843712517
6595,2.6084106047175544
6596,0.05702261842230138
6597,0.7792270917965797
6598,1.2561922815281052
6599,0.7924390495675606
6600,0.22652858410688645
6601,0.45801693182898084
6602,0.6005881142868772
6603,8.532079541587011
6604,12.904731745315255
6605,1.1202376083283803
6606,0.9186765182297449
6607,0.39086816773937455
6608,1.5420055454056822
6609,0.152754087293538
6610,0.2962287768768296
6611,0.34805056720442307
6612,0.16543591738848515
6613,0.36903998191242743
6614,1.3407577418876755
6615,1.4233430120748467
6616,0.893811505150711
6617,2.2367878386750792
6618,0.07614619549955601
6619,0.49417041869175027
6620,0.31011505392044547
6621,0.46319564893627874
6622,1.7331622329710872
6623,5.173022112093742
6624,1.3005189232355532
6625,6.486868535343925
6626,0.33227729805891915
6627,3.997447163246279
6628,0.6264873155040362
6629,2.982493169072065
6630,1.3895773376406038
6631,0.5452954263976677
6632,0.11777724224499757
6633,0.508073748583892
6634,0.5495678733998998
6635,0.7998768678088914
6636,1.0230325092517505
6637,1.258490573803686
6638,1.175485404174425
6639,1.2204330804686616
6640,2.218903581764865
6641,0.06710015038437622
6642,0.22633144850617418
6643,0.19888280080150256
6644,0.6236535675462745
6645,0.5206471506393148
6646,4.678273029000445
6647,11.635694814213913
6648,0.068836294434865
6649,0.6374995140506651
6650,0.9198766976991061
6651,1.790080019604583
6652,0.6254213989615157
6653,1.4499543500162217
6654,2.006641278151223
6655,0.43593797923846567
6656,1.1042614951011749
6657,1.7306708536822946
6658,1.8403913308330602
6659,28.410176120593995
6660,0.03839602829753625
6661,0.19449788489133543
6662,0.29063370144747847
6663,1.7841595506116723
6664,0.6186077774914269
6665,16.53182051429586
6666,0.28543843291544324
6667,2.1228628091020796
6668,2.007572312308497
6669,0.42835204697374424
6670,0.3274112010171605
6671,1.0720605561428658
6672,0.3121121101273827
6673,1.2361543858237853
6674,1.9541660147077797
6675,2.4425076019620984
6676,0.17530082791437165
6677,0.40939016236738385
6678,2.459616885408983
6679,0.9960413662563536
6680,0.7583503521370181
6681,2.4563679714828783
6682,0.4520820612817146
6683,0.4097866415548709
6684,1.1301526918624836
6685,0.17726403101889274
6686,3.2211261979931387
6687,1.1901821952625975
6688,5.491381823576146
6689,0.3424014584076988
6690,1.5654028659104542
6691,0.1982242063622101
6692,1.3087547590723025
6693,3.4683532144281366
6694,2.2079853557251545
6695,0.4026924994279835
6696,3.6228040113480415
6697,0.9530159722891064
6698,0.24049574706394744
6699,0.9606858981337101
6700,0.3509947347434298
6701,0.3056350289024737
6702,1.227739336833132
6703,0.977302292258425
6704,1.7846774291016678
6705,0.1712157219349903
6706,0.12218480612855223
6707,0.11877862750001664
6708,1.8519635301571997
6709,0.13318057405125128
6710,32.882845800576945
6711,0.2795535336853934
6712,0.8234163827172665
6713,0.24311056613673585
6714,0.7689567115626669
6715,0.10917813788794478
6716,1.4753631653377015
6717,2.0481640808010915
6718,0.4415390678754655
6719,0.6317044349216269
6720,1.7141342244043438
6721,1.2056994237539
6722,0.6825174917857857
6723,0.516853839563441
6724,0.9424580820946149
6725,0.31695273707696053
6726,0.09585358873031544
6727,0.6682320606268718
6728,0.7232517767792392
6729,0.15054380953790913
6730,0.7176118775127652
6731,0.6209459679717075
6732,0.8996052927086138
6733,0.5645419753374348
6734,0.10779323030142363
6735,0.6036465589165376
6736,0.5367583450758188
6737,2.470781138277974
6738,0.955753112225193
6739,1.141443284892809
6740,1.6978591821299043
6741,0.2880910768297931
6742,1.1717501928805967
6743,0.7164890718157595
6744,0.42700652413058177
6745,0.36024796481875637
6746,1.2314549054354822
6747,0.8368216511342319
6748,0.8401651040118244
6749,0.4526435251727732
6750,0.5597929534287034
6751,1.9794807607805207
6752,0.5151070927469485
6753,0.298106614129863
6754,0.253848192406532
6755,0.6213407353336804
6756,0.3217213819867427
6757,1.4478328109164842
6758,3.207701307840214
6759,0.19625235424908036
6760,1.0781156012430915
6761,1.9745564387589691
6762,0.36414161729835653
6763,0.24606212707277392
6764,0.44349672642485827
6765,1.5616994217995204
6766,1.157090315595032
6767,0.36699182392262253
6768,1.0836848777791237
6769,1.9475261959400068
6770,0.2042289049945024
6771,2.0365310348786165
6772,3.3161718582620807
6773,0.9130598722075389
6774,2.6273171073228676
6775,0.14751950210453607
6776,1.1521791898087042
6777,1.8729107311626962
6778,0.09824260002793309
6779,2.5438825841862593
6780,1.9269539874780974
6781,0.2735701995144614
6782,0.1670417816453134
6783,0.7419710119979788
6784,0.7089919505694932
6785,0.25463225045079513
6786,2.9620635809798506
6787,1.1968370196523064
6788,0.8330243886041229
6789,0.08113302917193715
6790,0.6706231609911336
6791,0.30588837961118315
6792,0.8726799941952772
6793,3.716480448661446
6794,1.9483591184935123
6795,0.7485062150161266
6796,0.0605530658481559
6797,0.23560102063387756
6798,0.09855524509131627
6799,3.2598386984453276
6800,0.952493083205968
6801,2.1335215068158133
6802,0.7334358318452039
6803,1.1020737699677399
6804,1.8670508306458105
6805,0.0606806155945223
6806,1.3773565081425767
6807,0.35408115253084754
6808,1.4626104157306963
6809,0.20241176374652736
6810,1.4131742824838347
6811,0.19784560435301018
6812,0.2596080359016001
6813,3.6630243815693095
6814,2.3127929016739754
6815,0.2590812976475447
6816,0.09653939901700184
6817,0.7101324872988473
6818,0.12196376708035311
6819,1.3774366796025088
6820,2.483283316972502
6821,0.06580709788413633
6822,0.481053420134248
6823,0.31407797162880946
6824,0.9029470666011559
6825,1.5249925837107976
6826,0.9822130928981356
6827,0.9297140927831138
6828,3.424662797150085
6829,2.1187578730796908
6830,0.6655380080977976
6831,0.8274454964729551
6832,0.5251331089138366
6833,2.567629949316708
6834,0.5675054972395256
6835,2.513546566231455
6836,5.61958803711685
6837,2.721343395203458
6838,0.4136375324004326
6839,0.5331177707813067
6840,0.29184103804972517
6841,1.0730951961731978
6842,0.23071972403639968
6843,2.277966538306347
6844,0.409680882649391
6845,0.43917998071979136
6846,0.029396566003602354
6847,3.859270736523447
6848,0.5823371551150007
6849,1.3635445461816884
6850,1.4185721017741055
6851,12.538338027472935
6852,1.7608104668673064
6853,1.8268953035256237
6854,1.4264762217674563
6855,0.257104366914508
6856,1.1157209018183396
6857,2.2325803839086333
6858,1.231128855201705
6859,0.44660694992231126
6860,4.779623666494614
6861,0.41354968555107924
6862,0.7646324702336275
6863,0.6878697435245735
6864,0.2493137834226258
6865,1.37327497572428
6866,1.583758838299585
6867,0.14156345644808016
6868,0.28499083856547214
6869,2.635139062956191
6870,0.3429216594919307
6871,1.429754094851793
6872,0.44825949245582875
6873,7.493309173291918
6874,0.4913309866419131
6875,2.3535923494592517
6876,1.1270859265577264
6877,0.3463597721215975
6878,1.6757460625221319
6879,3.195808501534656
6880,0.49349674820340894
6881,2.3194188060433913
6882,0.653963907499908
6883,0.5866972727509283
6884,2.1738338867137412
6885,1.330838413007549
6886,1.0016083583953213
6887,1.6713571613843805
6888,1.0556570576319992
6889,1.0356355270587774
6890,1.027696220999206
6891,0.33644590260539825
6892,0.4154403782177175
6893,0.7054502277900531
6894,0.2979707794457377
6895,0.9717630357120077
6896,1.2211766308610374
6897,0.6965661996148068
6898,1.7378302260181115
6899,2.309588569181568
6900,1.1936436214198047
6901,0.05863322670594216
6902,0.8066124381388667
6903,1.2358870077886108
6904,0.20416508482519607
6905,0.2737880168361425
6906,0.36683288959039484
6907,4.60492048181899
6908,0.42134655960228473
6909,1.029263733349789
6910,5.171466596627552
6911,1.0966277845910297
6912,2.8251976091481428
6913,0.49592540215721836
6914,1.089709723525048
6915,0.4751798916202884
6916,0.22914680141961996
6917,0.5290489117937915
6918,0.4843642401788661
6919,1.218004807110879
6920,1.715157603672847
6921,0.6988280778269194
6922,0.2781391349086122
6923,0.12095015656165065
6924,0.1503692042471048
6925,0.8395526317159341
6926,0.6264549140521802
6927,0.42899295463025583
6928,0.27995369251393853
6929,0.27024547829197215
6930,2.047163618887875
6931,0.8385559727347216
6932,8.004850259937662
6933,16.30326335045326
6934,2.038011415819685
6935,1.2340373228695904
6936,0.6336031334039295
6937,1.6892121052455913
6938,0.38890303695987205
6939,0.07845856459951968
6940,0.6156624693169104
6941,0.17655903346323956
6942,1.7948725677241604
6943,2.740073885387568
6944,0.1503709404280415
6945,1.8173925157487556
6946,0.2076041299423543
6947,0.1776329645600187
6948,0.5374390252792389
6949,1.690502486898655
6950,1.206899942476505
6951,0.3104175935776679
6952,2.2606287091844957
6953,0.2161873993601567
6954,0.8314660798695084
6955,2.5431484043295014
6956,2.4237011438067846
6957,0.6153667487244736
6958,0.5563735080431715
6959,2.2620278538691707
6960,2.6021665804402625
6961,2.366866573390691
6962,1.67287322412428
6963,0.3665244836083645
6964,1.1326517335941553
6965,0.8095175486903678
6966,2.632304545904047
6967,1.8113972986653133
6968,1.2974487999370214
6969,0.3209097934703065
6970,1.7477946380360585
6971,0.3426515238610894
6972,2.6688839056956146
6973,1.8531303984688647
6974,0.17206668717520676
6975,0.7895295961578077
6976,5.81228107779572
6977,2.7682652434442145
6978,0.9333743660896034
6979,25.241129498181806
6980,0.30419284022154597
6981,0.4490211555939997
6982,0.6362342012442833
6983,0.918751112922341
6984,0.8079508419752592
6985,2.1493594630439077
6986,2.1005827751319885
6987,1.153731477123886
6988,0.4496447624936523
6989,0.6071618749049733
6990,0.059472730215367905
6991,4.882424031990932
6992,0.3188503493640516
6993,0.2772851648115343
6994,7.054812760512089
6995,3.1864442749290833
6996,1.8252999387179758
6997,0.9934091574994529
6998,0.4018495207069687
6999,1.6342655116984306
7000,0.27417282840949275
7001,0.05814938459542451
7002,0.3070831877916476
7003,0.32497737816020644
7004,2.134538772092088
7005,0.5453283432835961
7006,0.4170378000607275
7007,0.27442580902027996
7008,1.4695283246759185
7009,0.35610367146907806
7010,1.5133325050564443
7011,7.844344412112643
7012,0.36315250399071936
7013,0.4047343713035117
7014,0.29552593627637647
7015,1.5133825230848836
7016,0.44572970140211904
7017,0.19238363425959604
7018,1.4529317749177655
7019,1.4410972924192327
7020,0.5816461600416668
7021,0.7820975144169942
7022,0.8081680424829831
7023,3.8218963628238494
7024,1.4509955443901552
7025,1.5337430170027346
7026,1.0763650778597762
7027,0.33664562181780655
7028,1.6592079579969767
7029,0.7544193526746761
7030,0.1531767910852489
7031,0.57712523147835
7032,0.16751692697128437
7033,1.4823587231112814
7034,6.993522591241618
7035,1.179887919818039
7036,0.06751729448547183
7037,1.4000634850774538
7038,0.643264560069839
7039,0.9516716860642299
7040,1.1820514338209243
7041,0.5838671273512736
7042,1.6115562169455047
7043,0.11323121870705183
7044,2.4475167395241586
7045,0.45699039424633825
7046,5.317218636776487
7047,1.4729541828187624
7048,0.34654901563086277
7049,0.2182272554775528
7050,0.6243755032653604
7051,2.42299915964256
7052,0.20930423126823372
7053,0.1011667827244519
7054,1.5174239994651606
7055,0.9802764162706844
7056,0.7813523358460186
7057,0.428650166689697
7058,2.000127615036837
7059,1.483860859078707
7060,1.7070528890586942
7061,0.713986900423883
7062,0.06679134904337443
7063,0.18481272102781166
7064,0.09184103059220804
7065,0.687722088160872
7066,0.1726908609615866
7067,1.397408630445948
7068,0.3125887624258103
7069,1.5415174753893668
7070,0.030839479624172685
7071,0.11179757070837645
7072,1.4830597811336776
7073,1.1602953910619758
7074,0.19043743956230655
7075,0.3956487982329195
7076,0.3105882354225582
7077,0.30548347922053176
7078,1.8021614966342376
7079,0.1554883301815466
7080,0.3003865281690659
7081,1.7971001856027675
7082,1.2279578688751531
7083,1.6105380322581073
7084,0.4655552168710396
7085,3.676440180747364
7086,3.537777744312661
7087,0.43428803447141756
7088,0.5077720435767092
7089,0.4872744106575627
7090,0.5849000812355996
7091,1.0633235990990932
7092,0.8802399507829377
7093,0.3403137105912841
7094,0.9159185304604693
7095,13.189565350089
7096,0.7372259206117976
7097,2.524799466165201
7098,5.784079516896926
7099,0.4673892831192099
7100,0.453322656166829
7101,2.6862845432149225
7102,0.6969368802998168
7103,0.4373432590536431
7104,1.268802633761165
7105,0.40804167210317466
7106,0.2187405467962471
7107,0.5135280050665659
7108,60.38216268025968
7109,0.6346897722505667
7110,3.620178424367937
7111,0.35947085365321046
7112,0.09820285167307143
7113,0.11865616701655396
7114,3.5154612855931626
7115,3.321061326521017
7116,1.4023679489398155
7117,1.4652838298599533
7118,1.4391458981320504
7119,0.8041559109109157
7120,0.08706765846912772
7121,0.09369992805483109
7122,1.2668562477859528
7123,4.993506297969349
7124,1.4054841817810428
7125,1.5152428272495646
7126,2.5324141597107266
7127,1.6674918108695762
7128,1.3571178862336744
7129,0.900134489326267
7130,2.0562999734428127
7131,0.4537767425424812
7132,0.46989095478048765
7133,1.8525251607926856
7134,0.6747912816152319
7135,0.21787156766689644
7136,9.533262910726771
7137,3.015338401722712
7138,0.4706667978332921
7139,1.5430649228401003
7140,0.7080757933929057
7141,1.7076955985456315
7142,1.297373773685719
7143,1.4431847895792211
7144,1.9725378949296497
7145,1.0182526927708824
7146,3.338811273302398
7147,0.128199277236
7148,0.8557350033909787
7149,2.0302231236679993
7150,0.35157888624702666
7151,7.845845814947174
7152,0.7997054176807072
7153,0.2256253103230822
7154,1.9474069337058526
7155,0.6611724691524196
7156,0.15622645518080186
7157,0.2472004145815747
7158,1.9712712529442005
7159,3.42350402046291
7160,0.0619763499888985
7161,0.4904965156482892
7162,1.0335138727249218
7163,0.31212064646561893
7164,0.6105454585938834
7165,0.7093939693187213
7166,1.1985962146176306
7167,3.902575288969529
7168,1.6295432811941013
7169,1.53568358093431
7170,0.4484961145059692
7171,0.7244651887452285
7172,0.9008055691671035
7173,1.2674356023902003
7174,2.1579262270058983
7175,6.804760346321742
7176,0.16819883977814548
7177,0.726002396739203
7178,0.31298732698878395
7179,0.9009329151786505
7180,3.288349204674467
7181,0.5971449746900002
7182,3.5862059038885397
7183,1.8248548677862806
7184,0.3872809862330676
7185,0.15548337684296765
7186,0.45536886713059554
7187,0.10748757737669512
7188,0.4896830109464182
7189,1.4186793277858845
7190,0.10620423596978713
7191,0.48313430315413497
7192,0.21758923448601813
7193,0.5693830879151066
7194,0.46868727147703987
7195,0.7552499561430318
7196,0.05597082836344242
7197,0.5394277857742195
7198,2.642344050966725
7199,0.07340151818021902
7200,1.6014896741672406
7201,1.0481744236952506
7202,0.9007534985416442
7203,0.6369065073611183
7204,0.184546966139662
7205,1.9062982131348551
7206,0.3369765773858095
7207,0.4254491002940579
7208,0.3568562542728611
7209,0.3280449528707372
7210,0.9203022370011656
7211,0.18982146192104926
7212,0.26322434212462453
7213,1.089772990771327
7214,0.6882477628539679
7215,4.542274290926189
7216,0.7047935465501424
7217,0.6711592439105194
7218,0.8660551218800414
7219,0.6347529550849446
7220,0.14904098718587386
7221,1.4431181239490878
7222,0.07184232166843303
7223,0.6687505025823133
7224,0.47885983015294614
7225,1.3926446926318194
7226,2.5892930007631043
7227,1.9361485546485984
7228,5.668039752914791
7229,0.7696699221199628
7230,1.2122504708663682
7231,0.7478475462891168
7232,0.8546345302154509
7233,0.858664794094589
7234,1.2467349915391013
7235,0.07798345690459177
7236,1.0800359700513429
7237,0.4614967583936427
7238,0.6723191762436445
7239,0.1456688679942387
7240,4.214957627980887
7241,0.8083782835615912
7242,2.901522473409404
7243,0.858387149150692
7244,0.7069850165435222
7245,0.09159983230167518
7246,1.0878331477169918
7247,0.4734001745139392
7248,0.5308090273756965
7249,10.394700642005287
7250,1.3224108068912328
7251,5.1292319026364
7252,0.05618499871950434
7253,0.5078228385717033
7254,1.0054511328110238
7255,3.054023347001781
7256,1.312855871413696
7257,1.1495859080581217
7258,0.4007946055256729
7259,0.15697010466823882
7260,0.40086666850838254
7261,0.534300124346804
7262,0.5890269959451455
7263,0.9062336373675437
7264,0.41328577135848504
7265,3.3529365005492493
7266,2.409066638532418
7267,0.4455627352026103
7268,0.7285210910161601
7269,0.9109369870300109
7270,4.017369211946561
7271,0.22965555288960998
7272,0.24804197276698614
7273,0.7298778474071872
7274,0.41374923586191825
7275,0.14608000912309388
7276,0.725826444824561
7277,1.9571223352041518
7278,0.1518666946597506
7279,1.5311768365493503
7280,0.13083664381596435
7281,2.814448333736738
7282,0.08451211192091498
7283,2.258497422545876
7284,0.8929686368936508
7285,0.35414066750535816
7286,0.41318529638821927
7287,0.7080586093564382
7288,0.3057737302270524
7289,0.8329089186006609
7290,3.250071803636731
7291,8.290113304916312
7292,1.7753639075266547
7293,0.5325029665090557
7294,0.09169766470409213
7295,1.2195106808670335
7296,0.10749154720192733
7297,0.29753917679244263
7298,1.7904505977776382
7299,0.7992133228720862
7300,1.7645244619595786
7301,0.9862125056625666
7302,0.4765206710001434
7303,0.2755251224736827
7304,0.8807109932193944
7305,2.3510886924132177
7306,0.8139302600522321
7307,0.7078761567231806
7308,1.100362887926316
7309,0.4288820331984096
7310,1.5283158665048078
7311,0.7030956025434466
7312,4.006255605892392
7313,0.7145439651150135
7314,1.6986888087090597
7315,3.1789018292246722
7316,0.27574106787431063
7317,0.22916596423216273
7318,0.3378128336256329
7319,0.5367263693418733
7320,0.5587915102651957
7321,0.03250257132308574
7322,1.0835645385713206
7323,0.8134755795165687
7324,4.264319163968832
7325,2.1658565454423457
7326,0.9055783491273895
7327,0.9104815508620657
7328,0.1815399810458473
7329,0.8455445753753714
7330,0.8340898774390982
7331,0.3129567799191357
7332,0.2071836602291537
7333,0.15484481770358044
7334,1.3853623359013394
7335,0.09589177290408886
7336,1.7720846046455885
7337,1.3164067676150455
7338,0.5538495555141678
7339,1.0770167487786309
7340,0.20113952441646868
7341,0.9667174747605555
7342,0.5464128707737561
7343,0.7233370985979976
7344,0.8642920388465789
7345,0.22155740154943976
7346,0.34984220069207406
7347,1.8469509064620808
7348,4.3605256394508745
7349,1.4139403602249057
7350,0.6869155589227254
7351,0.4601131762639765
7352,1.6425404680826046
7353,2.689338816517402
7354,0.4047484489006623
7355,0.6742954854252485
7356,0.4715447077476362
7357,0.07042799542286114
7358,0.42257044191530635
7359,0.8012049202773271
7360,1.3480987865817586
7361,0.6098967745905417
7362,0.4955673684538571
7363,0.7892333351994564
7364,1.880493940480995
7365,0.969958492037368
7366,0.8827365048324851
7367,0.7271515525270441
7368,0.13757970822517201
7369,0.135185451009419
7370,0.1358465073078733
7371,1.9905395432951152
7372,0.8243254618837693
7373,1.3488682487511126
7374,0.2655857427668559
7375,0.04442735949656482
7376,0.5452026244619049
7377,0.05111698428869455
7378,0.7355874762594009
7379,0.09499005327478866
7380,0.6443870918640265
7381,0.7207555861594414
7382,0.06791434932939727
7383,0.8671162999542631
7384,0.6816598151644333
7385,2.375067784192286
7386,0.7415148402418866
7387,0.13834347537311384
7388,0.712738694489782
7389,0.14430592112661755
7390,1.850914538400362
7391,1.0537502734327422
7392,1.1750136490149254
7393,0.3503135649915391
7394,3.900865876265294
7395,2.843279391779086
7396,0.24678165368196253
7397,0.9082934460877863
7398,0.62131817048555
7399,3.5512231026792564
7400,1.4566610824464015
7401,3.3652355018593236
7402,1.4628471668427936
7403,2.003802496752612
7404,1.8610362474123716
7405,1.8756348054674936
7406,0.6409937544157861
7407,1.2895652374795938
7408,0.4857855777506079
7409,0.22057369140418812
7410,0.9605632660045882
7411,0.8008202627083069
7412,0.22151959285623884
7413,0.8122879501317308
7414,0.17422389470908942
7415,0.29046090585779333
7416,1.9491099761459223
7417,0.3235059061325914
7418,0.22161227675796585
7419,0.2667183907079719
7420,0.1919195864237794
7421,0.4022702397950999
7422,0.6106196272246398
7423,0.12932138270206212
7424,0.24387441268611443
7425,0.8610737345015519
7426,0.12791860265835595
7427,1.626133788640694
7428,2.9233249869528706
7429,0.7531222688172391
7430,0.63012101169113
7431,0.10676776267373327
7432,0.7571065230799519
7433,1.883824384412639
7434,0.0487345265825013
7435,2.899234672739273
7436,0.18924643425732907
7437,0.17237166001773785
7438,0.07632519758745204
7439,0.4657336528579975
7440,0.15640012171581638
7441,2.344838667737255
7442,0.13939337185823383
7443,1.282739898548947
7444,0.579302950737227
7445,2.9537021195104116
7446,0.13539783235154076
7447,0.12933168534648337
7448,0.22986993685276047
7449,0.12818013355742208
7450,0.10867874354271316
7451,1.1062260474150918
7452,0.35189510579755207
7453,3.9736887856040064
7454,0.19406599979723388
7455,0.3725829868026889
7456,0.6375579729567338
7457,1.8545790067966668
7458,1.5130205746252614
7459,1.8336995781432686
7460,1.559199411909493
7461,2.781233649475274
7462,0.9168904823977395
7463,0.526791460435444
7464,1.4681208999380628
7465,1.6218924626574573
7466,0.11869413486615818
7467,0.09887988819469622
7468,0.3831099553298671
7469,0.4207847251960617
7470,0.22631120325203574
7471,1.0884661022882869
7472,1.194036741547738
7473,1.3396848811961815
7474,0.5879670157873492
7475,0.5303873767576931
7476,0.8076315951226231
7477,0.6099528393905104
7478,0.13857985214800594
7479,2.252753523796873
7480,0.13663969629345854
7481,0.6358814579272345
7482,0.6048582020832602
7483,0.7122831450291603
7484,0.9313774599695295
7485,1.606451618130067
7486,4.307977202185802
7487,27.41776030368165
7488,0.24103626977667292
7489,1.9015484965768497
7490,1.342242620355116
7491,1.0061703470869634
7492,2.22728930155773
7493,0.3335573727841288
7494,0.08818477128987877
7495,1.8488289617908522
7496,1.4007520599959973
7497,0.1579322505624863
7498,1.7278398202772385
7499,0.19186012206402864
7500,7.295979355962473
7501,1.823016787892838
7502,0.2634274911121021
7503,0.22044150700251172
7504,4.734723356340674
7505,5.339405351829317
7506,0.28152702175666755
7507,1.2884192217603414
7508,2.180606546495962
7509,0.3276996379822774
7510,1.2643592094450284
7511,7.952267847993513
7512,1.3956354523235337
7513,0.6518805764461287
7514,2630.3253083237896
7515,0.48166638104871806
7516,2.0169974408955045
7517,0.08850543428906178
7518,0.24452231895795978
7519,0.7632622921837233
7520,0.6574196221314828
7521,0.9920374070275912
7522,0.8844759552758465
7523,0.34625856164359126
7524,0.1608762037399395
7525,0.8380028824768739
7526,1.972579704986256
7527,0.2078682025464902
7528,0.44222646985001607
7529,0.4979293861709182
7530,3.43107129958051
7531,0.8744225760010026
7532,0.12691456708716836
7533,0.4640464751742223
7534,0.17105653959205322
7535,2.0553234415145045
7536,0.6385664259224456
7537,0.6768739758252382
7538,0.1537023649270137
7539,0.6353355247718754
7540,2.9321427564256246
7541,0.15157376847343468
7542,0.9360741770632199
7543,0.7693287912062855
7544,1.8043047816415148
7545,0.050100164858031496
7546,0.036097055255049096
7547,0.028599955088302688
7548,0.17604262122924955
7549,0.33534999950820715
7550,0.8912818869772992
7551,1.3507948156990737
7552,1.2059153200322688
7553,0.09833213609478708
7554,4.809735664419224
7555,0.6396776387418445
7556,1.0311504483880543
7557,2.47241536472591
7558,1.608842800133708
7559,0.0937344243359397
7560,1.9546573316482438
7561,1.292610110989659
7562,1.1691438807468368
7563,1.024083213502261
7564,1.4503578447920247
7565,3.6799223509015726
7566,0.8900158981804676
7567,0.6185777020960825
7568,3.219166647559049
7569,0.2966985948239734
7570,0.8591325248932887
7571,2.5593747459589182
7572,0.2616108884653874
7573,0.42562904467120866
7574,3.5499396934647995
7575,1.1103991457966103
7576,0.38271726135412487
7577,0.3313029378008051
7578,2.88276287138277
7579,12.057221484452008
7580,1.0793577560317131
7581,1.466935357391832
7582,0.741807292763836
7583,1.6945863834172614
7584,0.1600616291131215
7585,1.2070867356231605
7586,2.286046463540327
7587,1.0128916835537305
7588,2.0162522915176595
7589,0.397974974395587
7590,2.2447268561113916
7591,0.7417317470656559
7592,0.28579825672293907
7593,0.7264604503241076
7594,1.5081880987920266
7595,1.078211181254753
7596,0.5291323800607071
7597,0.8756077620053027
7598,2.339010692048982
7599,0.5320203198629805
7600,0.7323253188445233
7601,1.1900851044338638
7602,0.9180858368271616
7603,4.9382581391301414
7604,0.2992913144852479
7605,2.6024159581886517
7606,0.959387009118114
7607,0.08813421475228916
7608,0.94135804070277
7609,7.319193116186415
7610,2.051935991359598
7611,1.8540266083025003
7612,1.376019485184481
7613,1.0413104745312154
7614,3.9981685802315705
7615,0.8643779340692438
7616,0.9626160704789024
7617,2.3600979126155934
7618,0.3928929180606895
7619,0.8736164105330203
7620,1.0423834110919843
7621,0.10724225231981546
7622,0.45815017233159144
7623,0.2642650645132029
7624,2.948616102064823
7625,0.22478586906268702
7626,0.3729275670422678
7627,1.1914783865621925
7628,0.6438098030425694
7629,3.471301595184773
7630,1.6867085269572504
7631,1.162692484411591
7632,0.35494877659275015
7633,0.29175315615040065
7634,0.21858368668821318
7635,0.5012152141729266
7636,0.22123848837810117
7637,2.3232587425019053
7638,5.268915897411038
7639,0.5490467570756227
7640,2.625210755993752
7641,1.1327562552759447
7642,0.5131373395544223
7643,2.142191645552707
7644,0.21839598913776145
7645,1.8969830205668625
7646,0.8279251327577816
7647,0.055159510686537336
7648,3.5671931431556194
7649,2.1247031977566713
7650,0.1209406410374125
7651,1.6558313539805198
7652,1.6672766856806434
7653,1.3933929684039095
7654,0.25861706870598056
7655,1.1284250684186796
7656,0.020804037654099373
7657,1.0607504744867238
7658,5.984636150401147
7659,0.09399552072038961
7660,8.15164390269282
7661,0.2745403199523754
7662,0.7732001836970329
7663,3.4592309866216415
7664,1.4381528617217467
7665,1.0988599831050139
7666,4.539456531991116
7667,1.6945083732422181
7668,0.20509436013703677
7669,0.26093806505191913
7670,0.21312957121176415
7671,0.33769509022517563
7672,3.8228984351649835
7673,1.5527080477462674
7674,1.0276762127947232
7675,0.9468431728119673
7676,0.5965057446298808
7677,0.32571893016842
7678,1.5652012511362952
7679,0.3949081923236272
7680,0.43334043886905577
7681,0.33719533779767613
7682,2.5563596609439116
7683,0.48598870588101156
7684,3.787405160100571
7685,1.7967436598401478
7686,0.15556986772159737
7687,0.06960992628966343
7688,1.6447183755147559
7689,1.6990107499735665
7690,1.7879522727147872
7691,0.15751428610049695
7692,0.1830162395070794
7693,0.17941339123404945
7694,0.33285750116576
7695,1.9767435079272848
7696,0.38580946942143357
7697,0.4298049318320251
7698,0.12374458330408047
7699,1.453971914712647
7700,0.9291604244597462
7701,0.09737205000551177
7702,0.1906377772030136
7703,1.7362233244032412
7704,0.9663714035160055
7705,0.6112023147625305
7706,0.12154924962392868
7707,0.43754186398419637
7708,1.6370882087963876
7709,1.2913542035121846
7710,1.7994366473888057
7711,0.6003471717734321
7712,1.3901037158684522
7713,2.1876891702491483
7714,0.3303877166081168
7715,0.3496893293257962
7716,0.8336086073797424
7717,1.832199734350317
7718,4.899903521137686
7719,1.2208182288882048
7720,1.7144824810102453
7721,1.7442339252750847
7722,0.46351940298201005
7723,0.4346496252304353
7724,0.3627297241342726
7725,2.0232824133828258
7726,0.10372569300670675
7727,0.9069844927824111
7728,1.5805375756384112
7729,1.3456064053888896
7730,0.22255511427378538
7731,0.15027823407285792
7732,0.2309264286377655
7733,0.37208806340568723
7734,1.5663894515571168
7735,0.3145857558690689
7736,1.7802772563411375
7737,1.6466786226721568
7738,1.2181267642066913
7739,1.2539393590246073
7740,0.0681754418816562
7741,0.5756802710486857
7742,0.991847262214476
7743,0.44119552235048226
7744,0.4589339559105267
7745,1.8986919062529624
7746,1.4825711851020973
7747,0.5251735231920507
7748,0.3474307822320801
7749,0.1652267609369547
7750,0.1363693472445649
7751,0.6115602618427548
7752,0.2566992010231518
7753,0.553514102248366
7754,1.3070776644403266
7755,0.4936037575890975
7756,0.6752118922555579
7757,0.8418481853929408
7758,0.675601417233144
7759,1.162456929607953
7760,0.4360362955490663
7761,0.14067911065598315
7762,1.0165684807516466
7763,1.167102867759575
7764,1.0526450569157928
7765,0.14240354033945565
7766,0.4890521769507888
7767,0.22569073154150232
7768,0.27161197812632837
7769,3.1062032866164615
7770,1.2693808891404064
7771,0.09393651981114545
7772,0.8242548553427042
7773,0.22974980270565518
7774,0.4818665569724501
7775,5.28987450467836
7776,1.1739493983515321
7777,5.306450848868742
7778,0.5854630788138031
7779,0.6502419548573568
7780,0.03311024543281359
7781,0.2600071782747927
7782,0.8820717791467267
7783,0.5478957622044696
7784,0.32017054415819135
7785,0.09320345670798955
7786,29.116825529322814
7787,0.335180761031635
7788,0.11071610190829387
7789,0.458963054368322
7790,0.08292406082075782
7791,0.2865669352521328
7792,0.10688019850386425
7793,1.6768066298309492
7794,0.8317387796079871
7795,0.1671968101784597
7796,0.3982855058423261
7797,2.2560383003327207
7798,0.37858713665251637
7799,3.7038812554891813
7800,1.4936103977793294
7801,0.5711202992212773
7802,0.3343366293634586
7803,0.11174594906468549
7804,0.7280338383256271
7805,1.104067476503547
7806,0.1435581099797968
7807,7.338615593301186
7808,2.21783801148228
7809,0.17109236602127448
7810,0.5057257407381354
7811,0.4739815384785614
7812,3.8033334101893734
7813,0.7161570267616942
7814,1.6305748153251653
7815,1.0191732538403049
7816,24.682159325787875
7817,0.4557790353752298
7818,0.2186788490800185
7819,0.1790924300522403
7820,0.21625787483577147
7821,0.14815300223544517
7822,0.17614490960874216
7823,3.2831193566922767
7824,0.3161055766738199
7825,0.1158345558594847
7826,1.3848277490650909
7827,0.4476373932893384
7828,1.1603362280120009
7829,0.36284771542643895
7830,0.199098886048577
7831,2.060229405175006
7832,3.9234736646009774
7833,1.2570808923502241
7834,0.143344289356868
7835,0.7589839347595233
7836,0.3485246095293042
7837,0.7072412943180058
7838,1.1332085094487758
7839,0.037826243558278905
7840,1.896517261079757
7841,3.1773058099832543
7842,0.12836320348541366
7843,0.5504022810305721
7844,1.2756822596854265
7845,0.43169179266158075
7846,2.2083018349840753
7847,0.788454078981611
7848,1.2334569299621296
7849,0.38969790425349293
7850,4.685784280582314
7851,0.9400027198688284
7852,0.7748659092982816
7853,0.5906705704130535
7854,0.15380382563824435
7855,0.6237431026383147
7856,2.826392104520369
7857,0.2200599528171048
7858,0.044990288181560305
7859,2.543328494261563
7860,1.0886492895090278
7861,0.23744455820139332
7862,1.8251745847337335
7863,0.873592692778708
7864,1.6608428618219795
7865,0.6349534226830424
7866,0.4992308509136516
7867,0.996445225571753
7868,0.2757027926039443
7869,0.2711476722487667
7870,0.6619491308337517
7871,0.026420928037840182
7872,0.8193206166347005
7873,0.12652072399807615
7874,5.15548453142591
7875,1.410822857528597
7876,0.4313129232834019
7877,1.5154420583940988
7878,2.045131122894053
7879,0.31296596860062303
7880,1.0727039491264205
7881,1.8511688331723755
7882,1.0686802203167862
7883,0.4731252455062534
7884,2.048767710986809
7885,0.27894151033712544
7886,1.0053264856048945
7887,2.1183474996286606
7888,0.02824352889247844
7889,0.9392703983350676
7890,1.232443953156879
7891,0.9165587215005028
7892,1.0873764687281637
7893,0.7991761248549334
7894,0.2051622398080277
7895,0.1610044213430412
7896,0.8155608808593297
7897,3.4650059343508905
7898,0.4329998440564279
7899,0.15445390103724235
7900,0.5201933495041643
7901,0.6867651459317217
7902,0.7000075856244055
7903,0.7284628803344715
7904,0.9240999258991163
7905,0.856453413232398
7906,0.3144197410382812
7907,0.10346745616005344
7908,0.5504605761803837
7909,0.5815420328939368
7910,0.30705124830175545
7911,0.5741693372848318
7912,0.7655417887063565
7913,0.9939825189085414
7914,0.4243258140599521
7915,0.6630890205339988
7916,0.3503583267619636
7917,2.3970242327236293
7918,2.983942941223746
7919,2.0260085446846614
7920,4.998222136579561
7921,0.11940778022875559
7922,1.0429436621415702
7923,4.549693971369491
7924,2.4353354714570945
7925,0.42682661549749856
7926,1.2553401751053022
7927,0.0347527836401327
7928,0.5991642459891469
7929,0.05632725892927873
7930,0.7452295501920955
7931,2.3248214688353386
7932,1.0578890438941984
7933,1.7640131013151423
7934,0.2791820132337737
7935,0.42124656052195647
7936,4.519650608645872
7937,0.18281288288933897
7938,0.14555429596581834
7939,0.29969562234980257
7940,2.0195454123346184
7941,0.2800557312630508
7942,0.17625016541290148
7943,1.5407929299028267
7944,0.7383261916048793
7945,0.4112129536768775
7946,0.12306704619166474
7947,0.9472412014069885
7948,3.3886612391935267
7949,0.39972246724757315
7950,1.0626653349161899
7951,0.8391567481953516
7952,1.0964237606567244
7953,0.23702472473436087
7954,0.23206912449098266
7955,2.00077934195516
7956,2.305871221482001
7957,0.9353708904247717
7958,0.1105043321413315
7959,0.4593601673189418
7960,0.24504047320113093
7961,0.6664438170250819
7962,4.845504968048315
7963,0.20347358660760412
7964,9.696525577221644
7965,1.591844400309464
7966,0.5132014748976529
7967,3.6170304348540685
7968,0.9248671612206499
7969,0.4814168639152101
7970,0.6270090829719237
7971,1.3483207065084766
7972,0.25449502906847327
7973,0.13026278725467455
7974,2.045085689246274
7975,0.916734609222154
7976,1.261492373404265
7977,0.941560037860824
7978,1.1265393061778015
7979,1.1322079797539142
7980,1.0410644816011285
7981,0.6724307787183595
7982,0.43685292806015275
7983,1.0941866243378513
7984,1.7937655369174257
7985,1.2512316615407808
7986,0.5679875415250569
7987,0.5586339813118225
7988,1.4259901244504072
7989,1.639565220411365
7990,0.08932668650303584
7991,0.7539485121489629
7992,2.8287600722124533
7993,0.07734227458777215
7994,1.3187883983662583
7995,0.2055224366372861
7996,1.1292670563467406
7997,0.22688993160907575
7998,0.3212895929810718
7999,1.5306841836062963
8000,0.41980499658919074
8001,0.8676165469390191
8002,0.9378043351661668
8003,0.10626118635372162
8004,5.230479871186129
8005,0.8160737107104191
8006,7.262719074715207
8007,0.8315957161963143
8008,0.5007151253992834
8009,0.7244748420818876
8010,0.08526076069741341
8011,0.5193550071919834
8012,0.023137871401133416
8013,1.2719722638137578
8014,1.944806342750014
8015,3.8208786847453573
8016,1.1778428466240736
8017,0.4875248136024829
8018,0.7752211814270904
8019,2.5920029213089806
8020,1.0283253037447677
8021,0.9568946956469243
8022,1.4562034473872327
8023,2.39299680569537
8024,7.262050170995986
8025,0.35488133172469233
8026,0.11034431969341414
8027,0.6061607195339251
8028,4.487915525020248
8029,0.37235664380096173
8030,0.11777663707855951
8031,0.5161085648711852
8032,1.1690329142864242
8033,2.8412564935037716
8034,3.0793458069522264
8035,0.24962028938319367
8036,0.12874073739161554
8037,0.31924533527813914
8038,0.2853717656910719
8039,0.443244102688908
8040,0.22643007317202724
8041,0.21363968685301737
8042,1.3856206629630479
8043,0.2679742997032881
8044,0.5708144674828874
8045,0.8451968433706075
8046,0.9298851173577336
8047,0.49379753726724085
8048,0.43613572248832455
8049,0.4812577700700785
8050,2.0610540544855644
8051,0.6490205665024831
8052,0.49386766882557004
8053,2.0509445702218185
8054,2.492424016766929
8055,0.6478870001746361
8056,0.06673218999050995
8057,0.24676409198987392
8058,2.2659920957296187
8059,1.6860376187423989
8060,1.733000500566658
8061,0.3864512558510633
8062,1.3438097880522997
8063,0.749048524042069
8064,0.1729350354371034
8065,2.653763897440923
8066,0.30052018236556666
8067,0.7223454508941722
8068,0.7000669979112277
8069,0.06353191649921827
8070,1.019575357699202
8071,1.7475299236230049
8072,0.07903040452977096
8073,0.2871613268550412
8074,0.3511523089991451
8075,2.1386540388596784
8076,0.1650391434688551
8077,0.361258478662358
8078,0.9666862075048693
8079,1.0459850391875785
8080,0.16990387924311773
8081,0.41173424110171536
8082,2.459304337312546
8083,1.0422931398851207
8084,1.3040845935130674
8085,1.731117178991346
8086,0.6857696401834029
8087,3.0902446556156002
8088,1.630718201979501
8089,0.11854730653669528
8090,2.3340565441004535
8091,0.6357733265729746
8092,3.5946201610872306
8093,2.1912922277984803
8094,3.1683349117530937
8095,0.23532139035049268
8096,1.0462399891415586
8097,0.9586196161028571
8098,23.830433821862943
8099,1.4576813022371105
8100,0.29860205482102126
8101,1.500139467685157
8102,1.581794268103708
8103,5.447315636758436
8104,0.8156997247753739
8105,3.4043280990625737
8106,2.1816290669204084
8107,1.5021182395694626
8108,1.8504284079689386
8109,0.45664505395718763
8110,1.0007494773057768
8111,0.3328455467581434
8112,0.22704150094204786
8113,0.18313081273158133
8114,0.7360546066884042
8115,1.715687056130923
8116,0.24547207166807003
8117,0.07479807026326539
8118,0.07161074903173141
8119,1.2435070149758847
8120,0.5144873031400963
8121,2.338899810530963
8122,0.15394860095165333
8123,0.9181979751426058
8124,0.41847988560916205
8125,1.7346090241057415
8126,0.29017735466289324
8127,1.0169820690992708
8128,0.41854291339228306
8129,0.6296697833748947
8130,0.3255503934408114
8131,3.982273090545479
8132,7.101111609418711
8133,1.062922300561394
8134,0.059700775443976034
8135,0.5204194656325627
8136,0.08527964199941356
8137,2.2660857426810335
8138,0.26257284896124217
8139,0.6368139611531629
8140,0.7279383457017865
8141,1.4449992879647848
8142,0.9492421008556853
8143,1.2668035119500458
8144,0.6752059902197061
8145,1.5526843618018467
8146,0.6605198436978035
8147,2.1342471805524
8148,2.299685919096191
8149,0.938440831591144
8150,0.9512886166944787
8151,1.6050620606564379
8152,0.27583837495265673
8153,0.34123183779713273
8154,0.18616374348139594
8155,0.985672404022115
8156,1.3818087847149063
8157,0.890241122766347
8158,1.2175534731658493
8159,2.600719763966823
8160,1.426655309377075
8161,0.9474456670760164
8162,0.8854674125286031
8163,0.5034827279929781
8164,0.3381005267741026
8165,1.7123036458673027
8166,3.354103616815811
8167,0.05804855774417793
8168,0.822523888607531
8169,0.6306749868023944
8170,0.9198459098512901
8171,1.7973630165679857
8172,0.742276162784749
8173,0.1879200218292566
8174,2.0220264088195017
8175,0.1033579637851912
8176,2.3516912383594564
8177,1.2068296338571045
8178,0.6523502553125694
8179,0.34922825966456833
8180,0.1613071052120535
8181,1.7397299442278313
8182,1.2519932069597088
8183,0.025837884773656023
8184,0.3272500002108528
8185,0.16619242164561393
8186,15.626695303273763
8187,0.5699977489247452
8188,0.6501011077716837
8189,3.284483298163402
8190,3.397176455154516
8191,0.5425854851628054
8192,0.0926319712235766
8193,2.5492461435501763
8194,0.5601143163806406
8195,0.2693939063282975
8196,1.5933480104696511
8197,2.0727249891419484
8198,3.575483181264837
8199,0.4628081276860857
8200,4.880185267323495
8201,0.8558215452430549
8202,1.0826562659755112
8203,1.2940968130017556
8204,2.8726096953881
8205,0.27824141850453926
8206,2.13780593119475
8207,2.5965913538266956
8208,4.632254642079306
8209,0.2393836852219054
8210,1.3092080686104834
8211,2.583235584977273
8212,0.8431857142457412
8213,2.6054510172735075
8214,0.2770277602666146
8215,0.23331377117754745
8216,0.4045585575285035
8217,0.9410010867544791
8218,3.913894950771132
8219,5.437606666327809
8220,0.35187156162147937
8221,0.20242631071632772
8222,1.046471664818837
8223,0.15892578988141062
8224,1.2624437424924861
8225,0.7195899272947422
8226,0.3508013273037588
8227,1.4473548682652413
8228,0.45519997439194226
8229,2.1309992660834687
8230,0.3842359810891052
8231,1.9695643856121237
8232,0.17522815888232662
8233,0.29059057148502637
8234,1.2087860755272164
8235,0.11670516071728451
8236,0.4660061302212679
8237,1.5866126569976573
8238,0.0648197535224048
8239,0.15167003729806533
8240,0.6525552880212252
8241,1.658297149998398
8242,0.5556713723286218
8243,0.49833266092769907
8244,0.15441867862719405
8245,0.15633197000219767
8246,0.5070471170374371
8247,4.748396875307806
8248,1.3787662212006941
8249,0.2532695888274647
8250,0.08701531692716963
8251,3.552842612538329
8252,1.3039570957511746
8253,1.0480550075509205
8254,0.3514020194048758
8255,2.0344325664031304
8256,1.2009610903650385
8257,0.23553000363255006
8258,1.9942634330805222
8259,1.1103518139689519
8260,0.82346542671771
8261,3.4838005405288412
8262,0.870506415386632
8263,0.23462529027312207
8264,0.25961845707884745
8265,0.6399130510218235
8266,0.2294312523622179
8267,2.641030622140466
8268,2.676505314716895
8269,1.8367408658776607
8270,2.484934681031554
8271,0.4064597936060149
8272,5.958577284791803
8273,1.29444899522018
8274,1.1162411241289345
8275,1.519371621101976
8276,0.7453018616828246
8277,0.1829559578192417
8278,1.6839167848367387
8279,0.7789195794829831
8280,2.2377067209025947
8281,0.9573909983538499
8282,0.7275505942901824
8283,0.4124080688429635
8284,4.253127565192046
8285,0.12081827365395154
8286,0.42299863223531875
8287,0.3501570869952503
8288,2.814918654441442
8289,0.07709084183327931
8290,3.4078117884757018
8291,0.8766910387945271
8292,0.06655306776293936
8293,0.28063027119136724
8294,2.7975647684840372
8295,0.4052715334422955
8296,0.964765492053516
8297,0.09509313577247606
8298,0.2612677343476504
8299,1.8436313668079813
8300,0.04060120094153962
8301,2.510801945671123
8302,0.7072523162850503
8303,3.38578824170407
8304,4.710181209109571
8305,0.07811927600258534
8306,0.212676397501767
8307,0.8126259495621403
8308,0.4324207315117748
8309,4.862175846868839
8310,9.359254999340171
8311,1.1971837201392108
8312,0.49394010419786305
8313,1.2244759561387522
8314,0.39105252771915866
8315,0.9728557169987805
8316,2.2919317740415157
8317,1.1492141667349476
8318,0.6473902042780314
8319,0.664833469961707
8320,1.7283075723612686
8321,1.6996655195895236
8322,3.6907585910741365
8323,2.450578407129896
8324,0.9358434082397835
8325,0.21187630871353658
8326,0.1343664682103064
8327,2.4789735665009784
8328,0.2390051136110975
8329,0.7636736874425941
8330,0.6400696673203623
8331,0.6533508064070306
8332,0.21743448304569135
8333,0.9624172024379011
8334,3.1480064332769473
8335,0.7912713062972307
8336,0.6368604201629889
8337,2.496959399650299
8338,1.2507996564858672
8339,1.7283427264221656
8340,1.8840889198031787
8341,0.9984135009208699
8342,0.3840316036483339
8343,2.109762842144014
8344,2.7042937412702877
8345,9.001983607228656
8346,0.403687732672813
8347,0.2113342980689782
8348,0.0531222246354195
8349,0.3110587485091109
8350,0.6495885694907442
8351,0.3383576031938021
8352,0.2871060580244933
8353,0.2486499018163621
8354,1.1167249801643955
8355,0.15330983749928287
8356,0.9737194038312034
8357,0.6718473138074558
8358,1.8219925076451564
8359,0.3635381329238067
8360,3.336391828305903
8361,1.687566483951218
8362,1.209684472092341
8363,0.4898617601599491
8364,0.9575171557345186
8365,1.3619086176111113
8366,0.9552297688525047
8367,2.7118220511954543
8368,1.0015921433925934
8369,2.869252437554369
8370,0.9009327646105669
8371,2.544869275943835
8372,0.849378354090448
8373,0.4481772422597477
8374,0.12482176290371955
8375,0.48258644363737674
8376,0.17282898182278106
8377,0.2429006395451643
8378,0.23205224561958213
8379,0.17964273189746602
8380,1.1933656529360628
8381,0.5463753954797396
8382,0.37151325128432894
8383,0.4821678207632681
8384,1.790209206789563
8385,0.5702983008955366
8386,0.17311171158506308
8387,1.76278417137007
8388,1.6493289488601097
8389,2.070843218930052
8390,0.25518910701078207
8391,0.1801957312796748
8392,1.191606654361582
8393,0.6423348035202736
8394,3.1449952429882284
8395,0.4236266702176915
8396,0.5810323606971293
8397,0.6361202487813619
8398,3.935083452617027
8399,1.0164398197411595
8400,1.4147013042701564
8401,0.11033331264079162
8402,0.7242969824847894
8403,1.6420059241905829
8404,2.391713704799037
8405,0.18471044437793002
8406,8.703451229084472
8407,3.0145410385687095
8408,0.3081648569305286
8409,3.0281805907382875
8410,1.061152252177859
8411,0.24979900133499722
8412,0.14597305408044198
8413,1.6297277870035127
8414,0.17927596922565223
8415,0.642578292399087
8416,1.1994396955380866
8417,0.15864540003818423
8418,1.1956441876060402
8419,0.7871628646977448
8420,0.26020613282009264
8421,1.7691735033962392
8422,0.44510511107466155
8423,1.524846375212799
8424,1.2817789449946533
8425,0.16399906833365616
8426,0.7446416145748533
8427,8.709512599173806
8428,0.5395866174140211
8429,0.07484352790048955
8430,0.17286647646519795
8431,0.23040639655944656
8432,1.4633435825481071
8433,0.04249566026265062
8434,1.3364196157952961
8435,0.25731917144341476
8436,0.46849929444849725
8437,2.481466521848999
8438,0.3751082836391552
8439,0.16395967298211417
8440,0.2812127931439149
8441,0.821539317810729
8442,1.780951191299344
8443,0.2631968978808579
8444,1.3737147525403726
8445,0.6541252790952657
8446,1.0625042508316331
8447,1.0690699158201904
8448,0.6542779594550507
8449,4.727822012707409
8450,0.41415517184422374
8451,1.1985054438704281
8452,2.9444538295577525
8453,0.3139273509642411
8454,0.6338878521133802
8455,0.9559855874182999
8456,0.17287373668587488
8457,1.4171045975703314
8458,0.47200653944385523
8459,0.22209265852737364
8460,0.25136126467260755
8461,0.16101318480797774
8462,1.4774827457138047
8463,0.24592897467119512
8464,0.45893176411421893
8465,0.22458026654441116
8466,0.3010355718553548
8467,0.8369269302013671
8468,0.6184530755471594
8469,1.5844029374240043
8470,0.1030798557023893
8471,1.9253340313614813
8472,0.10373962445961617
8473,0.6322711677328731
8474,0.05138968454696422
8475,2.5120266734796193
8476,2.2573240631723563
8477,0.3459316939794198
8478,0.23408705213007266
8479,1.6453865374647811
8480,1.0447998986615163
8481,2.068859599066687
8482,0.3119717386490184
8483,1.6844854451222095
8484,0.9009825573451578
8485,0.9928472181559312
8486,0.3232938177456755
8487,1.7467909956476704
8488,3.4316737635073187
8489,0.840354748325659
8490,0.26161681814082255
8491,0.9708537579342833
8492,0.2385853713913208
8493,1.0284279727541186
8494,0.18888147791871482
8495,0.3114856681553728
8496,1.8116473962190989
8497,1.2612031275154976
8498,0.7319916287920999
8499,0.2726585883214184
8500,0.9427486898659417
8501,1.1395377967978406
8502,0.5772294386052157
8503,0.34366693640562634
8504,0.5572550898763933
8505,0.8193519367838917
8506,3.0676641605776465
8507,1.9448266902663445
8508,4.697439142797294
8509,0.6987768969763006
8510,0.2986647837630031
8511,0.28015923549400407
8512,1.9339228357381253
8513,1.6406626097125672
8514,0.583651632859109
8515,0.47899570637525946
8516,0.45889320292677654
8517,0.09973083868512121
8518,0.1549810761478104
8519,0.05329191705702354
8520,1.3231942180364769
8521,2.879961775101992
8522,0.2873577444273405
8523,0.28121405018707757
8524,3.572138400979811
8525,0.5992593951910629
8526,0.2736451727160931
8527,0.9924066591406698
8528,1.2366267016446957
8529,0.647818949166022
8530,0.0614790802919947
8531,1.3214799731878644
8532,1.290228061489577
8533,0.7391655726580642
8534,0.5439238129601077
8535,0.2537187121472037
8536,1.7786894384792802
8537,0.05829627370877183
8538,0.45751228833563967
8539,1.9290590350337795
8540,1.0405930761024342
8541,0.2425386347962619
8542,0.595533558376655
8543,0.6549587105695825
8544,0.24282986999590683
8545,0.10464231067271824
8546,3.9711041898447808
8547,0.08889089594033897
8548,0.12173743749025241
8549,0.22715408384951744
8550,0.6135308737191651
8551,7.7000766312283595
8552,0.10912428732348402
8553,0.12466991775581081
8554,0.5378505788633537
8555,2.32807016596093
8556,0.7805890576052238
8557,0.8813958712813437
8558,2.011219044956303
8559,0.17767623107142066
8560,0.5091490790388187
8561,1.8422504310583194
8562,0.7878195896863854
8563,0.04106506239239874
8564,0.27238681900629436
8565,3.377236942377692
8566,0.09870825857447758
8567,3.3426859543020693
8568,0.4352411026123006
8569,2.5128950100869836
8570,1.2541624279243404
8571,0.5102768349909228
8572,0.7420115282496076
8573,0.382423024039775
8574,0.674090548088226
8575,2.0474412746265376
8576,0.8156746324111875
8577,4.074172595221831
8578,0.07584515813221455
8579,9.348369040038559
8580,5.986168895770584
8581,2.244751187669569
8582,0.07486733071900614
8583,2.2260830243456957
8584,5.043698407060171
8585,1.0371071022088165
8586,0.11436825130087183
8587,0.8264967969219789
8588,1.8029721698640637
8589,0.1982115569280438
8590,1.4962191931341897
8591,0.3813532440625773
8592,2.714882807936739
8593,0.8730184524773874
8594,0.235776489779856
8595,0.459595203951173
8596,0.9382716124360606
8597,0.6101347487778592
8598,0.20481461898092113
8599,0.5078893590836787
8600,0.16012282149517207
8601,0.5873512215733613
8602,1.7538582081725056
8603,0.5041655975659078
8604,4.77499775333059
8605,0.49744197315698463
8606,0.6213874514002494
8607,2.9342151662088356
8608,0.4735178702313134
8609,0.20320894248745278
8610,0.13788778894129378
8611,0.9240670058260526
8612,0.7747131135344968
8613,0.10493185764000029
8614,0.0911874924186476
8615,0.7581583421326118
8616,0.7804365444192571
8617,0.10710220188867584
8618,0.8815630213219513
8619,2.813816245211219
8620,0.1630443014210128
8621,0.5364400258245675
8622,0.052871293905217456
8623,0.8819637189145129
8624,0.06911951257591964
8625,2.0876267375386397
8626,0.6769455244223337
8627,1.4939709948981073
8628,1.2583038210687867
8629,0.592088431392388
8630,1.360018836969959
8631,0.2787714333146555
8632,0.03288011387610936
8633,0.4872416636604112
8634,3.9517190158182873
8635,1.0794022058302275
8636,0.7937800144440653
8637,1.0805277271979963
8638,0.055215802395701535
8639,0.21876597857394345
8640,0.6949798614452838
8641,0.7470390775759651
8642,0.7557561700646243
8643,0.6843805110710761
8644,0.17517825860443814
8645,3.1109804148253533
8646,0.4527711534494201
8647,0.5942989611069024
8648,1.3558042794879623
8649,1.9001165468731063
8650,0.060984600658174334
8651,0.5745698980213638
8652,1.6129350071322217
8653,0.12058390199476253
8654,0.8322800276978586
8655,5.417588954231131
8656,0.8013600298199836
8657,0.39201359823978293
8658,2.8024890032175915
8659,0.24237572655669418
8660,1.381932233792413
8661,0.22844646458548237
8662,2.101150799695898
8663,1.0277325084503703
8664,0.4684032779828385
8665,1.087688869250859
8666,0.5946455821034679
8667,3.8758145680905813
8668,0.43921428340363633
8669,0.6165239474658928
8670,0.20772545007139406
8671,2.2688415902534227
8672,1.2758499446613079
8673,1.3742629174735508
8674,1.477417500647295
8675,1.0211324614404698
8676,0.2660902517311649
8677,4.055292554369358
8678,2.2761384374787133
8679,1.1910792017135523
8680,0.24896015909117525
8681,0.2002804743612805
8682,1.4094674474961273
8683,0.35063232468826444
8684,1.1489257347395083
8685,0.20094542790111944
8686,2.0195282708958135
8687,0.4707942573307727
8688,0.4735145679386737
8689,0.6724025196069856
8690,1.3714214111315497
8691,3.5940234173081884
8692,0.08599171060204068
8693,0.9518259015745033
8694,1.961158359852252
8695,0.33779465504122785
8696,0.7724234403781609
8697,7.673397198788998
8698,0.49440810420699394
8699,0.40257720220639703
8700,0.5855827363363826
8701,0.5801884990438559
8702,0.38153581503052475
8703,6.162968419402646
8704,3.8037709499561068
8705,0.15778760876747716
8706,1.1681481171884698
8707,1.9750404575612095
8708,0.6178976632757682
8709,0.8948437611834575
8710,1.6212442623749534
8711,0.18193529173825587
8712,1.0306468257445291
8713,0.8828206909808631
8714,2.2587405704930257
8715,1.1707100871588263
8716,0.26333643721472966
8717,0.476056336441648
8718,1.9897512071344514
8719,0.2855659174516739
8720,0.510321695137056
8721,3.147805516080447
8722,7.163128361338403
8723,1.1932886490798558
8724,2.6269906639081895
8725,8.31872100312847
8726,0.9189977474826279
8727,0.8042448253286939
8728,0.08569968411978503
8729,7.727036384166962
8730,0.8402437970872618
8731,2.3791216454891235
8732,0.056101357600540774
8733,1.8141753989021665
8734,1.2246893586770011
8735,0.5027451167574691
8736,0.4405654573302514
8737,0.5172378667526474
8738,0.17132028512298184
8739,1.6714744576860028
8740,0.8578832158447911
8741,1.3891777744997489
8742,0.5014211139078094
8743,2.130452379708399
8744,4.320306319303533
8745,0.05867641157985429
8746,0.20709877494466955
8747,0.14932951305108297
8748,1.1546543149989785
8749,1.043317277706629
8750,1.2746816971718427
8751,0.2009244816549886
8752,0.8041774316875789
8753,0.5968436365235154
8754,1.570228478863026
8755,1.1015456062509286
8756,1.5079612412930128
8757,0.5495686037631884
8758,1.117468222019119
8759,0.8305951250099697
8760,0.36098182969031967
8761,0.3482147008440195
8762,0.08799662255691007
8763,0.31184949229531345
8764,1.5540548450422922
8765,7.127654076782474
8766,1.345629603370137
8767,0.6869913537954697
8768,0.2023672735363644
8769,2.0964922034403437
8770,0.2984647157164572
8771,0.4043432400056187
8772,1.221281109110851
8773,0.27609958725377
8774,0.3962543517660204
8775,0.4280307640106127
8776,0.242286439162428
8777,21.089273085207793
8778,0.5317643582573912
8779,0.8601289080637887
8780,1.2889349118993783
8781,0.05077129837487771
8782,0.779569131458836
8783,2.2674839546850607
8784,0.15773507965203246
8785,0.5630510984857783
8786,0.11542743925215883
8787,0.8852658276820319
8788,0.03370740837312727
8789,0.12484300291641282
8790,1.0387738773710768
8791,4.717213586220539
8792,2.933302734912513
8793,0.9621041616021918
8794,0.1890547372117701
8795,0.5153035725378287
8796,0.8140959187610364
8797,2.71830403966324
8798,0.41104926167153977
8799,1.3513468836273503
8800,0.2831514338138696
8801,1.0215850410570924
8802,0.5768054068287946
8803,0.5488630734410216
8804,0.18377147092568163
8805,0.1580158671941397
8806,1.422689631000217
8807,0.07483505192902477
8808,7.24348390480961
8809,0.21327289521478796
8810,0.8517103254177447
8811,0.2765883188691614
8812,2.0477147425747013
8813,0.9688852172511996
8814,0.07584249210680076
8815,0.6312123582066069
8816,0.9002450075646872
8817,0.5870623250518432
8818,1.5478076269607721
8819,0.10746050705963071
8820,0.7679200944003615
8821,0.6739145689281211
8822,0.18580243084225878
8823,0.38259998806387235
8824,2.6098709259502866
8825,0.2203305427025415
8826,2.8514847275297113
8827,0.19961826466596114
8828,1.0310349650055792
8829,0.7603895497215379
8830,0.1067272335308094
8831,0.5170890098868614
8832,4.1436096747685855
8833,2.0863682370949586
8834,1.2034250200346939
8835,0.5080308822683867
8836,0.4347862579722549
8837,1.0696760949106758
8838,0.20527000915213642
8839,0.5544417406768191
8840,1.1512115603840916
8841,0.1170273942134684
8842,1.4036658197040979
8843,0.11160199592648953
8844,1.8872146693850655
8845,0.2675207200299516
8846,1.2813932727520259
8847,0.7062788528855599
8848,0.5816276657012429
8849,4.187654898676258
8850,1.5309261152346534
8851,0.5000865422811295
8852,0.20155062450934902
8853,0.3879536706110531
8854,0.03513292381069806
8855,0.04549874089524173
8856,1.8106648970106345
8857,0.4479203802607465
8858,0.17350516797148738
8859,1.0177719322854268
8860,0.7097540600925556
8861,0.7971606979908404
8862,1.2162783567224753
8863,3.6694653604710346
8864,0.9440058303954807
8865,1.1172608208397212
8866,0.415885856075537
8867,1.2793402593820895
8868,0.3190916170013552
8869,0.5590515188699069
8870,1.221884368170653
8871,0.22827260552336545
8872,0.714758041306241
8873,0.27502556913543574
8874,4.020325936330985
8875,0.7863610146018635
8876,5.574445691698583
8877,1.148883024109712
8878,0.4993399237867059
8879,0.07613326476163244
8880,1.8423428091506049
8881,0.31900748996658373
8882,0.8354821697044981
8883,0.20865444192251287
8884,0.3715364500615007
8885,0.37764196208243056
8886,6.086306274751279
8887,0.3000950872605068
8888,2.481078452709525
8889,0.9631186076656575
8890,0.4260176936833194
8891,1.5453119241579245
8892,1.2077272035273698
8893,0.968883298735475
8894,0.845722883434886
8895,0.23870715020066527
8896,0.2850925601764966
8897,0.49935973132385425
8898,0.749596825324163
8899,0.22367023601015507
8900,0.2860502735020219
8901,0.31380910960028413
8902,1.5767733142378406
8903,0.4967284356655627
8904,1.8504489302315492
8905,0.6588098420429773
8906,4.25839335028816
8907,0.4987508027440055
8908,0.5758368922913069
8909,1.0574979718579667
8910,0.38021482925474537
8911,0.6259582450540204
8912,0.8709902673190443
8913,1.623443809004796
8914,1.1561623225955682
8915,1.1182217741827967
8916,0.9322233376072395
8917,1.4226573674277332
8918,0.4681198256100614
8919,1.6040469373258543
8920,2.393195987412668
8921,6.095793869251391
8922,0.701363333681973
8923,1.1011103621176652
8924,0.14765321628899264
8925,0.7270665297993246
8926,0.720234782872629
8927,3.301697586686597
8928,8.967310211149849
8929,2.2571602132987674
8930,0.5470968340515585
8931,0.800970941481927
8932,1.142682544542061
8933,2.6987545637610797
8934,0.06757823556970145
8935,0.2398982883557939
8936,0.21953582135223154
8937,0.120280684701734
8938,0.3419462295836867
8939,2.1489843798245962
8940,0.3637578206896602
8941,0.4105735891236356
8942,0.8991065688916718
8943,0.3776133970348719
8944,1.2893677603806828
8945,0.11766810815661054
8946,0.2726073275714211
8947,0.5455513881820306
8948,0.47685491441861794
8949,1.8547088682082373
8950,0.1658649996717022
8951,1.1197949596903491
8952,0.9480181276644225
8953,3.1494176133602014
8954,0.361609703513289
8955,0.31782123467844725
8956,0.911250552303406
8957,0.7592435271354355
8958,0.09020156855003128
8959,0.7449239731198759
8960,0.7832793450886977
8961,0.6264474671018307
8962,1.2494943443787858
8963,0.5803837363239718
8964,1.320332302604446
8965,1.8409608904477968
8966,1.8171049761505809
8967,0.228662660953243
8968,2.1484087714603906
8969,0.4876909076370019
8970,2.1085022136717626
8971,1.1382479857846053
8972,0.4804909005408922
8973,6.991358335549805
8974,0.5494854868911434
8975,0.10052423817203358
8976,3.212573875774812
8977,2.2086080998782704
8978,2.822531410307774
8979,0.20309551899080683
8980,0.5414801949151602
8981,0.17694527860800752
8982,0.13916722422275224
8983,0.6774898142374146
8984,2.919129153532171
8985,0.7829509502875075
8986,0.5583203445532469
8987,2.048821812455908
8988,2.1437966624845677
8989,5.35595805492642
8990,3.1708469033746947
8991,1.0609386955588955
8992,1.552831366988532
8993,0.5241577042520108
8994,1.036756438287785
8995,0.20666343531258557
8996,0.3379763796546459
8997,1.481414706839204
8998,1.9156185536085895
8999,1.0716985846710678
9000,0.23411088469555127
9001,3.0026547979548552
9002,2.852193297979009
9003,1.6880320046172443
9004,2.7655075583248077
9005,0.8592016922024011
9006,1.24993552925391
9007,0.2422434246839087
9008,1.3980524747149818
9009,2.5833753703707765
9010,2.302528793041698
9011,1.150014587667258
9012,1.4246492084132198
9013,0.14590594655373482
9014,0.6894022650004445
9015,1.6385241269098785
9016,0.8010630154273238
9017,0.259220989801331
9018,0.12687195699554454
9019,1.3081979398133787
9020,0.6599225518262023
9021,0.24033721732246555
9022,1.5233462903758832
9023,0.2820811378378943
9024,0.6255555126303276
9025,0.7463944493170518
9026,1.8100285488369157
9027,0.8896296170227984
9028,0.6820103730064263
9029,0.6159918385504042
9030,0.7937208026475362
9031,0.17108331124984186
9032,0.4980215799468017
9033,0.4191417736913765
9034,1.2662027204050161
9035,0.23334538798284774
9036,0.11950335787287852
9037,3.21860093007378
9038,1.024295680550859
9039,0.7124400741795089
9040,0.4794727479979507
9041,0.42540434308718905
9042,0.2696537300242604
9043,2.1557550271915717
9044,0.6161612455836946
9045,1.7364504294621956
9046,0.1342831828520624
9047,2.4199076566566236
9048,0.12063711462424523
9049,0.731748632116824
9050,0.31247843832027294
9051,0.5430258963456035
9052,0.15908614111599997
9053,0.17541662942995476
9054,1.9709065771249175
9055,1.910620711153272
9056,0.12264103868458458
9057,0.37996072195500935
9058,1.6626503096653962
9059,0.1930241574400045
9060,0.3624595919920245
9061,0.217008466808017
9062,1.8052136915813506
9063,0.08872478527488552
9064,0.13997403078912968
9065,4.756204260306799
9066,0.20985168266475723
9067,1.9937842834744623
9068,0.760530757969312
9069,1.047212850442562
9070,0.44009444453646196
9071,5.828823540367808
9072,0.9080492121332508
9073,2.5022167799667003
9074,1.3732397124825302
9075,1.0697164831482127
9076,0.862668517362531
9077,0.35675297618878177
9078,0.4846410131120109
9079,1.7224902562831201
9080,0.544947121966163
9081,0.6820502876328682
9082,8.953248758950943
9083,0.2961748736455517
9084,0.6033439519142683
9085,1.0984180540487531
9086,4.74312940164743
9087,1.3189022388543181
9088,1.1893308148106816
9089,1.816905039920206
9090,3.356681535142767
9091,3.1095161663706277
9092,0.9822786475628433
9093,0.791004419842946
9094,18.375842398566828
9095,0.09761271164875267
9096,2.6375496052727994
9097,1.1275980903366811
9098,2.9818262628488688
9099,1.1979640581886488
9100,0.6423013674229336
9101,0.4093850661160883
9102,0.35477327076653825
9103,1.564738672018477
9104,0.5758107354902678
9105,0.572184391098389
9106,2.6048213929138275
9107,0.6368138171851381
9108,2.4026612624216246
9109,0.27493245581460224
9110,0.2275784281780831
9111,17.51090461215218
9112,0.5375085597556086
9113,0.5664922813485369
9114,0.050019225431739325
9115,0.24519309472664866
9116,0.5918364688774856
9117,0.15891063601857797
9118,0.15491527018369597
9119,0.07495492955858397
9120,0.4785266762703591
9121,1.4747198777814754
9122,1.0673481945713132
9123,5.988925658849888
9124,1.7632085828432862
9125,0.566983446149722
9126,0.7885178520266548
9127,0.34812121486983405
9128,1.5758512519204184
9129,1.4215000983466135
9130,0.5796952145751741
9131,2.0943908001531013
9132,0.4741624005666041
9133,0.09191450918339397
9134,0.2861196282731397
9135,0.22917500382417633
9136,0.4433741982414656
9137,2.1199188358182126
9138,3.91163274156922
9139,2.165998697455963
9140,1.5887828229506045
9141,0.7077487553188632
9142,0.6706892660562169
9143,1.0235272956145718
9144,0.09471563824272293
9145,0.12472322248998098
9146,0.5710946882302319
9147,1.6532057279688857
9148,1.4053472241772718
9149,0.41064378615900354
9150,8.518388972017839
9151,0.8606661981107983
9152,1.780486618233012
9153,0.8137750038587461
9154,0.15625133051397228
9155,0.34598425547351525
9156,1.53999596748599
9157,0.14702864524049808
9158,1.2783412883661376
9159,0.9535279683355884
9160,0.41826603776197946
9161,0.13664178230701432
9162,0.9319861700279263
9163,3.1371115088399915
9164,0.39419350855615476
9165,0.7193462186204188
9166,2.623904290572513
9167,1.243690601248049
9168,1.0884997489377415
9169,1.0809589144595817
9170,0.9649405479429111
9171,0.8162488830619183
9172,1.5460290788006827
9173,0.4655920268059839
9174,0.26007457939145556
9175,0.8782859824640159
9176,1.899800978399047
9177,1.143859747744334
9178,0.774383971044548
9179,0.3811825584710918
9180,2.6086154991092467
9181,0.09168838043997467
9182,0.2965736692970681
9183,0.6881353234325983
9184,2.738493059887187
9185,1.4195909190433575
9186,3.233907282942267
9187,1.4519516611709131
9188,0.5984211477971486
9189,0.28646573939939407
9190,0.014212021814968669
9191,0.7995182340511244
9192,0.9227100659230647
9193,0.24241741356485688
9194,0.11920084477244333
9195,18.267323222981368
9196,3.003937151599411
9197,1.4765745606749745
9198,1.136244619796745
9199,0.4079602300774131
9200,1.2732457348701711
9201,0.3235031056230576
9202,4.668087363166903
9203,0.3175782180692156
9204,0.45082096880634287
9205,0.9616956517196942
9206,0.21548275511935433
9207,1.6678982444292982
9208,1.793927576891651
9209,0.4602546028390565
9210,0.8211002655241444
9211,0.879709071396788
9212,0.6095035390697191
9213,1.0854579122718042
9214,0.23913237376062477
9215,0.34843775086392403
9216,0.34937531735044963
9217,1.2738937910825319
9218,0.175687404911532
9219,1.8464435440614366
9220,1.0407954069850522
9221,0.38717288118867565
9222,0.3649039488933739
9223,1.1402493472077684
9224,0.39433831311811146
9225,2.826410491905702
9226,1.0547042923248418
9227,0.11464052714518698
9228,1.6260510363819483
9229,2.824235298275751
9230,1.077021291022004
9231,0.7036670238260357
9232,2.185916084502016
9233,1.6093405690229552
9234,1.0117854902045147
9235,0.8472332684223216
9236,0.40726204719656456
9237,0.4682597157600893
9238,0.7038429664600154
9239,0.03547368646875432
9240,0.11622156104186326
9241,1.4558068928583394
9242,5.980441732401749
9243,2.211771804193857
9244,0.64821516374261
9245,11.35013006621546
9246,13.033630802314365
9247,0.6359025706411768
9248,0.6651379924256295
9249,0.0774711497570594
9250,0.2542975173194112
9251,1.5754953767686661
9252,0.04114696398649412
9253,0.3516950523794527
9254,6.64969948608609
9255,4.165513003253049
9256,0.4477402297344968
9257,1.1995514341159508
9258,0.37411179159332314
9259,1.5445324898466395
9260,1.3161694573867437
9261,0.10386860336463963
9262,1.8710662843491368
9263,0.07732540267656235
9264,0.5334045046615428
9265,2.301854290800722
9266,1.4116081031636694
9267,1.1276280898621949
9268,0.16813709700677182
9269,0.3250890279511498
9270,10.282674929672506
9271,0.9781051020304877
9272,0.09168137412397558
9273,1.5200867325396379
9274,0.4649840682314316
9275,0.18654327667061288
9276,0.5293246646990476
9277,2.4153195086899326
9278,0.10047852978790087
9279,1.9967119322145392
9280,0.8563080118216431
9281,0.11717003353244423
9282,1.4496900403394992
9283,1.5420249643629031
9284,0.9420022452312041
9285,2.2615524179861883
9286,0.3161403920687159
9287,0.18082045032082783
9288,0.2960407307132661
9289,2.0248990463069023
9290,0.03408181067060302
9291,0.2596515278074824
9292,4.374686716961539
9293,0.3808462846445992
9294,0.06283936567915623
9295,0.17690457762168407
9296,0.9800479285062413
9297,0.42699370784966384
9298,0.4048521907985575
9299,0.28097741016451916
9300,2.2810260685268933
9301,1.688063256406493
9302,0.1681170961780556
9303,0.8662706061736705
9304,0.669345070651878
9305,0.33997036999262825
9306,0.1598341239262775
9307,0.8984870635618039
9308,0.9258187364738047
9309,0.14855953168626174
9310,0.06031324759926387
9311,0.315749035086474
9312,0.6366733634647289
9313,0.7230181696040776
9314,1.4824509923737184
9315,4.404987216919535
9316,0.5699036993220982
9317,7.653872141898157
9318,0.2568719802978459
9319,9.654010221079945
9320,0.14512229093728105
9321,0.2070555468909846
9322,0.6654481780815664
9323,0.5200828855940194
9324,2.0390665928912055
9325,0.17978695484273846
9326,1.9634825354022793
9327,1.3757274254085659
9328,0.6653927611613505
9329,0.1765064331462977
9330,2.9951904490690353
9331,0.9990033020757362
9332,0.4023886686703031
9333,1.7940004516906431
9334,0.7769191399629558
9335,0.2478215275230279
9336,1.4537278191965641
9337,0.5108813729675723
9338,1.0617226196168617
9339,2.490488386772113
9340,0.45644459371161417
9341,0.8922685546210943
9342,0.2601826599871253
9343,0.5969387240107962
9344,2.3884685074430774
9345,1.0741124956284305
9346,0.46735382599674813
9347,0.2786117781431316
9348,0.33680531370933386
9349,2.2229893381810895
9350,0.7479833906321879
9351,1.030843725008146
9352,1.2021795094098724
9353,1.5691650483613864
9354,4.987335925237755
9355,2.034548683473204
9356,0.5583735481724841
9357,0.8171692692103143
9358,0.26346668020785374
9359,0.4508539838746534
9360,1.0994720941292941
9361,1.1133038159267925
9362,5.637548903203008
9363,1.0336577000009897
9364,1.5964964457066237
9365,0.4949145681481647
9366,0.3819489088030635
9367,0.45226929105337393
9368,2.6780506063487786
9369,2.9913182161175595
9370,0.680609632481149
9371,1.2880803335001243
9372,0.1789021696895306
9373,0.2643308980521547
9374,2.946630938508004
9375,0.44528168407817986
9376,0.5384280192051607
9377,1.0317742808162917
9378,0.5678680583900476
9379,0.49256936783307953
9380,2.2719495722316925
9381,0.13998015496101546
9382,0.11116735210827768
9383,0.3688140147033261
9384,1.1874980817468876
9385,0.2756759348452221
9386,0.20828415805335562
9387,6.603445944069952
9388,2.6347546968821125
9389,0.3848520476384098
9390,19.188175273638585
9391,0.11672951356053339
9392,0.3089660933275595
9393,2.4974361265596525
9394,0.4224478246037911
9395,12.638730113484703
9396,0.2976456770986167
9397,1.93684645808477
9398,0.9314770170793855
9399,0.5999482087356437
9400,0.39102358884998517
9401,0.3749943075723949
9402,1.226346949126379
9403,1.6800684169133868
9404,0.4493571518381829
9405,3.047892531962851
9406,0.22682359838797128
9407,0.6709253921789969
9408,1.6662151437317396
9409,1.8478060691364606
9410,0.3201988897480182
9411,1.341054881545812
9412,0.8321160786790365
9413,0.09970232420922975
9414,4.360830005244359
9415,0.4239568847608357
9416,0.04175079508078714
9417,1.0116651596470017
9418,1.1499863425575576
9419,1.0439172943093067
9420,1.2398399476922746
9421,0.19112819855591032
9422,0.21430435465972114
9423,0.8487697238050094
9424,0.14472089686423703
9425,0.04399608529905309
9426,0.029981343262129284
9427,0.9622131987391973
9428,0.42573899249365665
9429,0.7893893886726217
9430,0.3923630304721411
9431,0.40733901699529673
9432,0.30618164658606045
9433,0.38832064458907095
9434,1.4098963711651313
9435,0.8110254644185223
9436,0.09403755729280744
9437,3.9283246769549414
9438,1.6568405195736442
9439,0.36269714047873614
9440,2.2256814802951013
9441,1.1977515121554938
9442,0.15609884868101792
9443,0.8341762737677808
9444,0.11845782568732229
9445,2.1956880307893
9446,0.1500231277258081
9447,1.1761094751335295
9448,2.3837965286764886
9449,0.6551488897878739
9450,0.3768851451188688
9451,0.8088148741938384
9452,0.898094731701836
9453,0.6030187842983074
9454,2.9580610788206956
9455,0.3229418074684833
9456,2.4964132356105253
9457,3.029987803812717
9458,0.34531601965535924
9459,0.5689199396199094
9460,2.3531764195247065
9461,1.3972152935427844
9462,0.10052835074300577
9463,0.13132963475752524
9464,24.229367506169368
9465,4.124351129868165
9466,0.1577875100223137
9467,1.1585717222136314
9468,5.082076561688751
9469,0.20613562585031042
9470,2.724904525983866
9471,0.44755451859688217
9472,0.26792622354807816
9473,0.582062443289031
9474,0.4605142610519873
9475,0.4268586650159661
9476,1.6006609360553188
9477,0.6523539844590093
9478,25.072162323765543
9479,3.860224733312028
9480,2.5456955537997765
9481,0.7562914831372851
9482,0.8513681936157198
9483,1.8225517808664815
9484,0.17578108522689953
9485,0.3947658074041227
9486,2.5973941797956224
9487,3.255430685581749
9488,0.12844457614253377
9489,0.6438195176497864
9490,0.05345385117898882
9491,0.10303198668007328
9492,0.5086352685586877
9493,0.4863403519570637
9494,2.0665536159083384
9495,6.805061187724917
9496,1.5033240445134388
9497,0.2685314887880867
9498,1.217246565690141
9499,0.41909193366203135
9500,6.371497004288166
9501,0.13033481816654907
9502,0.9026576491499131
9503,0.3635433944909337
9504,0.09477049668016425
9505,0.15824275298335472
9506,0.2681738438107237
9507,1.00230627881638
9508,0.6756271385684244
9509,2.434258720583383
9510,0.22012884297327226
9511,1.3000121454363431
9512,1.2145963225400875
9513,1.4893781480704145
9514,0.7071228820489113
9515,0.17795412050301818
9516,0.33276855084169765
9517,1.9561261594741266
9518,0.31168115365389243
9519,0.8410435417120609
9520,4.275454171252564
9521,0.19522352952842043
9522,0.8833336671368729
9523,3.1749756920451926
9524,0.5607232111321341
9525,0.40457578684245904
9526,0.44788776590191975
9527,0.130291139668632
9528,1.4415094815137834
9529,0.332755043066568
9530,2.2764478706075124
9531,0.26755221590300216
9532,5.459240350566612
9533,0.22701408036883775
9534,0.34517164299344594
9535,0.37335668903015057
9536,0.7741237025754465
9537,0.34270540393591803
9538,0.9261800196015113
9539,0.520403162680342
9540,0.3972885698426483
9541,0.1161546839634275
9542,1.0440700228500155
9543,0.35752188315084404
9544,5.056779768869211
9545,1.4650210813752431
9546,2.5186632513293654
9547,0.6752122965087042
9548,9.43225740933409
9549,0.6089303877759302
9550,1.4906828697406354
9551,0.5907286373609155
9552,0.3961091304144997
9553,5.44422852052896
9554,0.25050649785565926
9555,2.8655721532639795
9556,0.36652218184180424
9557,0.21926156864392304
9558,0.09775819928779883
9559,0.6610308906883903
9560,0.8308629708874049
9561,1.5381291766138296
9562,1.9843509805742099
9563,1.7520120902055054
9564,1.5530208949315671
9565,2.8707334680266423
9566,0.9890899509539832
9567,3.0926380028236227
9568,0.5597039172446289
9569,0.5133928824642084
9570,1.4708756736741149
9571,0.7359395306969022
9572,0.7994392507556811
9573,0.9438383119655375
9574,0.4231454636951425
9575,0.09817172174266998
9576,0.1149510696036149
9577,0.8298664103768267
9578,0.42351571777478353
9579,1.9427268757578022
9580,0.5069277833383001
9581,0.22600341877314142
9582,1.7158325579950446
9583,1.1601207472590405
9584,0.4200222422717719
9585,1.0753590207269068
9586,0.48995056082627453
9587,0.7873915382856982
9588,0.1723344037224754
9589,2.217595525580797
9590,0.9476267382728473
9591,2.4093123170815187
9592,3.6042856617325887
9593,0.14256129234579443
9594,0.19364713914364964
9595,0.6985889597333972
9596,0.7374263283277438
9597,0.15969676917296943
9598,0.7929333124043747
9599,0.8218862761229073
9600,0.595955754106157
9601,0.8090786137202468
9602,0.42972166197428296
9603,0.18721095271998012
9604,1.5567668371425056
9605,0.2082248700638746
9606,1.358119289704921
9607,0.23871708997436644
9608,1.0319216984913917
9609,1.122035044176844
9610,2.2701858261797767
9611,2.364491782279235
9612,0.16816602364607408
9613,0.37708823434798716
9614,1.463703479581857
9615,1.1047632514565695
9616,0.6453705370911543
9617,0.30210347242720553
9618,1.2177815890725296
9619,0.3725546535468342
9620,1.0191512743272269
9621,0.9629950353640772
9622,0.15295585695562267
9623,0.7487512054133603
9624,5.828957749409012
9625,1.3245902415768636
9626,1.5009744544482095
9627,0.8737719718076145
9628,0.6122681311896597
9629,0.13824230029700854
9630,2.427750173162117
9631,0.39536464683285183
9632,0.25397974753471914
9633,0.31187889922887585
9634,0.21872260705887295
9635,0.1840682772483042
9636,0.16367040376485015
9637,0.6110604955234569
9638,0.3523949852451328
9639,0.3028705506080543
9640,1.075251047136545
9641,0.401580341871998
9642,1.8624954620235918
9643,0.06953420570623914
9644,1.4944613729365144
9645,20.98081019561154
9646,26.13988107067758
9647,23.950499391038335
9648,28.239666320178667
9649,2.939040905245853
9650,0.6270181974181125
9651,3.0623983725097044
9652,0.9656752857409692
9653,2.895984275783076
9654,0.6210490455155651
9655,0.4207322864907656
9656,0.1982650526124308
9657,0.32117770366881637
9658,1.4915199601172264
9659,0.07330704404536552
9660,0.06418797821064068
9661,0.09587003429316042
9662,0.9387034287404211
9663,0.5166658200144969
9664,1.1947824077748208
9665,0.5074726210770033
9666,0.6629291222859953
9667,0.31797453601845815
9668,2.6925738871492464
9669,0.5271712885659482
9670,0.6612196597340994
9671,1.0714387062269066
9672,0.28161729342604497
9673,0.4274066713607868
9674,2.0798138211824084
9675,0.13719228789773735
9676,0.3435118169405277
9677,1.5640219108962419
9678,0.8468724239780839
9679,0.8896377246617053
9680,0.23009726480604398
9681,0.34548502351411015
9682,1.1714837375695548
9683,0.7425566968435079
9684,0.6360692845508368
9685,2.0259784230229916
9686,1.595325473963689
9687,1.0864405943809616
9688,0.574282387573404
9689,1.2896578665202436
9690,3.20566746206503
9691,1.5285676694996788
9692,0.017876454951434192
9693,0.5908543925103572
9694,0.37173422848361476
9695,0.3010461219308751
9696,0.4931136006607496
9697,1.5226935009420162
9698,2.8410180588693157
9699,0.2838549293458157
9700,0.37606604998143195
9701,0.3730867943368834
9702,1.56578121521429
9703,1.5238517827071492
9704,1.4723763190513404
9705,0.2358865003647715
9706,0.6610373159458843
9707,0.3758545488004734
9708,1.925431627784967
9709,0.6378084982678149
9710,0.8285122509367631
9711,1.9526368034754606
9712,0.1863505165303387
9713,0.07674869181040628
9714,0.21006048724992787
9715,0.1329364367491073
9716,1.3744833519328847
9717,0.8253263603965276
9718,0.5717118092534679
9719,1.1861565232937907
9720,0.05008976911064602
9721,0.5745057328626159
9722,1.2492264863028362
9723,1.543814441561406
9724,1.1327304841557662
9725,1.9086341673061131
9726,0.8332871971237684
9727,1.7047853421715529
9728,0.8566396068804362
9729,0.4383483963450954
9730,0.6567462117369608
9731,0.46366569970899746
9732,0.7714686379336017
9733,0.07855548916191497
9734,1.3842836306991033
9735,1.7166423033913703
9736,2.977599763393017
9737,1.473977542382943
9738,0.30648587342751965
9739,0.5012643132752388
9740,0.3695621309318705
9741,0.3977152061562558
9742,1.0377999727509972
9743,0.09178566912336354
9744,0.8478075471246099
9745,0.22638788283642614
9746,0.27521594236452396
9747,0.16052262922585106
9748,0.2348698530026662
9749,0.5359556242043517
9750,0.9780873119023925
9751,0.2583572280894664
9752,0.30565564074513574
9753,0.35029473020139745
9754,0.3930024535841521
9755,0.5340089129299693
9756,1.1941449514113531
9757,4.9017870882414565
9758,0.2034953273641875
9759,0.46855226051871307
9760,2.858501553837036
9761,0.6949617849104405
9762,0.18189885932784025
9763,2.295424363061361
9764,2.310365155274018
9765,0.32271828078413084
9766,0.6706290050911138
9767,0.7084174569457042
9768,0.29972159996138803
9769,0.8738921279684841
9770,0.1341150022631426
9771,5.626383713381396
9772,0.7684140800369205
9773,0.3677375719570062
9774,2.9024969122876674
9775,1.0129799152149273
9776,0.04575684380522029
9777,0.7739860566997536
9778,0.3221214691437041
9779,1.9070707088123493
9780,0.5731501204473316
9781,3.4011281834320197
9782,0.5859182826277
9783,0.29381748636129035
9784,0.1995197419931464
9785,0.03338639018043016
9786,0.4240304403944516
9787,2.7463568112482437
9788,0.16266339150141895
9789,0.2790385303716822
9790,2.317593828217636
9791,0.24648930704052785
9792,2.3336325283617985
9793,0.4911636929877403
9794,3.5163208989783334
9795,2.0288719977537317
9796,3.4289452409493557
9797,0.06270148025427415
9798,0.49969180904896093
9799,1.7406173788229187
9800,0.4216981180006379
9801,0.12059594226196249
9802,0.10067323671213829
9803,1.6312877632704208
9804,0.5301749191598334
9805,1.0762502483471026
9806,1.0985034891943406
9807,2.3053025439578856
9808,1.4165037733005055
9809,3.6387688738842434
9810,0.3218569354931024
9811,0.3066952766628953
9812,1.312413458203518
9813,5.353494030478842
9814,0.19905789853561234
9815,0.6453993265890103
9816,0.5702272128420912
9817,0.0652015498729508
9818,3.529023602204662
9819,0.13596847208771815
9820,0.022376896367684817
9821,1.3809006657971903
9822,4.692730086785531
9823,2.161880088962045
9824,0.7146528249185978
9825,1.8366331945169099
9826,0.27580057906467415
9827,0.059581619908537574
9828,1.4569540637108385
9829,1.2095841828293543
9830,0.15049207479450144
9831,1.780230655211201
9832,0.3468447402466811
9833,1.2772157720519695
9834,1.491884534414306
9835,0.3424309971414974
9836,3.33056108007222
9837,2.430472756394202
9838,2.036887426002287
9839,0.4970341799852961
9840,0.06873204924968987
9841,2.7472806384750164
9842,0.24651986633398162
9843,1.343212144629087
9844,0.08593430236846845
9845,0.8499099762919438
9846,1.367992258577585
9847,3.0077719818644035
9848,3.1645186469440088
9849,5.356797827072346
9850,1.6134320269719407
9851,0.6109178124139832
9852,1.3653208597735733
9853,4.826110265024817
9854,0.595927735820182
9855,0.527211773876395
9856,0.37812811009630276
9857,0.06066906077006258
9858,0.8014644811373521
9859,0.26020747928226895
9860,0.03440413094475876
9861,0.3228761097389381
9862,0.991914235229385
9863,0.2924019447690699
9864,3.424855336517223
9865,0.44873865554893466
9866,0.3478174509255473
9867,0.35372197099515795
9868,1.1510782947533122
9869,0.174260178056587
9870,2.058261211440071
9871,0.8568572776832211
9872,0.2528180826261309
9873,1.16599924449467
9874,0.8600654319119762
9875,3.283429795178885
9876,0.4790534352272497
9877,0.15706338201914746
9878,0.501718107493439
9879,0.37324200827694265
9880,1.5725718738217465
9881,0.7028735101460732
9882,0.7871018949052325
9883,0.17170924850815933
9884,0.5187191522854941
9885,1.5176958555980353
9886,1.1608816052060202
9887,0.27907867876161907
9888,0.9878630236386038
9889,1.3916510514705607
9890,2.8974460687904777
9891,0.07150332979850807
9892,0.13509429681864044
9893,1.3957067146188191
9894,0.28765261379033397
9895,0.1892245825006817
9896,0.5069838547877975
9897,0.08736694914002247
9898,0.2592325375319974
9899,0.4491234325824104
9900,1.4973122283873614
9901,0.3086411620995605
9902,0.08681212857659705
9903,0.9187852160895762
9904,0.910067307682693
9905,0.687790062766862
9906,1.7277952438205
9907,0.957990261946281
9908,2.63019207197081
9909,0.7837186832454212
9910,0.5369861008462742
9911,0.16346581739134963
9912,0.5585820131413659
9913,0.14035424844387345
9914,0.7015446049824663
9915,1.2536534443243665
9916,0.8533050637887577
9917,0.23628194736231178
9918,1.6280207771256827
9919,1.4896185850111379
9920,0.2746717050609976
9921,2.1862509555838847
9922,0.4507550687475146
9923,0.6988219587036562
9924,0.6294206498926306
9925,0.5621717621839444
9926,3.5304557606606664
9927,0.6784215554839454
9928,0.7216098281535034
9929,0.659219460982946
9930,0.3376937906907346
9931,0.4594443691466434
9932,1.0324582054084215
9933,0.6922005439760999
9934,0.16863598603700125
9935,0.39749519003912465
9936,0.20969577062187325
9937,1.1495515735328752
9938,0.6770563029147418
9939,0.33073862545262095
9940,0.15694333469960023
9941,0.3075681946165867
9942,0.9074198973130286
9943,1.6282738881720045
9944,1.7378886557126512
9945,0.46802824572588453
9946,0.1472794820465827
9947,1.6775545455666854
9948,0.5836510107221982
9949,0.24800448220186444
9950,0.2628570680957157
9951,1.0830644400767615
9952,2.9569337917123653
9953,0.9500531440420102
9954,1.104592982155265
9955,0.5494902586661151
9956,0.8266170924063787
9957,0.5769403641381262
9958,1.2518857047738015
9959,0.1038036059721278
9960,0.26544121551752087
9961,0.9411341394162729
9962,0.35360522739324846
9963,1.4527313370940316
9964,0.6550229566365294
9965,0.225384484017067
9966,0.23279448849860648
9967,2.4215873416771725
9968,0.7550277876000254
9969,8.544813759183555
9970,0.34472851093494455
9971,1.0751101299008698
9972,0.28519815234916834
9973,1.771459538221638
9974,0.031721007327707655
9975,0.133526490278478
9976,3.4433639170337798
9977,0.103214251527501
9978,4.777619761585282
9979,1.5143074895798392
9980,2.8907958307741106
9981,0.5290989606373266
9982,0.8926943243730248
9983,3.1796171705615595
9984,1.9821362460647534
9985,0.20691560765987277
9986,0.7789901591590425
9987,1.0002798228960044
9988,2.0284489804217096
9989,0.9131824024336412
9990,1.0365597004551648
9991,0.3619464186422638
9992,0.8093070412059283
9993,0.08456743448501781
9994,0.6238508598857231
9995,0.35509163109212327
9996,0.4638914984267851
9997,0.13168050499437528
9998,0.8940551378741168
9999,0.43577540747205723
10000,1.0925202238877
10001,0.6232202803527358
10002,0.49058459676392197
10003,1.3472175847339645
10004,0.07222958670211337
10005,0.39693728495014946
10006,1.116028554443886
10007,0.20336360553485583
10008,1.9188148992390668
10009,0.11029341312776622
10010,3.535181659314122
10011,0.858381130038638
10012,0.30764123035366703
10013,0.6799461750441164
10014,0.7939490128270531
10015,1.250496046830734
10016,11.426164710272332
10017,0.08423610538050555
10018,0.1934109554668488
10019,0.27550099611531703
10020,3.1553374818837816
10021,1.8053507173275434
10022,2.4460690913751812
10023,0.44473704257918084
10024,0.14978656454674144
10025,1.0587786626014974
10026,0.5097843938963207
10027,2.2156210843175352
10028,6.188532125179533
10029,1.7255039896656994
10030,0.4218788343758214
10031,0.4061933989645933
10032,0.2617994796861487
10033,0.6317869967868817
10034,0.9622606367268464
10035,0.15867995429036474
10036,0.20378636111862347
10037,0.8658117878022658
10038,0.9341009658170494
10039,0.8592076403975051
10040,0.5959760433693899
10041,1.7672167457881713
10042,0.3999232183340409
10043,1.0929898140668433
10044,3.5895703212895023
10045,0.2933636748555656
10046,0.08453086227195619
10047,0.5401702732989764
10048,0.4996958672077422
10049,0.45685930581635
10050,1.0604068671523454
10051,1.130475649702895
10052,2.868657629942353
10053,5.644410575852267
10054,0.02049972953867608
10055,0.5005991628578664
10056,6.457385368655887
10057,0.6546967209287382
10058,0.4328900287679322
10059,0.10551126476384289
10060,0.4310190897222474
10061,1.8662097859270954
10062,0.7460243680162749
10063,2.417723267408524
10064,0.3149726471479877
10065,0.24178216692393914
10066,0.1416824566277525
10067,0.18504449249743207
10068,0.08447974742450626
10069,0.2189211457468383
10070,1.0233822592381103
10071,4.339874006837208
10072,2.085053913924457
10073,1.047447060468442
10074,0.9756286277876433
10075,2.636628327094606
10076,0.04091044750100454
10077,0.3066046125172923
10078,3.843611219508965
10079,0.9650158310999777
10080,0.2976237887511066
10081,2.3203120254512646
10082,0.6680022262527379
10083,1.0215396971723103
10084,0.07328568458642702
10085,1.5756665549499507
10086,0.37859114837865404
10087,1.0790307816165388
10088,0.1094449703759203
10089,0.9305532184433759
10090,0.9407928125751244
10091,1.1139121889724761
10092,2.8052371677958696
10093,2.5540098574014958
10094,0.39181903163682
10095,0.884070165684417
10096,0.5036872038693174
10097,2.444641789104403
10098,0.6911222035020474
10099,0.23768539750643622
10100,1.221556548767485
10101,4.085004938215016
10102,0.13027384420204718
10103,4.364814786848538
10104,0.24977490046968118
10105,0.7051993898908737
10106,0.4254097780153381
10107,0.5773244630397643
10108,0.10728471242681102
10109,0.27549894470444564
10110,0.9567960244283201
10111,1.3766032120865586
10112,0.09141364820859882
10113,0.5803594173345633
10114,0.374314150880409
10115,0.8810118996773626
10116,0.32864411366350954
10117,2.3213635251481675
10118,1.48923038590469
10119,0.2181517923145882
10120,0.34257967587917826
10121,0.3670733078945172
10122,0.5930796441804481
10123,0.6055647836236786
10124,2.881624910533885
10125,0.8760280791256687
10126,0.07387589320160869
10127,0.6551507629127761
10128,0.7531300789280518
10129,0.19499712673462538
10130,1.1209419114173094
10131,2.2771078691856843
10132,0.9028429524230952
10133,0.40637381302446257
10134,1.1671858572533815
10135,0.14294444543763152
10136,0.22575663708476615
10137,0.5135067400045095
10138,0.09721979495241985
10139,1.1219693180767525
10140,0.7973008555048864
10141,1.5208088958500992
10142,2.252526827805289
10143,0.18918115280377373
10144,0.8452629743606808
10145,0.7719297157854039
10146,0.6271704918481225
10147,0.6476623070651365
10148,1.9210445621197636
10149,0.14142147627592827
10150,0.17380829387594854
10151,1.1765392207495675
10152,0.13133407933669958
10153,2.2563670528973594
10154,6.384034356566869
10155,0.5360331378666212
10156,2.758914374579129
10157,0.18798635945699047
10158,2.5635280322532434
10159,0.5942981010691138
10160,0.13519342949083302
10161,0.1689011559471326
10162,0.7562471839908114
10163,0.5140185816704443
10164,1.30455396301995
10165,1.2226131568378544
10166,0.8041209181180099
10167,1.272563945749504
10168,0.5533357226745507
10169,1.6469022204846668
10170,0.46330245542408527
10171,1.290260280982409
10172,1.7617960618986706
10173,2.687999140029342
10174,0.6189656756841915
10175,1.0983623637140276
10176,1.128879049076078
10177,0.24778480351984022
10178,0.33638631738362146
10179,0.765598095670507
10180,0.6315891516757207
10181,7.720997779998384
10182,2.046964005300245
10183,2.005344964383274
10184,0.2920762948321364
10185,2.1816393589781353
10186,0.6837356177194196
10187,1.6406898252793443
10188,0.5382929928814296
10189,2.3627293928292104
10190,0.3264022918219189
10191,1.5758707925974458
10192,0.19959215673879363
10193,1.8672701569369963
10194,5.718666870458363
10195,0.09906794753901729
10196,1.7832951543101017
10197,0.18364637690111277
10198,1.3468643535241478
10199,0.5641111087998628
10200,0.49483374138366987
10201,0.6542696337973904
10202,2.381779243507671
10203,2.339822714835579
10204,0.3866598306871602
10205,1.13040433276278
10206,0.03651174078614518
10207,0.5584237098655904
10208,4.347436662456279
10209,0.23770181426989856
10210,34.881792375898804
10211,54.45175612276449
10212,52.710612787349774
10213,2.3754447298624015
10214,1.1048702337039424
10215,5.2759150707481774
10216,1.189728029512414
10217,0.66986997984593
10218,1.6560343004540639
10219,0.20110308385402725
10220,0.24174713393030062
10221,0.22731596500360596
10222,0.25302819119928316
10223,2.5599598143215765
10224,1.9884596013478812
10225,0.9466402141111664
10226,0.42787891789361376
10227,0.740769262743405
10228,0.8633421903750941
10229,0.8588740758271345
10230,1.9694705520458906
10231,1.161630957358315
10232,0.5480697966497408
10233,1.1113802692717816
10234,0.5648395058147057
10235,1.912761911067094
10236,0.9859088186841907
10237,1.142596740510893
10238,0.7149574527204724
10239,2.31837981234559
10240,0.746564129540058
10241,0.2738663650027316
10242,0.4243986794435678
10243,2.26602839063514
10244,0.8829761829172007
10245,3.935620570756709
10246,1.5501855502624142
10247,0.2764787541525773
10248,0.18954473773440164
10249,2.021747492105739
10250,0.14985288146333547
10251,0.21892185596559446
10252,0.6392885704541783
10253,0.480518263920535
10254,0.3247062381794038
10255,4.921056773575046
10256,0.9712117589653959
10257,0.89329934146169
10258,0.23767281008361746
10259,0.48274306879271534
10260,1.3392778694507983
10261,1.6340796738531287
10262,1.2473480407072304
10263,0.518685926155385
10264,0.8743390434777406
10265,1.00133492864712
10266,0.9239532550079674
10267,0.9094896979071875
10268,1.7550337596890793
10269,2.492807646602759
10270,2.291856919656137
10271,2.6800927793878953
10272,1.477907130968228
10273,0.6991234015770371
10274,1.974668201794802
10275,1.0468214172189554
10276,0.19701572742240325
10277,2.5544530098040537
10278,1.1084389454212216
10279,3.197998303920751
10280,0.2397765082095353
10281,1.4038471941048762
10282,1.9340395874942211
10283,1.1160092151745014
10284,1.7392102781502004
10285,0.48134019085001445
10286,0.29923996008934034
10287,1.3759437649744857
10288,1.3836476895506409
10289,2.728854627397438
10290,0.40885091083411995
10291,1.2697161354742796
10292,0.48630506303507187
10293,0.7638772986491814
10294,3.1513215137588872
10295,0.20059789302003994
10296,0.4343223569040329
10297,0.2716571548100456
10298,0.1435398325336621
10299,0.13395189495117077
10300,1.9352531685453083
10301,0.380960331064257
10302,1.2013261717979589
10303,0.552998872467144
10304,4.161362748118303
10305,0.6704953468434914
10306,0.9209776756075149
10307,0.3668970682779362
10308,0.29629076412168837
10309,2.830334091405839
10310,1.3737480172297791
10311,0.9327818474600471
10312,0.299193955490959
10313,0.042779412301165914
10314,5.0063009003233345
10315,0.40096869071572605
10316,0.30250557417308077
10317,1.7141315844023688
10318,0.4102775510835692
10319,0.31720157103966184
10320,6.080363497055394
10321,0.06374839815837227
10322,0.7224201308443412
10323,0.6036230897162942
10324,0.4065749869517282
10325,3.9980501943863893
10326,0.39372608373241635
10327,2.911483985260369
10328,3.1456787128098873
10329,0.5371683158577789
10330,0.2991152632390021
10331,0.04824628092802186
10332,0.3797094602382934
10333,0.47344952728088113
10334,1.0765591358537918
10335,1.7204693593061358
10336,0.1763635661721743
10337,4.7378882292133895
10338,0.9540802609902318
10339,0.289939364349344
10340,0.8658200455606122
10341,0.39062393715776167
10342,0.925897775394382
10343,0.9066928702740591
10344,0.949012528919164
10345,3.3531289224874032
10346,1.369372140417705
10347,1.2385100315838005
10348,3.526585764104984
10349,1.0954775676158444
10350,0.36531144066615256
10351,0.7971042335411931
10352,0.2460130805614401
10353,1.1595587896583437
10354,1.8863574668013376
10355,0.8400166144452582
10356,0.8300720259405573
10357,7.253454257956408
10358,0.5573694529119805
10359,0.18834176110280149
10360,11.33591054638498
10361,0.10673185149287276
10362,0.3099573829656013
10363,9.089929505546364
10364,0.06541441659926059
10365,2.946200828380684
10366,0.48548600599225006
10367,3.9347588646528044
10368,4.230212029469079
10369,0.2020503114555909
10370,0.6198303912679363
10371,0.30777583753265036
10372,0.5981890956287986
10373,0.8107120945964622
10374,4.248977786672109
10375,2.1846273991624017
10376,0.506801867814271
10377,1.2436286193861439
10378,4.357401307491673
10379,0.856925861437777
10380,0.13525580166778664
10381,0.26044910186858033
10382,1.0782069845568192
10383,0.10774045343826848
10384,0.6090632397284076
10385,0.2331771030395923
10386,1.444004014548816
10387,0.12602703861069162
10388,0.9923257852537472
10389,1.1782833926740097
10390,1.7244357466567661
10391,2.4725495860371645
10392,2.9784471426367016
10393,0.49395632986720867
10394,1.1573329000546415
10395,1.1666075035068386
10396,0.19893717294707736
10397,0.9766424709261088
10398,0.7909836676873546
10399,0.20166576571770192
10400,6.89057253597119
10401,0.07672895079535731
10402,0.7871449641131933
10403,0.5439596507351234
10404,1.9006168581022092
10405,1.5593925328351796
10406,16.28889556988822
10407,0.7326397548715472
10408,0.1830965273806044
10409,1.8852252270626562
10410,0.7854252659689036
10411,1.410717560139107
10412,0.6700835048713984
10413,0.09768064312488835
10414,0.20653408300024842
10415,1.2621332752028642
10416,0.9142870240661181
10417,0.38315586543191305
10418,1.623806130833419
10419,1.8580291675936709
10420,1.0965946000791735
10421,5.0057100698613555
10422,1.0108920144685156
10423,0.08812279142211395
10424,0.8332092009290433
10425,1.3798150094390031
10426,0.4658459209859056
10427,1.9366726524316606
10428,1.2979881635664996
10429,0.25919604918083583
10430,0.3256113507476619
10431,7.5673844424861345
10432,1.1613414975154992
10433,1.7381490640296473
10434,1.160766342579575
10435,0.032320635338807455
10436,0.5853053842949938
10437,1.4094666338427804
10438,0.20304833419589385
10439,0.48842123293130724
10440,0.4331132439287946
10441,0.5580100076509331
10442,0.9117833122974973
10443,0.4146793977320866
10444,2.4060045759139266
10445,0.275443846141798
10446,0.3788585165565992
10447,1.5342745090213628
10448,0.07404174769678512
10449,0.5622517515536184
10450,0.43364526274636384
10451,0.103603855224693
10452,1.106641430582969
10453,0.4620980670814917
10454,3.054898467349602
10455,0.536596416881793
10456,0.8262511760466084
10457,0.2622851644347789
10458,1.083617505622213
10459,0.23786871865516462
10460,0.8527951467088939
10461,3.2801786809397555
10462,5.122813534942093
10463,1.101033558685659
10464,0.4109216854082825
10465,0.2102341438321892
10466,0.7563912846525362
10467,0.22638760326801363
10468,0.18673226928835238
10469,0.25754070738558366
10470,0.7674890290203716
10471,0.8481290345016267
10472,3.1852170296684976
10473,0.2673072496540875
10474,0.42261844127637677
10475,0.9353064026113762
10476,0.6842921540201955
10477,0.6120157952329016
10478,3.614233895124258
10479,0.5090415234644254
10480,0.2450231455523621
10481,0.7918303261868485
10482,1.1223383213845959
10483,0.07201995031469216
10484,1.8273099755625968
10485,0.95808908603201
10486,0.0847466003016746
10487,0.44194793537128274
10488,0.1759640104066724
10489,0.39108068208812674
10490,0.37358192135281687
10491,0.18986903336277033
10492,0.2929861059423058
10493,0.8770747023065311
10494,0.5732348416171772
10495,0.2588454213484534
10496,1.4589517558763023
10497,1.01476483723243
10498,3.004699699277636
10499,4.164361904541176
10500,0.8143937187594323
10501,1.9981958877641124
10502,3.0432696886939326
10503,0.07522401684784501
10504,0.6677462047063499
10505,1.1596702810224344
10506,0.25964727714458924
10507,6.572024729681244
10508,2.912445158722444
10509,0.9213710953493945
10510,1.823805452687298
10511,1.644640118289746
10512,0.22183119974752855
10513,0.23008046467378726
10514,0.9067755514083847
10515,0.8828229470775295
10516,1.3119282903002372
10517,0.2770433478434754
10518,1.4079478601434627
10519,0.8220331357102477
10520,1.4048921172568996
10521,0.21337774113500152
10522,1.1450942026735507
10523,1.3989448639860087
10524,1.1406913060918398
10525,8.13409403336889
10526,5.142144471748451
10527,0.3527212965871509
10528,0.5636683358318382
10529,0.7281027483513773
10530,2.1836380370265047
10531,0.12256148376684528
10532,0.3728935444231844
10533,1.8363347940335975
10534,0.18704683033901123
10535,0.45071752930926035
10536,1.2026028610321569
10537,2.0798731068475553
10538,0.3071371897281299
10539,0.038544596588743166
10540,2.69223442176847
10541,0.5309414988838099
10542,0.16592718273920673
10543,0.8149570487032204
10544,0.14157937700770995
10545,1.1523833983932565
10546,0.12684267643451344
10547,1.5994875337235912
10548,7.588313211574037
10549,0.26854662222706815
10550,0.6691236971398763
10551,4.1971730388377475
10552,0.6716404491750544
10553,0.42319953540435357
10554,1.989735627506353
10555,2.582617952087404
10556,0.03558849640290342
10557,0.3554701225437562
10558,1.159690280677913
10559,2.936640852173906
10560,0.655973811965263
10561,4.68151958454379
10562,0.7427424994054954
10563,0.8435351363004886
10564,3.6737402694212484
10565,0.665858243131909
10566,0.4798262303688893
10567,0.07888494428079319
10568,0.8005731805053588
10569,1.0549276535285992
10570,1.9939464801547793
10571,0.2721686303756484
10572,1.6958664712048837
10573,0.13231958316196127
10574,0.23207352107372584
10575,1.5957374042057775
10576,0.04266311271544637
10577,0.28818883072346696
10578,0.14457771018734056
10579,4.212437165654325
10580,0.26283963680209294
10581,0.8725682160105163
10582,9.162792118029857
10583,1.9010608831869578
10584,2.328622339365979
10585,0.7836636016204868
10586,0.24750284029475333
10587,0.38649468513494745
10588,0.9486839195796359
10589,0.4376769857999887
10590,0.1320588073756119
10591,0.573703360878054
10592,1.1055768309353897
10593,0.07608398610946374
10594,0.3604257358033977
10595,0.8447363374182664
10596,0.4013312028277926
10597,0.246650551322238
10598,0.10613491652055325
10599,0.17730181140440426
10600,0.5803571838194121
10601,0.08771444181729236
10602,0.27505084822806436
10603,0.9804166860751857
10604,0.0920463279783087
10605,1.8854846161012642
10606,0.5816378319040667
10607,0.9636378498216054
10608,5.378143302593161
10609,0.9709248945270547
10610,0.3265603635413539
10611,0.9353967469723536
10612,0.32131375496588505
10613,0.31338198777205895
10614,4.740063835562202
10615,0.8871223455166767
10616,0.5576613796691933
10617,5.680746963159874
10618,1.0266774178022007
10619,12.222684204654602
10620,0.779569945664843
10621,0.7933433803291363
10622,0.4950051418776394
10623,1.030161116791599
10624,1.3785816023278057
10625,0.3659773334650522
10626,0.20692498223440853
10627,0.5016605818884597
10628,0.4810273222024277
10629,0.08832634854968575
10630,0.28745286456190927
10631,1.353237302043305
10632,0.623654849421962
10633,0.21577982861567832
10634,1.5372111182082102
10635,0.7220069515268647
10636,0.9505368692937963
10637,0.4550463477951726
10638,0.5700254139632996
10639,0.7361460252842422
10640,1.0783713410346847
10641,1.2517987280690757
10642,0.8100613318061701
10643,0.421931619833659
10644,0.6757754077755059
10645,1.8538386694328381
10646,1.7986530718745533
10647,1.171748107458011
10648,0.13099396653981318
10649,0.13430927109879753
10650,0.5016204129793447
10651,1.2665540022873638
10652,0.3693260373967281
10653,0.4187199032857505
10654,0.342735852711474
10655,0.07996353728394975
10656,0.4927404485837699
10657,0.8048059742322502
10658,0.2334246529659275
10659,3.6967218533207653
10660,0.3284345416060107
10661,2.38543819782106
10662,1.23215653528722
10663,2.4599219764581597
10664,0.6297184258386105
10665,0.4311931974537176
10666,1.0793648927064174
10667,4.681457718790896
10668,0.4302378997264535
10669,0.7453275098845381
10670,0.9739936263760012
10671,0.2411719258913343
10672,0.24598487695421453
10673,0.8946041527448882
10674,0.2361286157929033
10675,2.3530723545804904
10676,2.510214261280593
10677,0.3772033033887897
10678,0.8737127223337932
10679,0.06416447576350422
10680,3.4328452699553678
10681,0.27660626229220087
10682,2.738699573897335
10683,0.4459241350286105
10684,0.24230702302078472
10685,0.8183253422669898
10686,0.13152004353948077
10687,1.1481610527894717
10688,1.1436876549831827
10689,0.7030166222056116
10690,1.9473292531628692
10691,0.8816572598755067
10692,1.3642733515852636
10693,0.1307488710502868
10694,0.30020806315905973
10695,2.9998586532830047
10696,1.8209848770525785
10697,1.281092163055718
10698,0.30094228437777865
10699,3.919511983880559
10700,0.6070176449465832
10701,1.3972795245672014
10702,2.2126685831484822
10703,2.4752817512953214
10704,1.9781567540051164
10705,1.0043797708378224
10706,0.24893774593636764
10707,1.806914404588211
10708,0.902573152070462
10709,0.14950035258252709
10710,0.763301585223793
10711,1.1854429629569976
10712,3.1288968424809482
10713,5.279857753113428
10714,1.6513773467426782
10715,0.748642672705113
10716,0.507378664454175
10717,0.2430978372322651
10718,1.4689013659259522
10719,3.5311878477380287
10720,5.685898493713135
10721,2.133179115251626
10722,0.09743342713031886
10723,2.5996421828943044
10724,0.8281898471737775
10725,1.5566901693441657
10726,2.4829018172222397
10727,0.5280767024928507
10728,0.1445804360956888
10729,0.4068580409135437
10730,1.1787719383318738
10731,0.8906650201543305
10732,1.9939325279503892
10733,0.24366208751232982
10734,0.05620908201744187
10735,1.6775423169556056
10736,0.2127781437919981
10737,1.4885485878466185
10738,0.9607461852965586
10739,3.6960096781501206
10740,0.6022473397891502
10741,3.9840361346835094
10742,0.487961784556072
10743,1.469739783072601
10744,2.465619689825051
10745,0.19393844204149072
10746,1.384802161517327
10747,0.03070684589785624
10748,1.6066488142244302
10749,1.1144519145124656
10750,0.4224939409045652
10751,0.6873318379473046
10752,0.36530648110604175
10753,4.865136648994447
10754,0.3091179360341743
10755,0.9715143089867321
10756,3.2890598999074787
10757,0.18418495416701994
10758,0.31428893324697965
10759,0.03196706470216703
10760,9.422346481392475
10761,1.7531752754078593
10762,0.6487363436663319
10763,3.958140079682069
10764,0.484127011474792
10765,1.1654907912528185
10766,0.4140219517023668
10767,0.2893029710505623
10768,0.5814215639167225
10769,2.010013518607779
10770,1.142162398913799
10771,0.8537062772825359
10772,0.6615878460369973
10773,0.6710822340298257
10774,0.32736697176753793
10775,0.38512820409383897
10776,0.14067825716713933
10777,0.11205920482345624
10778,2.8670947582030224
10779,2.9606030975327826
10780,2.409949668089779
10781,0.28399429026374967
10782,0.09167349613314202
10783,0.3018991651770784
10784,1.436142792035014
10785,0.35057784855500657
10786,0.10457470566489331
10787,0.34001740212007664
10788,1.1167962782790428
10789,2.008889638037341
10790,0.938896494583205
10791,0.4111678266756572
10792,0.7557211862815066
10793,1.694436551740663
10794,1.0426239096703132
10795,1.2422118491582532
10796,0.11468581038641101
10797,0.6135365417385935
10798,0.7279011444357223
10799,0.1283236035394014
10800,0.5168378842473232
10801,3.047770948535295
10802,0.4311035221697061
10803,0.08164057344891705
10804,4.070878952544047
10805,0.7036849113971321
10806,0.08072971933414241
10807,1.1775235383129687
10808,0.21133953130505378
10809,0.1318309584638979
10810,1.0984624231395426
10811,0.17954428580238407
10812,0.39118544555416424
10813,0.5545124562666043
10814,3.004785913212269
10815,3.568746371173782
10816,0.6503988286531253
10817,1.1295565604056124
10818,1.7217334251488703
10819,0.2625281621312267
10820,0.37230797350156153
10821,1.057344860638699
10822,1.8800156140566149
10823,4.9312300722563975
10824,0.46000245175073995
10825,1.6194926227224358
10826,2.3612287822084146
10827,0.609649633913465
10828,1.803511962926778
10829,0.2599239103487149
10830,0.533857806093506
10831,1.9278393103531783
10832,0.13819451028861293
10833,0.4440475648750795
10834,1.334474125445923
10835,0.26372048639555273
10836,0.20985036410293442
10837,0.9001524178991708
10838,8.056768481692712
10839,0.9887116319999226
10840,0.46890976507780724
10841,2.1920259797570734
10842,1.075533552524135
10843,1.4386499684244465
10844,0.2943233193953743
10845,3.018055931900295
10846,0.8346534334624851
10847,3.9602489624061343
10848,1.5609961667520795
10849,1.9211467699430795
10850,0.15737284221084946
10851,2.603622517514819
10852,1.761513671774036
10853,0.4517274933329889
10854,1.1698177217144596
10855,6.623737002844524
10856,0.6902195823822946
10857,0.501120195520466
10858,0.8700256208464582
10859,2.9575251164209124
10860,3.5194599761573278
10861,0.934824758090557
10862,0.6363308567114356
10863,0.1747348784094093
10864,1.4509134446034389
10865,0.6529302264461123
10866,0.2047004508747112
10867,0.07422622600430502
10868,5.042714730007861
10869,0.9683488879079847
10870,0.23814860148416767
10871,0.67334915876883
10872,0.15062751513023526
10873,1.0175805791204746
10874,0.631065070759712
10875,0.35597111524338004
10876,1.1609949544196885
10877,2.0467522359781363
10878,3.244291189322267
10879,0.12109675605374702
10880,1.0952032366930726
10881,0.6566738384930957
10882,0.09062243742600583
10883,0.989382462034474
10884,0.1898900904154248
10885,0.32672745941640274
10886,6.277605263803461
10887,1.5667283193018555
10888,2.86003317296062
10889,4.234889645489273
10890,0.5642408411065981
10891,0.2563676617928134
10892,4.11052951909213
10893,0.3538941669765246
10894,0.15617372237978022
10895,1.2989946944427975
10896,1.2440915105726662
10897,0.27898715614134073
10898,0.38798271150988717
10899,0.7801528224613943
10900,0.5085159690327377
10901,0.11716006985052618
10902,0.5166996968253998
10903,0.7700366384889822
10904,4.823011222036501
10905,0.39748486281236173
10906,0.833090549247147
10907,0.25444170679584865
10908,0.3025180694876648
10909,1.1264002496783705
10910,3.9086540416996844
10911,0.2384136118103532
10912,0.35599952532210705
10913,4.652445367526417
10914,1.8512747176601358
10915,0.1726916747634568
10916,2.769692312339855
10917,0.1913969299105465
10918,6.034103554277842
10919,0.9503663740560666
10920,0.3287143782585787
10921,1.0100214778473984
10922,1.105075627645565
10923,0.5525814427715836
10924,3.1086946886711226
10925,0.9747308421693963
10926,0.24427868282524304
10927,0.6101510087165501
10928,0.7666673177117154
10929,0.39192449354407366
10930,0.27132495097267534
10931,1.380144437937134
10932,0.11314691012890732
10933,0.6614175784824804
10934,0.7350551952493576
10935,1.7008563870675246
10936,1.435159247740735
10937,1.3974101901734675
10938,0.7763912967103469
10939,0.5995824371691645
10940,0.42042063650962586
10941,2.3651078763766797
10942,0.3394004198634888
10943,0.9064590277073633
10944,0.4189059887936417
10945,2.489665558610159
10946,1.2781016327244679
10947,0.2639659177662277
10948,0.9300272235182324
10949,0.43251986374628465
10950,1.7276923716596342
10951,3.7226477305835735
10952,1.99575454231859
10953,1.1729005687384486
10954,0.43598217489247154
10955,0.41248152932086646
10956,0.0890799140806766
10957,2.7577874230842907
10958,0.32753259580657734
10959,0.0734650945124747
10960,0.46280449621216563
10961,0.33020357627105834
10962,0.4471772324534659
10963,0.07355386699339872
10964,0.3023925559016803
10965,1.2405478483598895
10966,0.45993218854781065
10967,0.20063942098602838
10968,2.9943096206633086
10969,1.592846882701344
10970,0.49351291131144076
10971,1.7781269493377654
10972,1.1507415958950784
10973,0.7496382907534354
10974,4.736883986713627
10975,1.431024189582651
10976,0.23188082964154966
10977,1.5658578640536567
10978,0.985273166696658
10979,0.47567906652565295
10980,0.5996872639986663
10981,0.431678887694979
10982,1.519551950766785
10983,0.9673765391605745
10984,0.40118245968781674
10985,1.2586696807788134
10986,3.300117018692788
10987,4.858581791952479
10988,0.3867752638497933
10989,1.1944635368631393
10990,0.5877907313827332
10991,0.24629479850426725
10992,0.4780666280537995
10993,2.4947143839821657
10994,0.11651949255944831
10995,2.686764992498196
10996,0.9939928759607047
10997,0.7961069243962885
10998,0.38696411157883964
10999,4.031227253009547
11000,0.2683712974429772
11001,1.5026618883559446
11002,0.21697379752900747
11003,3.813777758487467
11004,2.1095754627162187
11005,0.5274904162802628
11006,2.070659418605927
11007,1.3390386656625015
11008,0.885628735090557
11009,0.3514148764344678
11010,3.7051633609594044
11011,4.55681266917296
11012,2.500362218834192
11013,1.0874582283894383
11014,1.0372759912307083
11015,0.25785366583371494
11016,0.35284487098309547
11017,0.452393942141632
11018,1.5139187230107627
11019,1.4717615450685726
11020,0.30963936320695756
11021,0.5003829545673442
11022,0.4266826169648186
11023,0.3128397198211746
11024,0.7271182832500833
11025,0.9622247218919663
11026,0.1064878657049802
11027,0.20865804926173287
11028,0.1657290402250846
11029,0.039730488119622695
11030,0.4251969932519835
11031,0.7278158461504868
11032,0.09920396807976582
11033,0.2455812569446625
11034,1.6108531785039388
11035,3.6286105702158165
11036,0.24923805153875148
11037,2.539164891020115
11038,1.3493322167090722
11039,0.24179384803117437
11040,0.45725904386847377
11041,0.38383887124282784
11042,0.24483101909336608
11043,2.118076360106003
11044,0.8861027995587639
11045,0.40496203950671683
11046,0.8648157338574507
11047,3.1184156423763896
11048,0.20520690795495722
11049,0.3457151357170868
11050,1.6429764777443596
11051,6.258762717664038
11052,0.7430732796964853
11053,0.7177379386952168
11054,0.632562037131296
11055,0.7769427931396901
11056,4.373898101320959
11057,0.3239509938313512
11058,0.5047720158661924
11059,0.46467045608125424
11060,3.8943860874611116
11061,3.7325432468860127
11062,0.35324553729425695
11063,3.1810282270587105
11064,0.4519333506422457
11065,2.47388322369186
11066,0.2703057922073432
11067,1.0594094640404061
11068,0.12529450237825557
11069,0.47195186707984177
11070,1.2248191315570758
11071,0.8792762766553476
11072,1.2314647428949996
11073,3.0574483974045275
11074,0.1385300792871332
11075,0.555316628026904
11076,0.5438923029162933
11077,0.23804675300552672
11078,3.6610236040514472
11079,0.0450546754718092
11080,1.9341401104282467
11081,0.9208913161809633
11082,0.17378416283691273
11083,0.21281477047017977
11084,0.22655655501504185
11085,0.9126837661703985
11086,0.6472817828131477
11087,1.2207910594750746
11088,1.4488516480112936
11089,0.46523665651254487
11090,1.1457255886936881
11091,0.6428437843694701
11092,1.5965163274881584
11093,0.06114570749559306
11094,0.531094663291036
11095,0.38354871176320865
11096,0.36740505051866335
11097,1.105154541660111
11098,3.81176469356642
11099,2.586904189271659
11100,0.7799191376893749
11101,0.4608032501584679
11102,1.96052232256509
11103,0.5000046017200851
11104,0.3579245553220301
11105,1.2820851142935208
11106,0.5772654286457782
11107,0.06491197336191092
11108,0.17714863969182576
11109,0.22758113957794845
11110,0.31291169664766394
11111,0.15337078474567897
11112,0.21600188808201007
11113,0.10556456452473548
11114,0.7413827009547396
11115,0.5962972985956683
11116,0.9592840021681869
11117,0.8503010905997966
11118,0.47122178273660187
11119,0.47977489464418077
11120,1.1397984337352989
11121,0.4532923795833202
11122,2.4687369052410366
11123,0.9873475560938949
11124,2.602741954868577
11125,0.7460818060304745
11126,1.4634846935035368
11127,1.514651295277143
11128,0.27836063612461937
11129,0.6618392589514303
11130,1.164430926355937
11131,1.3381070557313604
11132,11.856517814228114
11133,3.540854116961859
11134,0.3003476624885173
11135,1.241764118644509
11136,1.2728319053181723
11137,0.468306352959141
11138,0.8394475747151138
11139,1.018989556230871
11140,0.0845866362133357
11141,5.25778745065649
11142,0.6609652806577326
11143,0.06091563521876795
11144,0.13763846121792075
11145,0.40021115102759547
11146,2.073429697912657
11147,0.4786750979751906
11148,3.183960049508474
11149,0.9571963703277804
11150,0.7469543300952015
11151,0.27848450719744644
11152,1.4493765374542509
11153,1.1085791603485744
11154,0.17076589830542635
11155,6.2987624831258175
11156,0.9687241236241412
11157,1.528169022527455
11158,0.8569608108117225
11159,2.248708233047425
11160,3.1570891900585245
11161,0.12513877358765454
11162,1.3272675807408687
11163,0.08170289881444
11164,0.3674611298307719
11165,2.988670060881264
11166,0.11276368793517026
11167,0.14075922556444997
11168,1.320113257234865
11169,0.2495427214894566
11170,2.240227180912668
11171,0.29105232030941514
11172,4.430032373643144
11173,1.5676401250211518
11174,0.6995554027392368
11175,0.5000749128054836
11176,0.13242050840456954
11177,0.5110517396549958
11178,1.4186567466086877
11179,0.056013400364836465
11180,0.37090489640617297
11181,3.4086353625354997
11182,0.09528645788664412
11183,1.8513966955217167
11184,0.3379541067515884
11185,2.663781252528289
11186,3.543370858378819
11187,0.5226873340467384
11188,3.2702179393169972
11189,0.673391442177807
11190,2.066265154928081
11191,0.35694239535819317
11192,1.6946161261900796
11193,1.222269563702149
11194,0.3191054046946977
11195,0.21037861192433013
11196,2.1039565113587018
11197,3.5193605847683296
11198,0.2559981197710148
11199,0.37256080600718045
11200,0.7556533856478194
11201,0.6929336942712805
11202,0.4153901659488915
11203,2.617353360738547
11204,2.069190798054107
11205,0.707731922480199
11206,0.09891155829647517
11207,0.9982766131274828
11208,0.719604423663801
11209,2.0545694679333035
11210,3.3870040700179445
11211,0.5878192769645234
11212,0.5090430996174015
11213,0.21462370860095675
11214,0.41501180065492094
11215,0.4495582812455339
11216,0.7084846397315228
11217,0.8172246340802338
11218,2.7322400302692342
11219,6.154501598277767
11220,1.7109131779045645
11221,0.45238410217352387
11222,0.4451853527057192
11223,2.1791467486121268
11224,1.3630174460745028
11225,0.7913199651995333
11226,0.2563891449991451
11227,0.8362949060562439
11228,1.2718243927805188
11229,0.4735060932666856
11230,1.122815297800341
11231,0.8020515099223637
11232,0.4363644450644854
11233,1.955678043255857
11234,0.5522085469822553
11235,7.771086338148532
11236,0.10048759520533275
11237,0.7865143207210374
11238,1.3216490976561066
11239,0.2583364696769524
11240,0.679129749843548
11241,0.09729011907420484
11242,1.9875667756559654
11243,0.7324446786587441
11244,0.05660597717145096
11245,0.4846202587899268
11246,0.5612338870966975
11247,0.9402603416168939
11248,0.09826893290067883
11249,0.9214840319034682
11250,0.20061432065172136
11251,1.3760530053427638
11252,0.940293119690701
11253,0.95376488702073
11254,1.1109006361069462
11255,0.44200875585233373
11256,2.715305680209096
11257,1.3860765268299455
11258,1.473240783588154
11259,1.1677527884363075
11260,0.2980365079231227
11261,0.344071276824013
11262,0.5960479017850832
11263,0.5594648116379675
11264,0.30592983228989107
11265,0.4094827091057174
11266,4.049786445973701
11267,0.3860520427322108
11268,0.2732195125598885
11269,0.5479644246492088
11270,1.8624682937916333
11271,0.3695173492742266
11272,0.8811220734817216
11273,1.4873247750547292
11274,1.3487204340740861
11275,1.898018912411833
11276,0.9200939739139821
11277,1.0196925842648967
11278,0.12812330686975368
11279,0.6937753323320182
11280,0.9356289031449339
11281,0.124721988490552
11282,2.243667620739868
11283,1.189003114608747
11284,2.741588942180304
11285,0.23852269365946985
11286,0.6615096621431906
11287,0.4988417462595857
11288,0.19965609273230303
11289,0.27568710170637256
11290,0.6109960552258218
11291,1.2651485562286555
11292,4.192675272863451
11293,1.7349499709646283
11294,1.4717663667041152
11295,0.5030194149666659
11296,3.7995974333196716
11297,2.5132298326372506
11298,0.04129891003487109
11299,0.08598799456734109
11300,0.17912522510400544
11301,3.140547275492127
11302,2.6163969310474493
11303,4.011268298797238
11304,1.209430445183386
11305,0.32007744948121075
11306,0.14532420927283013
11307,1.7980833065590036
11308,0.3145119913196633
11309,1.1859676247562634
11310,0.5415393704736748
11311,0.23940525358669654
11312,2.2795495393059166
11313,3.1173149771664592
11314,1.3919099870576017
11315,1.8776284620664614
11316,1.0750641563656993
11317,2.171086580640906
11318,1.4023935948971122
11319,0.5381896572546632
11320,0.47274961099285306
11321,0.06223390180066137
11322,0.14833264538356575
11323,0.46865860174145146
11324,0.05211939308088584
11325,0.5744543851530386
11326,1.118979169583425
11327,0.4470889914679118
11328,0.3449574245305418
11329,0.13533123942791553
11330,0.34683359499026606
11331,0.425714113635668
11332,4.434481329832035
11333,0.31705599896181846
11334,0.5555132512637199
11335,0.21224621558455586
11336,0.4265991165178141
11337,1.7111310864237044
11338,1.2446413888069126
11339,7.411647012862422
11340,1.7780315360270533
11341,1.461943741598048
11342,0.6072639838029018
11343,0.8980133719979948
11344,0.4882560700214461
11345,2.682718446819883
11346,0.5629467475756638
11347,0.8860605844172179
11348,0.1370308908772973
11349,13.090768252509921
11350,0.48822893093454817
11351,0.15917482074448708
11352,1.485231337144276
11353,4.418927673586246
11354,1.204350022191098
11355,0.9574044007269787
11356,3.7168669189444135
11357,0.7893130349546843
11358,0.9217700302581904
11359,1.0625275540823138
11360,0.5688660173835492
11361,3.428095442164064
11362,0.2592054646339666
11363,1.3411510161009788
11364,3.074486331433908
11365,1.824813342831475
11366,0.6839130660219757
11367,1.7395512847893575
11368,0.4728269129387691
11369,0.9142623697228688
11370,1.4455754073949467
11371,3.0295884982466217
11372,1.1104263115261785
11373,1.3167021334143159
11374,1.1699403615381994
11375,1.7496443976665372
11376,0.07746645446073863
11377,1.3524867421832134
11378,0.7555329777695623
11379,1.0107894561458752
11380,2.888264419858031
11381,0.32072194442810265
11382,1.2238753985016004
11383,4.493002874520144
11384,1.1060947909996632
11385,0.8074528986324587
11386,0.6726069444463207
11387,0.6926334394397755
11388,23.526849499891835
11389,1.3956417992923953
11390,0.6199113585152219
11391,0.5807586802347395
11392,0.26722094317503564
11393,0.4828609653086035
11394,4.195524361055232
11395,0.9696924187225963
11396,2.888352003652812
11397,1.236873074329548
11398,0.6231268351622515
11399,0.1706815372263596
11400,0.197221307986447
11401,2.7035533000697107
11402,0.9891237255233886
11403,1.2505267424949496
11404,0.4368040905773834
11405,1.4745588962305989
11406,0.8268999499349001
11407,0.4576320613240921
11408,1.745412029687188
11409,0.652628864638458
11410,2.978457321182293
11411,4.111205822253386
11412,1.991362357677873
11413,0.5572946314157122
11414,0.3507548597558608
11415,3.3575594377112497
11416,0.13016963557923422
11417,0.5613621268645742
11418,0.29999582808335296
11419,0.6774789863956019
11420,0.4246918663638927
11421,1.2659829267061071
11422,0.30582228463062944
11423,0.373050083018226
11424,0.163533703219235
11425,0.4548139373727663
11426,0.23629954834303918
11427,2.4554538251229827
11428,3.0815707090216526
11429,0.9441264154630297
11430,0.45289685807384306
11431,1.0670467762469962
11432,1.385822437227967
11433,0.43919438829422347
11434,1.939188956326313
11435,2.1702443061792396
11436,0.5953739232262586
11437,1.951542595752731
11438,0.9263878603347591
11439,1.2670816622121284
11440,2.4489997356249567
11441,3.2352965075170994
11442,0.9231853637959933
11443,1.3496646218484751
11444,0.31258870035411435
11445,1.2675812365363832
11446,1.3910290692271805
11447,1.2680117869747365
11448,3.4196277660076255
11449,0.204068180119055
11450,0.23348588279612983
11451,0.13818952413469932
11452,3.6802103567488693
11453,0.9104699576295653
11454,2.5026925502052544
11455,0.618274067157864
11456,1.6316562488750688
11457,0.7897880276811594
11458,0.3040221359601808
11459,3.671359380667769
11460,4.144020857171642
11461,3.6566921150520133
11462,0.05994463673015275
11463,3.9183845750170483
11464,0.016647656011244967
11465,1.1077093792726793
11466,0.8487667990564587
11467,4.525658472347295
11468,0.8903737330886566
11469,3.203257662162905
11470,0.05485523315477023
11471,7.638831030298362
11472,1.8784805081730864
11473,1.9912763151089512
11474,0.5730070202431828
11475,0.5084730970821889
11476,0.9748569459640184
11477,0.8696226977923732
11478,2.057629031225667
11479,0.8432403466895633
11480,2.7341992980481824
11481,0.8475978472120599
11482,0.2586387297938388
11483,0.08861718437513347
11484,2.431933660599988
11485,0.33006331518039356
11486,0.40738585569939173
11487,2.0628181368601526
11488,2.590896831704037
11489,0.23085331632485048
11490,1.3418205926576323
11491,1.242214907402842
11492,0.13136315351430336
11493,0.09228174728776271
11494,1.3249004323145754
11495,19.103345378119574
11496,2.068712045879206
11497,3.483789484284991
11498,0.4005563716972968
11499,0.323176406505303
11500,3.053093489163676
11501,0.0980946899234569
11502,0.3712401607734738
11503,1.5439371222079932
11504,0.42041883803297353
11505,0.8166907533342392
11506,0.10932394552990679
11507,0.8698540887508578
11508,1.6390376044204518
11509,2.5292871248078774
11510,0.6069626551004518
11511,0.17373900251167906
11512,1.7377045605887353
11513,1.8404563688657922
11514,0.07078375844814136
11515,0.7091262329854242
11516,1.7350936195660884
11517,1.7838151908915796
11518,28.082795412365446
11519,0.6936753564810059
11520,0.1380696094912865
11521,0.6867064303644902
11522,0.13491155511554342
11523,0.5529080393494564
11524,1.5837251224187758
11525,0.07978991148288613
11526,1.5884336003001003
11527,0.5157455677124446
11528,0.3299170363379897
11529,1.5359853149837055
11530,0.5821146915970481
11531,1.1893735165630817
11532,0.5065446357946901
11533,1.0482493553450842
11534,0.7522939993155798
11535,0.44821601119198784
11536,0.06429449344772427
11537,0.6826416542123876
11538,0.29099452011473
11539,1.6674099756588363
11540,2.177684261488803
11541,0.1002245495803916
11542,2.661451034653001
11543,0.24651994233930222
11544,0.6828028493600498
11545,0.4527260265121198
11546,0.18009083759964647
11547,3.1203913327240516
11548,0.7129742150969756
11549,1.540962014510953
11550,0.6676713176573525
11551,0.35110658227717356
11552,0.480160290014071
11553,2.3971131740243217
11554,1.1233873830172727
11555,0.44685094121005153
11556,1.788508585999579
11557,7.146560598026937
11558,2.463930943863525
11559,0.8473142425091807
11560,5.723529683855883
11561,2.5987391610930093
11562,0.3885853820767145
11563,1.2323414850878769
11564,0.3858446337449729
11565,0.2819427244763254
11566,0.6614576783079514
11567,1.2354361127109232
11568,0.3110313031555616
11569,2.022008621268711
11570,0.2748796171496894
11571,0.40548090279378074
11572,1.3098339916822392
11573,2.326692483681356
11574,0.1777172892510051
11575,3.5726158722531363
11576,0.23807224052363551
11577,0.03825577582296734
11578,1.8989087088716834
11579,1.5279021540538529
11580,0.3342358358357154
11581,0.3358941356956772
11582,3.215518061468454
11583,0.09446951467585743
11584,2.999473562726694
11585,1.3131327142087277
11586,0.6019143404602527
11587,1.0160796891509443
11588,1.6718422384874891
11589,1.1114206569820841
11590,2.395440080011149
11591,4.905700922658041
11592,1.408134250640799
11593,0.379004401268469
11594,1.6168526726576382
11595,1.9741447375124304
11596,0.8072695232542967
11597,0.4942219799217033
11598,1.3124971029312378
11599,9.577171497205676
11600,0.25530583443677957
11601,1.652864937976768
11602,2.814352126743578
11603,1.6740263769545856
11604,0.9787570763260984
11605,1.2400758419007787
11606,1.572583070796703
11607,1.2342685447476838
11608,1.0254973336047792
11609,0.9579081383927683
11610,0.8287514951119193
11611,1.3402792767718972
11612,0.24186929517749936
11613,1.7976143628613883
11614,0.5055195403329107
11615,2.2337912208631012
11616,1.2545686055554541
11617,1.3341756717931
11618,0.2587268494691954
11619,0.32837201293541807
11620,1.6632017913635115
11621,2.2491048261759055
11622,0.17550426670371666
11623,0.4095870927104987
11624,0.09110178475259202
11625,0.4389497608046855
11626,0.511304657455155
11627,1.8444120773949704
11628,0.8908278515048198
11629,0.8961064300439767
11630,0.2840565754266874
11631,0.04224952803354729
11632,0.22520747489754847
11633,0.2695038238408653
11634,0.7428798133124366
11635,0.1615022469510249
11636,0.6555296257654589
11637,0.8411495501770458
11638,0.7683761371802026
11639,0.647896465207851
11640,3.3993939479261113
11641,0.10362408485365092
11642,0.8859097963435318
11643,2.068368517728402
11644,1.199857432876731
11645,2.0677188307816348
11646,1.3845863165051076
11647,0.5338245217023179
11648,0.2898231095714595
11649,0.035058611882590546
11650,0.455547754737572
11651,2.799128389612759
11652,0.6175444754819419
11653,0.7407173051518786
11654,0.06587255169410436
11655,0.093586761345451
11656,0.18691490259048582
11657,0.7991679150327784
11658,2.4819195715188718
11659,3.3427545582289095
11660,1.1967448597108368
11661,0.26389185645276847
11662,1.568713131064405
11663,0.3772213704613567
11664,3.0097599511342694
11665,0.1576315435845621
11666,0.4915934427311157
11667,0.6353138608155379
11668,0.6379118322829095
11669,1.5856237014386307
11670,0.10981891511174245
11671,0.01549311016579278
11672,2.2748150102571834
11673,1.2606982279655694
11674,0.3389858207137435
11675,0.646611814712584
11676,1.6713064223915346
11677,0.8477334273955747
11678,0.6118026371621248
11679,2.0385975053646783
11680,0.4872320335736347
11681,0.04496402378820968
11682,1.5635033877766316
11683,2.5128715109246147
11684,0.48194124231624375
11685,0.48369673164786203
11686,0.433151407405138
11687,0.13292278119391748
11688,0.25979511045253084
11689,0.47918939863877047
11690,1.2789065165463982
11691,0.4225992676512541
11692,0.2190306628043991
11693,0.5956512011829883
11694,0.9563170939029291
11695,1.1183262214119598
11696,0.11205713532814954
11697,3.0093560049396624
11698,1.7747962849695975
11699,0.21153261899657239
11700,0.4004293646455881
11701,0.5026735695299639
11702,0.11090457253072201
11703,3.098140037651614
11704,0.5814825150562263
11705,0.04103214823765772
11706,0.4320572956829821
11707,1.1289925465141115
11708,2.7887750838977876
11709,1.4087294277550249
11710,0.7295186050289165
11711,0.1292199666439662
11712,0.2584804760938284
11713,0.6812014204397209
11714,2.521434918232559
11715,0.11358144887002143
11716,0.5838615139951371
11717,0.06862456140873403
11718,0.3025539442006312
11719,0.4465528905606689
11720,1.271810797680508
11721,0.632828043974046
11722,0.5071873229839892
11723,0.2382683221069026
11724,4.694776126163123
11725,0.992540849368167
11726,0.33685148874167137
11727,2.6908509322433463
11728,0.9953083674464334
11729,0.3275780988523511
11730,1.189665145252504
11731,2.033899786870295
11732,3.3558727972252105
11733,0.5101336949706619
11734,2.7953682665678397
11735,0.9421444935153351
11736,0.30092239628022044
11737,0.5461440710290988
11738,0.22729723962300818
11739,0.8199001041728804
11740,0.46570462561726333
11741,4.126752888263706
11742,1.7565592608636083
11743,1.2901598598620994
11744,0.06812922919435092
11745,3.481985839086711
11746,0.735986436714527
11747,1.8428592758101292
11748,0.030114335777180572
11749,1.5610218187954163
11750,2.009221675579433
11751,0.37493630259935873
11752,0.8106867400437748
11753,0.2073642042397799
11754,0.29065822398949587
11755,3.939606181457898
11756,1.4361917619684135
11757,4.174705034269054
11758,4.309221946098559
11759,1.8177746870816789
11760,1.6206807914685912
11761,0.6117334096433036
11762,0.9715899194609217
11763,1.9222465645605613
11764,1.0193700021583065
11765,0.2779004348148459
11766,0.11855933526293093
11767,0.7632507098453521
11768,1.0225977349161774
11769,0.7258714101725603
11770,1.2296868125265124
11771,2.7154366718872054
11772,1.4558191903966904
11773,0.33448148729854926
11774,1.6390992511154634
11775,0.27307181460127644
11776,2.8505009078153223
11777,0.478700428565006
11778,1.0490633532288007
11779,0.08043035062304717
11780,0.3123397798291008
11781,0.5328014320660928
11782,0.206243876621388
11783,2.1204262151214155
11784,0.6938578722054043
11785,0.7335540349046425
11786,0.25306866866168104
11787,0.11302449958029433
11788,1.19975498078155
11789,0.3373384112274709
11790,0.5228141192516743
11791,1.304376330893816
11792,1.3668924043005939
11793,1.4584364328291415
11794,3.1218795339340732
11795,0.09077497062577815
11796,1.2599070020677656
11797,1.586394135496481
11798,0.17338065058876656
11799,0.858645913311614
11800,0.33477130575953995
11801,3.9313025676749613
11802,4.448729056052517
11803,1.103101017325343
11804,0.5210182235849358
11805,0.318800319717768
11806,0.07670115498001605
11807,0.3386050595562777
11808,0.15381354297696262
11809,0.2796432960588451
11810,0.1363682010222468
11811,2.146508155633403
11812,0.4579372718070442
11813,0.30625047896676927
11814,0.20909815287233666
11815,0.5641092112554574
11816,0.2835792614746575
11817,0.5074393277947428
11818,0.1588293308004875
11819,1.0893542937408336
11820,0.7396981634871065
11821,1.8018378048947337
11822,1.24638266716959
11823,0.699783608137769
11824,3.129980419560164
11825,3.017250110673226
11826,2.1633892716950367
11827,0.7279832416260905
11828,0.10210128031873804
11829,0.9229437655873144
11830,1.0741288938545481
11831,0.2015576314778069
11832,6.438622954314152
11833,0.21355905017325646
11834,0.8613912915073958
11835,0.2618509591076585
11836,0.30016164480189134
11837,0.7964823828600676
11838,0.09771868251354211
11839,0.4737045505758912
11840,2.544497407998638
11841,0.5419434367927166
11842,0.3972253997252508
11843,1.284536955121076
11844,2.6778320845349617
11845,1.5178397609602297
11846,5.348936709362552
11847,6.0158736917875055
11848,0.7995670019496998
11849,0.1576955714175168
11850,0.4162182843958437
11851,0.27752367290782193
11852,0.6226561172475705
11853,0.4951144539702663
11854,1.6117485903832494
11855,0.7739533239466679
11856,1.1568104508761043
11857,0.1371557196879512
11858,0.8183167943040276
11859,0.9128474905624079
11860,5.135336382085095
11861,6.399846493041333
11862,0.1886444373182297
11863,0.019021421332598806
11864,0.06649615361267713
11865,7.6919625329731005
11866,2.446129637951431
11867,2.1680073484627314
11868,0.2090544036227975
11869,0.47171254674903396
11870,0.42937336082976324
11871,0.20687210798219138
11872,0.745729888710835
11873,1.8773435706925254
11874,2.8112749776429684
11875,2.678153491619221
11876,1.5381972465039593
11877,0.5583246603504423
11878,1.7796858330308603
11879,0.6443823812338485
11880,1.2024314417874407
11881,0.8399340149558691
11882,0.08999675642736914
11883,0.39272083466299745
11884,0.31421677921075913
11885,0.2803102677656737
11886,0.11604816854096156
11887,0.09741018168008753
11888,0.6755328814688043
11889,1.3615493037667132
11890,2.992520959887554
11891,1.2193482617322127
11892,1.0845208293967368
11893,0.43507902054435493
11894,1.4940807718387399
11895,0.3459869086940135
11896,1.450125760709695
11897,0.522112707500608
11898,0.15159883958827705
11899,2.4231847518908625
11900,0.9016548305541576
11901,0.24628859508714937
11902,1.8645042294611136
11903,1.3582511924984029
11904,1.4203325875606476
11905,0.8288409994189438
11906,0.7245182901796506
11907,1.6785898657269007
11908,1.5387519366811522
11909,0.4817160661569365
11910,1.6922865339808721
11911,1.0115277557357822
11912,4.164839656635721
11913,1.141187599734958
11914,0.11980608293467591
11915,0.9372392834520246
11916,0.296347428719813
11917,1.9172767843625027
11918,4.0546370294622545
11919,0.8497773753446616
11920,1.5346763452285563
11921,0.10240372457685512
11922,2.4669776258255616
11923,1.3406360532080652
11924,2.4842212638431183
11925,0.28204217639700874
11926,4.427091080830972
11927,0.9789753048821281
11928,0.22898604149524798
11929,0.24899641685131033
11930,0.6258365256577968
11931,0.8777458548842842
11932,1.323960858223532
11933,0.6752337444733678
11934,0.8301765459834145
11935,1.3313624407850115
11936,0.18511924805003444
11937,0.7026369304000952
11938,0.7866649839428174
11939,0.19965729537085694
11940,0.4933251461335798
11941,0.2570262717718221
11942,8.477725325144615
11943,1.2469172036337162
11944,0.3146412172956246
11945,3.814097586181568
11946,0.9328842460712303
11947,0.24250317594445317
11948,0.7296524160377146
11949,0.09807787510280201
11950,0.6724183656945347
11951,1.7945197619507054
11952,1.0000516123432561
11953,0.41662949008356415
11954,2.1059438706923226
11955,1.023935942029003
11956,0.131176457540932
11957,0.4225289367430743
11958,0.493424553885661
11959,0.407366234397601
11960,2.2428527799155074
11961,0.15569441780986673
11962,2.0017133697252594
11963,1.0696401140870846
11964,1.7354169793347787
11965,0.08702284501534639
11966,0.9441888932082894
11967,2.124499118461005
11968,1.2852202049605626
11969,0.12268692667151038
11970,0.4317601407558747
11971,0.2419109138132111
11972,0.41651796944437786
11973,2.156708820745294
11974,0.3320945921810148
11975,1.4050826665579914
11976,0.9137569268064658
11977,0.19703358536601684
11978,0.1636700168081343
11979,1.4393242208439632
11980,0.3607418218495305
11981,0.1652952913758565
11982,1.1413825956723611
11983,0.4089544356003506
11984,3.374252221757307
11985,1.2587070074915745
11986,6.240657334574186
11987,0.6368733973951854
11988,0.09254738798611337
11989,2.6524518228061096
11990,2.551572428729728
11991,3.0053332380108113
11992,0.5146569610322879
11993,1.9093704133362066
11994,1.169870762057946
11995,0.34378396225960406
11996,0.531572719776722
11997,0.9672914323124826
11998,0.738260914765162
11999,0.7215906859966889
12000,0.649128445895313
12001,5.266273328347683
12002,1.8873937214666558
12003,0.30317326014520646
12004,2.7237735519501705
12005,0.656731744283688
12006,0.5813923976102381
12007,1.3558940496050518
12008,0.37835564350696005
12009,2.961787608486165
12010,2.277884667936667
12011,1.6433745968597107
12012,0.8841945481591708
12013,0.3390230339764789
12014,0.810764974100427
12015,0.8307412291919319
12016,1.7394699188904308
12017,0.1232052775081547
12018,1.0446411710109937
12019,1.6923688701810526
12020,0.6083854073505989
12021,0.7946203769432247
12022,1.4817148731589933
12023,0.4064656338045244
12024,0.38716946375987044
12025,3.066557153637179
12026,0.27014832183212656
12027,0.7460053904545135
12028,0.2095399964260848
12029,0.043203354676219295
12030,0.2839074029255883
12031,0.043913933034722935
12032,5.30463982889534
12033,1.3261452990169436
12034,2.049611174587194
12035,0.6744363483059695
12036,7.79871517829447
12037,0.1515166269602151
12038,2.3302115965019454
12039,0.25934596014117456
12040,0.6110230204204589
12041,2.579219172260581
12042,2.938358414970294
12043,2.9074444521410294
12044,0.2493370510568465
12045,0.5328852326492849
12046,0.8004740868919684
12047,0.7618861543098729
12048,0.8915691173623926
12049,4.807568049049944
12050,0.5481305493119351
12051,0.1302595170598962
12052,1.1911964243669215
12053,0.19289464347748356
12054,0.530421919799095
12055,0.9299846255335888
12056,0.3762186170412727
12057,0.8717921752812712
12058,0.10716193363372262
12059,0.5151415557936863
12060,1.0062862515211943
12061,1.1585116431187261
12062,0.8985047975059989
12063,0.5290809549761829
12064,4.541633101843806
12065,5.573798671195676
12066,0.7444210360923346
12067,0.021634172261450958
12068,0.8045015226378062
12069,1.570245838129155
12070,2.1035069663077244
12071,0.11518164356930806
12072,1.4586902679429685
12073,0.3119444483143747
12074,1.5408589302084506
12075,0.8361921310067466
12076,0.7118278075774706
12077,0.4108976982231149
12078,0.531135808863854
12079,1.8713723599890155
12080,1.6378362125010004
12081,3.9979091275483984
12082,4.0643951921407995
12083,0.43436464881786324
12084,0.786674929569463
12085,1.0605399600338974
12086,0.0828695501073714
12087,1.0731699840402973
12088,8.171072590088054
12089,7.285809431472812
12090,3.396162404804279
12091,0.2428691011866853
12092,0.3720609618117875
12093,0.7885157575257936
12094,0.15485198584225995
12095,2.47126099666688
12096,0.8216714378394173
12097,3.310216743322136
12098,0.5060966099683734
12099,2.1972233105836425
12100,0.8338814583683011
12101,0.49486629937288895
12102,1.6136810332183587
12103,2.9092917108532337
12104,0.07916572341021487
12105,1.6402564429407545
12106,0.612756740729781
12107,0.24361172167987552
12108,0.44559842850667936
12109,2.5873490601840636
12110,15.418758093889933
12111,0.9848602241078824
12112,0.3924685110715192
12113,0.09826067052857
12114,0.7811345679089945
12115,1.8096681345628178
12116,0.30124004334598886
12117,0.48864153363475427
12118,2.47035804086622
12119,0.06416569417797074
12120,2.2750206010461733
12121,1.6233300620821214
12122,2.208339483123752
12123,0.21424361961256516
12124,2.74357316484591
12125,2.8924515596194165
12126,0.8047158761500122
12127,0.6257458706615262
12128,1.5766524804322775
12129,0.6713201574496319
12130,1.4327454567239073
12131,0.4005999277596857
12132,2.4679726042460572
12133,0.2292829584328403
12134,0.48514728656690065
12135,2.6766475137692565
12136,0.1340219268876609
12137,0.7910887130271493
12138,0.11232478749859777
12139,0.6415996859795238
12140,0.3743622568197731
12141,0.4859915917764436
12142,0.13168934922494327
12143,1.3598130455083122
12144,0.6182695565995948
12145,2.8445956876511067
12146,4.949256714868025
12147,0.30589819869248636
12148,2.7997494093311577
12149,1.835058042133453
12150,0.12965120294192564
12151,0.4620693312648111
12152,0.6985027774057971
12153,0.1463120325051541
12154,2.14111085633803
12155,1.1477785231948896
12156,0.5139018905026367
12157,1.9521597041817103
12158,0.48319576272982656
12159,2.791862982686114
12160,0.30069915379907053
12161,0.12860596094254473
12162,0.11477700454002904
12163,0.07629761231861934
12164,0.8189625296855559
12165,0.3600867044917578
12166,0.8968149188058867
12167,0.23929194057582026
12168,0.9127563091174034
12169,0.11985240560355907
12170,0.7429042226061968
12171,0.2617669322519158
12172,0.936934408280568
12173,3.5343515368299325
12174,2.4384506751360018
12175,0.10238782010348989
12176,1.861135753560599
12177,0.5376285050119175
12178,0.5487081757141354
12179,0.4847368646487824
12180,0.07731787569919021
12181,1.1095215357652857
12182,1.4364549033116905
12183,0.6769189395902591
12184,1.255264746914839
12185,0.9444736621908889
12186,3.6139553311918364
12187,0.25859249735605466
12188,0.2552586762646787
12189,0.1771720607377284
12190,0.14439718073228514
12191,0.4177435310130512
12192,1.212929537441914
12193,0.2991212262892519
12194,3.5417769009457842
12195,0.5843990114697255
12196,0.2639255323131197
12197,0.5865866149893376
12198,2.042734797330283
12199,1.3565897093468657
12200,3.7318110130442346
12201,1.3906158859712092
12202,0.6762429030893686
12203,0.34631691202412124
12204,0.7362313164933337
12205,2.466014586432185
12206,0.856910552466461
12207,1.203713940754662
12208,1.5918809990795966
12209,0.29478391385061253
12210,0.12446628094130079
12211,0.5443670033231315
12212,2.815141659593387
12213,1.0500158831048925
12214,0.3344660800037501
12215,2.4498678000114262
12216,0.0714293508811743
12217,0.060204006164728666
12218,0.5795960834522963
12219,1.0012997458970148
12220,2.127768007016778
12221,0.183331834638291
12222,1.045061948479084
12223,0.5797166166285931
12224,0.4868292906356503
12225,0.7985985004537449
12226,2.664790835572844
12227,1.976648201211184
12228,1.5169120200740114
12229,2.946094545109914
12230,0.7564933386688605
12231,3.4754539830739364
12232,2.6145858574904097
12233,0.24654857565548277
12234,0.43776090025298636
12235,0.16910894776240507
12236,2.774414308322332
12237,1.297074172584865
12238,0.1647079149904689
12239,0.5959096592863493
12240,0.08238583377890588
12241,0.8515241105791493
12242,0.3641398155515318
12243,0.5284731908361374
12244,0.49493888335817354
12245,0.4682533798718703
12246,0.5365957753371611
12247,0.4397364374162849
12248,0.49429730398299043
12249,1.1206018874657113
12250,0.029628715516963444
12251,0.986103215247535
12252,1.5621347124950722
12253,0.5578461002847679
12254,0.48873650894706866
12255,0.09561081993989341
12256,0.7122824624537325
12257,0.6652670419806946
12258,0.08446379837322718
12259,0.27390703199879946
12260,1.0713523193015217
12261,1.285504600081826
12262,2.377983909904496
12263,4.898921966668114
12264,0.7126554899736106
12265,0.4716820122816044
12266,2.518624746165258
12267,0.46444723173796854
12268,0.7340982834171428
12269,0.509102167004208
12270,0.11615544904371754
12271,0.5045353245724506
12272,0.6921268779866944
12273,2.3162005789183904
12274,0.4024289525243103
12275,0.6239754323687274
12276,0.6685259006686806
12277,0.7433389499777159
12278,0.5657330794353241
12279,1.5305028027603245
12280,0.6278432055225746
12281,1.1016448723832304
12282,2.247510964991107
12283,0.23218887810463806
12284,2.661925064575718
12285,0.6533260909548105
12286,1.2633432209537394
12287,0.1238515296892414
12288,1.2961356049901709
12289,0.14489018195294553
12290,0.15147463326192623
12291,1.5215853849900562
12292,1.396131767019055
12293,0.47304478462300964
12294,0.4371889301111843
12295,4.814817641312593
12296,2.5603032541806376
12297,0.29194819400158906
12298,2.137301777627157
12299,0.9997950764321487
12300,0.39816659470899834
12301,2.1349691336872767
12302,0.7386773830712603
12303,5.110489217772592
12304,0.8799344363614097
12305,0.4136606720410157
12306,0.6573518156548304
12307,0.07369999018887698
12308,0.19066853329661654
12309,0.741531853846424
12310,1.3841234564423675
12311,0.5547417395972808
12312,0.8504093607531483
12313,0.7886019753529034
12314,0.4114129081474563
12315,1.1165007732571017
12316,3.0186870335145635
12317,2.358571541394558
12318,2.8636704004611477
12319,2.2062371362706656
12320,0.09887627394795395
12321,0.3548693447196161
12322,0.08448668717423911
12323,0.9241319055769949
12324,0.37885127413725844
12325,0.23241297294678226
12326,1.1099251615289334
12327,0.32242674189897835
12328,0.5708656725606076
12329,0.5608815524807771
12330,0.6159848499315872
12331,0.082499680501056
12332,0.6549963859593246
12333,0.9020725090303016
12334,0.7648306879848773
12335,1.13157455262716
12336,3.29775143816887
12337,2.0873511169038665
12338,1.9709763579122517
12339,0.513120713442795
12340,0.256233088407286
12341,0.7959630531126205
12342,0.07646438859196647
12343,0.5776096197044109
12344,8.324232616778446
12345,10.086466796032314
12346,3.199392471445074
12347,0.1247866013723854
12348,4.00372505724771
12349,1.1046970211600229
12350,0.039707980488522615
12351,0.13111076531932897
12352,0.2027886417538051
12353,2.0685859721854585
12354,2.1471734039409034
12355,0.7740722720251664
12356,2.2820853592411443
12357,0.8954152319923708
12358,3.1924004800664325
12359,0.33642098252697145
12360,0.16558724489473386
12361,0.5938932531134762
12362,3.8171423620402223
12363,0.9266057495250491
12364,0.2758712141836208
12365,1.7500137320032416
12366,0.9948769475462008
12367,0.0731111237686277
12368,2.7606995502334986
12369,2.5075123097335377
12370,2.0143623967906565
12371,0.4151374949066689
12372,1.0544811024470488
12373,0.3684744807906943
12374,0.4041751593436661
12375,0.6708727482571841
12376,1.4923464082980324
12377,0.436840308203027
12378,1.0345726290722086
12379,2.493663375325949
12380,2.093992612759023
12381,0.11302550374590023
12382,0.2073444885056005
12383,6.598648082311435
12384,0.45334889659465066
12385,0.1288200944776031
12386,0.9473645450392969
12387,0.5553740941078413
12388,1.3112674130226074
12389,0.20787319447975067
12390,7.982335204447838
12391,0.7462320492909557
12392,3.126342741675755
12393,1.1158014649749879
12394,0.2954346718996363
12395,0.7619343946232199
12396,0.13008864634295697
12397,8.315919793145126
12398,0.6622904103960681
12399,2.113903453458726
12400,0.48600753893647786
12401,2.7828071462122272
12402,0.45276716748543083
12403,0.2653064626366036
12404,2.2516549783626587
12405,0.2853431865689302
12406,0.75419614685716
12407,0.3710780697551317
12408,0.9192551332261184
12409,0.9673275964979791
12410,0.11217928138207238
12411,0.41851087718143404
12412,0.37836510657996086
12413,0.16298793601888967
12414,12.35455752591532
12415,0.29876139944449
12416,0.11146151869803655
12417,0.7188705886277337
12418,0.4379931818306774
12419,0.39799530309259024
12420,5.695576332831262
12421,0.5705775080749288
12422,0.5237906577692689
12423,1.074379590090378
12424,0.1959769021470989
12425,2.7391644512959856
12426,0.4852098472654274
12427,2.2017995681713076
12428,0.6184755746835198
12429,0.8924080518332587
12430,2.0892114356376528
12431,0.2572246720297282
12432,1.1509192012822327
12433,5.794928518481829
12434,0.37455110415861986
12435,2.833729272424904
12436,0.47171877235559495
12437,0.6437025706248403
12438,4.20225574779645
12439,1.8513652825857974
12440,0.7468034599342341
12441,0.9722634033636096
12442,1.01391590771909
12443,0.22368162137035563
12444,0.855220402988535
12445,1.1592354118406836
12446,0.7803800739426587
12447,0.18841471186086003
12448,0.21600874277746185
12449,0.5966261472367647
12450,0.4839791474322006
12451,0.9132256264369156
12452,0.5131699020971949
12453,0.2198415499550421
12454,4.326755053927162
12455,0.15272774224610447
12456,0.4193826763101895
12457,0.12745438640339427
12458,1.4291908515664256
12459,0.93338886303775
12460,2.302499603230169
12461,3.009405307946518
12462,0.5639977744636568
12463,0.9963173923783966
12464,1.042279752563095
12465,0.2913881334898015
12466,2.311823317363083
12467,0.5494850162791194
12468,2.3562597369579494
12469,0.3508412189310021
12470,6.214116814945751
12471,0.7799255957217296
12472,1.4171750366387712
12473,1.4979087906127875
12474,4.637948969293531
12475,0.059712156850780136
12476,0.0548096037658619
12477,0.17526024930222528
12478,0.21171206062852743
12479,6.226418375119751
12480,0.4950000434562734
12481,1.3237650215139927
12482,0.49201452966578996
12483,0.3480554589526805
12484,1.3185776604406003
12485,0.19158869275182297
12486,0.46218173348455865
12487,1.2670480626059915
12488,0.9393839567983848
12489,1.791023523443431
12490,0.5908334406692483
12491,0.7368845416232734
12492,0.5877725451083186
12493,1.3022991912187734
12494,0.4722376663397689
12495,0.11334585772440824
12496,2.431409026384276
12497,3.3674905162073356
12498,14.812729092207451
12499,4.518947433559076
12500,0.4219400858033856
12501,0.7338398461495726
12502,4.953893783734457
12503,0.380898659534116
12504,2.8212635856690187
12505,0.7564970867933899
12506,0.4829031222497123
12507,0.9155086092548969
12508,0.8047912314460219
12509,3.2999619532394653
12510,0.5872169075975315
12511,0.1470559758691544
12512,0.4752600987287291
12513,0.7145444332924437
12514,0.8323392722807923
12515,0.513834628697453
12516,2.133673715529578
12517,1.7399490605090528
12518,2.687890902044095
12519,1.145289515952783
12520,0.264185322749836
12521,0.47223228809545914
12522,1.143322984464994
12523,0.42988557483610484
12524,2.372082182103825
12525,2.504179054276369
12526,0.5373341079154925
12527,0.29558633532472284
12528,4.001273308738983
12529,3.2142854881966803
12530,0.23006956418840893
12531,0.8434695922858273
12532,0.9936711658772113
12533,3.0601136063914405
12534,0.438062722750485
12535,2.5716949471211303
12536,1.6011265820545293
12537,0.08578033816763295
12538,0.16649852439951854
12539,2.8237541608737935
12540,0.24847949156144528
12541,1.33053673103934
12542,0.2066451497904565
12543,1.0550158720765268
12544,2.6591402268486806
12545,2.762528922411352
12546,2.376513086561092
12547,1.9049361703988197
12548,0.8816009192102485
12549,0.5615696977440476
12550,1.3312552766254022
12551,0.5041819474601346
12552,0.6476126173301657
12553,0.20445827231001887
12554,0.38685253368051586
12555,1.6441654423792116
12556,1.1567918294965818
12557,2.28783137656216
12558,1.070100759411503
12559,0.6711752833192169
12560,1.5067666202507557
12561,0.9559375796162658
12562,0.898754783471604
12563,0.2725503662921295
12564,0.2928526978748623
12565,0.5877271780147255
12566,0.35256628117144134
12567,0.9283430300711657
12568,0.4815944999968843
12569,0.13598807630052864
12570,1.0846415525668978
12571,0.31735658516647725
12572,2.164593603318696
12573,0.6039001276375822
12574,2.7391477639324133
12575,0.3064364721282289
12576,0.1041609862799713
12577,1.706742950002145
12578,1.8925925958920844
12579,6.527883257550495
12580,1.2993693501474324
12581,0.09213724418083374
12582,1.3645200472866197
12583,0.6514725841976123
12584,0.21336163572568007
12585,1.4911443269576112
12586,0.8496450289343759
12587,0.12358282484746771
12588,0.2628136423101512
12589,0.17392966159666307
12590,1.1544137273413835
12591,1.4623184070203448
12592,0.7016347012423084
12593,1.007264986364178
12594,0.4196346820211548
12595,4.42645294420108
12596,0.7499168552060085
12597,1.5823069477337088
12598,0.8852256334501216
12599,0.45828297818018515
12600,0.5094859844200864
12601,0.33261935575184676
12602,1.1131615851657277
12603,1.0992952348622074
12604,0.6861313277084438
12605,0.2112155878540683
12606,0.865545901998197
12607,0.1664675384792536
12608,5.524931815046793
12609,0.968946634753673
12610,1.239831318341968
12611,0.7236789471234288
12612,2.551623024466591
12613,1.5528518191113543
12614,1.1721090482264813
12615,0.3539036291590065
12616,1.883273906558589
12617,1.3249036993165333
12618,1.1433724663208729
12619,0.07470315347673871
12620,5.552869763163487
12621,0.03474400557086575
12622,3.467226840988393
12623,5.122515957792786
12624,0.7432807842284133
12625,2.1188772478763513
12626,0.9394025687083383
12627,0.04031772159122046
12628,1.0783964441939644
12629,2.442744451138998
12630,0.872516762435089
12631,0.12271300863812729
12632,0.8158031141551136
12633,0.538768350782861
12634,0.8091662318018278
12635,0.8318568720677593
12636,0.2597941212946693
12637,0.47776908946739405
12638,0.2001969209985393
12639,1.701453063131142
12640,0.9412087822874555
12641,3.636911478891029
12642,0.3055939556355182
12643,1.0008479606842342
12644,0.146702961534205
12645,0.5473680216535302
12646,0.18304903803972603
12647,3.2613678616101924
12648,1.8087385448172468
12649,0.5609652686478434
12650,1.2204059402310161
12651,0.5039492137236808
12652,3.344325991700961
12653,0.20288696447549748
12654,1.3695119760768575
12655,1.1519328794561505
12656,1.3145460509050564
12657,0.11691486288721437
12658,0.2314236256750472
12659,0.6474663912962694
12660,1.8782094867631127
12661,0.49619419101895224
12662,0.4433176063589055
12663,1.0290000013014458
12664,0.9163177396468634
12665,1.5761580894392446
12666,0.6876749151785045
12667,2.194320078968934
12668,0.4101407264323805
12669,0.1980397994050106
12670,0.10305645747842367
12671,1.0225712635520912
12672,0.8054088630000088
12673,1.0508618907502925
12674,0.23671883622162612
12675,0.49964411052200597
12676,1.0596442597133175
12677,0.4970783328280383
12678,0.1794752643363054
12679,0.27856042669687714
12680,0.19184877465034492
12681,2.1497796180691604
12682,0.3168430919631592
12683,0.5739770694601166
12684,1.323640818777704
12685,1.4007373022486707
12686,0.0894557736048818
12687,5.59318912436077
12688,9.984706091939016
12689,1.5984175598094597
12690,1.2724421485993727
12691,0.3554029754966361
12692,0.17821536243132255
12693,0.24725346682679805
12694,0.9720903370632055
12695,0.8907427606114549
12696,0.05953625063187205
12697,0.774823632853566
12698,0.9460308332924722
12699,4.06093140250848
12700,1.4226789884518614
12701,2.8020307419172488
12702,1.008987452317406
12703,0.7826818172613415
12704,0.40451797491991104
12705,1.0127617015668764
12706,0.0930940535882987
12707,5.23714864029183
12708,1.6080880324843267
12709,0.8737092056108465
12710,0.07040053074816012
12711,1.590049886809604
12712,0.3510542560575239
12713,0.1712634441533611
12714,1.2395669536278295
12715,0.18527220639806463
12716,0.38995995527565885
12717,1.2261151290392036
12718,0.8054124581826767
12719,0.17559889841609264
12720,1.9045359418838952
12721,2.5397366581789025
12722,1.210261499572101
12723,19.64549333997062
12724,1.1466125967872898
12725,0.6886860396066792
12726,0.694107223415299
12727,0.10557222957041908
12728,0.7626583568507361
12729,2.9252420892981466
12730,1.2481123714977045
12731,0.6170053125222618
12732,0.1902918247463382
12733,0.15749704341294812
12734,1.0448092572586538
12735,1.4428491072918923
12736,0.6031715805590512
12737,0.5899739125083463
12738,1.2248706048787026
12739,5.79085738355874
12740,0.9855739034004117
12741,1.1521783054429022
12742,3.1402898681398566
12743,0.13251538923228728
12744,0.47917235800819846
12745,0.8835022650349528
12746,0.15290204145849737
12747,1.3532298112185919
12748,0.7735630042656004
12749,1.1619781130170375
12750,0.6651945974878797
12751,0.6377737953885803
12752,0.5391248048340491
12753,0.6611565646690344
12754,2.1507536603831894
12755,1.0968990191020522
12756,1.1113561773304743
12757,0.2709729455224959
12758,1.0359268673482498
12759,1.2685954183344657
12760,0.4682571249866696
12761,0.06547527424007252
12762,1.2483511683054593
12763,5.02204051837545
12764,0.9820188977138727
12765,1.2424694798092764
12766,0.3445179787669833
12767,1.0537317485943498
12768,0.5239492470733051
12769,0.1758094047072312
12770,0.3645132379746875
12771,0.4752173497505918
12772,2.944894653438534
12773,3.0625195385540374
12774,0.5987841049503488
12775,0.6153971216458003
12776,3.139506070808908
12777,0.26683173989974734
12778,0.3175578039647921
12779,0.9279805433198031
12780,0.3881819887349962
12781,4.265440369255248
12782,2.7890358866415177
12783,1.6818999625688134
12784,0.3504794469531068
12785,0.8492374339165635
12786,1.2140357809549545
12787,0.15701868435019584
12788,0.46904076592755717
12789,0.5414595957589642
12790,3.778178790576641
12791,1.8879930326573173
12792,0.7259505629737257
12793,6.56275957766884
12794,0.42367911103092354
12795,0.5595400757377559
12796,0.10446542128271795
12797,0.775869300116321
12798,7.744003711230073
12799,2.6359499095485206
12800,0.892156591089677
12801,1.5127784402007562
12802,0.2957268582789496
12803,3.150666165503822
12804,0.6884459435573387
12805,0.2300738304339854
12806,0.2477882222452661
12807,0.3009966722249797
12808,0.5354208574488751
12809,1.9500934756384656
12810,1.9200961304480135
12811,1.2850607042122988
12812,0.0998174091370337
12813,1.6970474491711331
12814,0.3131360453389545
12815,7.458629825505679
12816,0.39661237512206005
12817,0.21015246570243898
12818,0.4299183380797003
12819,0.4933409830104297
12820,0.660100414685529
12821,1.7621179202264532
12822,0.05501662703446746
12823,1.9930789390833106
12824,0.668021661267198
12825,0.9084078499562155
12826,0.21976287860013677
12827,1.0451600889018924
12828,1.1279511021797435
12829,2.6926933236119117
12830,0.3019268305568889
12831,2.221777814026924
12832,1.2782392548889416
12833,0.738312814860699
12834,0.2423591422328818
12835,2.141796974355967
12836,1.359097515362676
12837,0.24140564825565952
12838,0.12499982833500925
12839,1.9595380412055714
12840,1.1099490295691938
12841,6.6455922296288765
12842,1.3063437032508245
12843,1.2738185778956768
12844,1.884738997483893
12845,0.8406522988438712
12846,1.4332464049594418
12847,1.6432441596030618
12848,1.8174376507560863
12849,0.1642405257835755
12850,0.32585294128395825
12851,0.7041594981199255
12852,1.2953966298324744
12853,0.9117602230542222
12854,0.2235033333810943
12855,1.1352370044472582
12856,0.4956768621505172
12857,1.6880744216594352
12858,0.2721187497618105
12859,0.10018525843965097
12860,2.109544716269479
12861,2.559558116980792
12862,0.330950371083224
12863,0.13761997050859992
12864,1.261664689686918
12865,0.28008783675431054
12866,0.9278336839106454
12867,7.555839061209822
12868,0.7553737059129397
12869,1.7224903642528504
12870,0.36368209197731055
12871,0.12575315732195033
12872,0.12466370353127022
12873,2.087837579801967
12874,2.625694137596555
12875,0.46481499463517945
12876,0.2856737246590374
12877,1.1187139882570156
12878,0.33420229661162604
12879,1.5639069262397696
12880,2.1631393390904288
12881,1.7580323906453919
12882,0.36026379078370807
12883,0.3115999717161634
12884,0.18447540312702537
12885,1.2382706216002861
12886,1.1936901467426893
12887,0.505365166266127
12888,0.40492839721113316
12889,0.32483047302387286
12890,24.551509897889236
12891,0.7934278531318915
12892,2.1477454661939595
12893,3.7237298398487306
12894,1.1493936340470143
12895,1.1751785140605342
12896,1.8964706406127896
12897,0.03436441942419013
12898,0.6543947497171436
12899,0.663987545103877
12900,1.6783592682112105
12901,2.439712485834068
12902,0.5732295038770809
12903,0.10847898485004703
12904,0.8612744261955736
12905,0.37089994407147286
12906,1.2326858889341679
12907,0.09449997882926854
12908,1.9527426898480185
12909,0.7272790198642646
12910,1.4271538122817629
12911,0.807885980325967
12912,0.09073276428244725
12913,0.37305226749089876
12914,0.6986724495406205
12915,0.5300126976745982
12916,0.3018332926793603
12917,0.37414254381280015
12918,0.5131410810127299
12919,0.2099716446926242
12920,0.847094256025717
12921,4.296410445121497
12922,0.1526360150824391
12923,1.7329007751796124
12924,0.46112937719227537
12925,1.1747277730043781
12926,0.6047877797575667
12927,0.4058529911322182
12928,0.30980214493903835
12929,0.7038555726392577
12930,1.8341525228968674
12931,1.7397760800121678
12932,0.08297519420374028
12933,1.3273361185941654
12934,0.8168271557032062
12935,0.5026981683141688
12936,0.6239499925990211
12937,2.0619363794418213
12938,1.843968745087762
12939,2.5401745539248397
12940,0.634649580201633
12941,0.13695525363595554
12942,0.25840410602662095
12943,2.175147892578668
12944,0.38080135757653016
12945,1.4234415997755527
12946,0.7982723023925246
12947,2.1659178006278923
12948,0.6014348975534738
12949,2.694062911777357
12950,1.472888800379586
12951,2.285205220345314
12952,0.3157077360871753
12953,0.20822387222710487
12954,2.426664285420652
12955,0.9108838565932363
12956,1.1407181439676621
12957,0.34283975189673627
12958,0.9120205787085065
12959,0.42273400769265623
12960,0.23890869562273592
12961,3.4187983694329573
12962,5.827626711620811
12963,0.7822889277580266
12964,0.034005999343469456
12965,0.39951688086837067
12966,1.4341282245009714
12967,1.1228243791832315
12968,0.7248483401644813
12969,0.4193912771029598
12970,2.916765076772142
12971,8.421250533681434
12972,0.4127801285305302
12973,0.4996142594200188
12974,0.16819445227057683
12975,0.5630739447172814
12976,1.2589086756367873
12977,0.3706723769577889
12978,0.8114375201014318
12979,1.4610026213881964
12980,0.6431710991794556
12981,0.17927023640044915
12982,0.6426345428733309
12983,15.58367450098498
12984,0.08222751860983105
12985,0.3908475146973427
12986,1.1520342917370034
12987,0.3824983446361101
12988,0.08645614569572653
12989,1.409904679615102
12990,0.11559858724459948
12991,2.121545445533953
12992,0.5832908974313912
12993,0.6998867329454638
12994,0.20159897301582747
12995,0.3192043107331694
12996,0.5491416327895341
12997,1.8985526973450402
12998,1.0914071503194906
12999,0.06809000448911268
13000,1.8280141959338578
13001,1.1666466114465632
13002,0.1271875939283583
13003,0.27864553752293114
13004,0.6248172095937478
13005,1.084022978909161
13006,0.04817692635697598
13007,0.8109445702628657
13008,1.3694646973084659
13009,6.1491617401898315
13010,0.285037549641308
13011,1.9881737725293045
13012,1.2124937354643184
13013,0.47178331615477537
13014,0.5219791814963263
13015,0.45604233309954434
13016,1.0355421872802466
13017,4.177275157475104
13018,0.30085270873341763
13019,0.534386783452708
13020,0.2738575719054649
13021,1.340442724943734
13022,4.978317290031599
13023,1.0784080109604313
13024,0.31761437005585014
13025,0.573999343563926
13026,3.030300031579897
13027,1.0054126703230764
13028,0.7908466490961649
13029,1.5471034325581952
13030,2.5609227948554674
13031,1.1735827146598183
13032,1.8987397561718784
13033,0.19761668834360424
13034,0.24081175941157953
13035,0.2595335194236824
13036,0.4164041013990582
13037,1.1217788480391544
13038,0.1686123937405102
13039,0.18559556661960286
13040,0.6760548070994818
13041,0.1133268739248565
13042,2.5475155046062987
13043,0.1143790578090353
13044,1.7044297738348695
13045,1.3749965195672502
13046,0.20051243950144756
13047,1.965047420064641
13048,2.77151166203626
13049,0.7622697245073148
13050,1.4287630026907736
13051,1.5704653782843714
13052,0.8295017121809917
13053,0.104779178846899
13054,0.18932367846919237
13055,1.4717498148568802
13056,1.1000208081811522
13057,0.4768388563922219
13058,0.37232735903233277
13059,0.8262331106528332
13060,0.03896129326141634
13061,5.247287071465419
13062,4.837704717754491
13063,4.084036625416177
13064,0.03848635984042578
13065,0.3766195639326192
13066,84.11346589803193
13067,0.9526091363253455
13068,1.1541005478330153
13069,0.6498731815760113
13070,3.6398355072256106
13071,11.116671117728972
13072,0.0571084296137259
13073,0.4829728167158351
13074,0.37806209854481054
13075,2.874439790646603
13076,0.9293912229878205
13077,0.7343534137289832
13078,0.3685968006755492
13079,1.1075933095349364
13080,0.3538953110057285
13081,0.44816077721504577
13082,0.8620731836664267
13083,9.207656489371606
13084,1.978871043794129
13085,1.072678071378019
13086,2.876923155537479
13087,0.2022133420794443
13088,4.584629055875658
13089,0.3107500496140717
13090,0.931299237386613
13091,0.5149664714987164
13092,0.7350934423749459
13093,0.5172599167008983
13094,1.1428172064267217
13095,1.8680638646882513
13096,0.1519322463938335
13097,0.3419957803489629
13098,0.08233943360347556
13099,2.2990121050241163
13100,2.155244813245689
13101,0.9716588567629593
13102,1.0982179334788207
13103,0.8378507380672874
13104,0.5329966355794736
13105,1.459302605880043
13106,0.22267221446864172
13107,1.2676115542388813
13108,1.2110477883933979
13109,0.2564598451768274
13110,0.049584001170591405
13111,0.34214268249942864
13112,0.4546513850139597
13113,1.0753853751739484
13114,1.660752828014831
13115,0.8431865716885343
13116,0.507025122553214
13117,1.0505325711632438
13118,0.2378141042337143
13119,0.5070407378009237
13120,0.38181549985191193
13121,1.5354356248191028
13122,2.7687662114540936
13123,0.12230911050817993
13124,0.7118435023342654
13125,0.31464911429848447
13126,2.0796404668903117
13127,0.570257659536195
13128,0.5006279213946804
13129,0.615313467254869
13130,3.7358803560284426
13131,0.5090605907895274
13132,0.7334875282426827
13133,0.5193438731053516
13134,3.181164240043801
13135,0.28192935900288907
13136,3.2821356013502787
13137,7.871073044109617
13138,1.7592158622054648
13139,3.620496122984089
13140,1.3415771831666965
13141,0.9014303110374391
13142,0.31405596732565266
13143,0.0850007504463273
13144,0.8607690866938619
13145,0.31602727148814136
13146,0.9928130937271651
13147,0.7214470726142183
13148,0.8302906591023884
13149,0.7746989641080518
13150,0.6659394181244945
13151,0.3915207930373993
13152,1.0947827002151123
13153,2.0623213778223044
13154,0.6262462839353877
13155,1.5220241406317425
13156,2.0166276165801733
13157,0.02426743703983732
13158,0.7874547204906004
13159,0.5025872963361655
13160,1.0774378850908506
13161,2.0156844755496843
13162,0.4771335978687435
13163,1.8542309704196362
13164,0.31137783984899486
13165,2.5615379477819737
13166,0.8013140752114605
13167,0.7292149573563981
13168,2.485719736221916
13169,0.909083388481518
13170,4.269509448546098
13171,1.0515893432414976
13172,0.44194685114342436
13173,0.49320319074043495
13174,1.14396299592049
13175,16.442923724879275
13176,2.541644249595799
13177,1.7401327863130123
13178,0.940505363536787
13179,2.4963834306339834
13180,1.5843593604875172
13181,1.5099049013941008
13182,1.7186714916224692
13183,2.8499742213685275
13184,0.890555131585151
13185,1.7453026381168764
13186,0.24419464127797239
13187,3.0890226414080013
13188,1.2034663739057097
13189,0.07226972902808544
13190,0.10343514107177032
13191,0.057784871566691966
13192,0.1981358464997558
13193,7.237463839953921
13194,0.6608933759476792
13195,0.4910040105159046
13196,0.6610437224866735
13197,0.4424804309611588
13198,2.8739316211325368
13199,0.28706618218514185
13200,1.6089502107798928
13201,3.9176980015015626
13202,1.2708083509255321
13203,0.35972143751272073
13204,0.8534384327357086
13205,1.274941659609327
13206,0.4953764409694615
13207,0.1363599834587231
13208,2.788204171393435
13209,0.19266599713071964
13210,0.6995348336178285
13211,2.812601391663075
13212,0.09178402320064738
13213,4.4384138841490905
13214,1.0851572129751577
13215,0.45396681767600744
13216,0.9187855562304008
13217,0.4279261832864959
13218,2.2475525172674207
13219,1.510967980397151
13220,0.2977388108442006
13221,0.2693821077552315
13222,0.5869640143047544
13223,0.8102084430953302
13224,4.198011000190846
13225,0.18396823551983504
13226,0.6468326367814015
13227,1.4614519140688558
13228,0.6507394345694903
13229,0.8819780571979592
13230,1.5137423456174244
13231,1.5090761115807239
13232,0.49288237168427784
13233,0.7544752479145723
13234,0.15121430529185864
13235,5.0888294276694275
13236,1.086531210303507
13237,3.388370915476764
13238,0.20553022775944518
13239,0.1802865499315646
13240,0.18293271825301838
13241,3.6482720121272227
13242,1.6661664198708912
13243,0.03546391390250289
13244,0.9938455826412018
13245,2.3163370828349295
13246,0.13910166937651058
13247,0.24849954172738792
13248,2.1027071508091355
13249,1.354272230293688
13250,0.10413642921353579
13251,0.6992091997948722
13252,1.25874970479506
13253,0.08159938513290414
13254,1.451167935051821
13255,1.458528091546652
13256,0.4816720707747895
13257,1.1599242915501031
13258,1.580994766092627
13259,2.592983844634459
13260,0.5968662920791624
13261,0.1540882192896063
13262,0.16722466724574045
13263,3.7270592282000075
13264,0.17576733707584344
13265,6.347959924837338
13266,0.44758695890015665
13267,2.7094800179186302
13268,0.9989906916787038
13269,0.08481974113523766
13270,5.903908284198064
13271,2.5597695213718157
13272,0.6265477393869423
13273,0.3385048744164862
13274,0.36659492871188154
13275,1.181330500621123
13276,2.3782993023972967
13277,4.136693131631959
13278,1.4725904482358547
13279,0.3601361311804521
13280,0.47345160072546455
13281,0.3347909975639222
13282,2.8534402961049135
13283,0.4752042040163954
13284,0.9201133143263004
13285,1.0382452857005846
13286,2.3759991532334235
13287,1.9328900592038418
13288,0.6199647903022178
13289,0.0674152434202842
13290,3.756029495001944
13291,0.09659918942379753
13292,12.042133100205538
13293,0.23041316830794648
13294,1.357698725710803
13295,0.2608674780808827
13296,0.4482329447303825
13297,0.23303827442490962
13298,1.0489928249040683
13299,2.0536413916538026
13300,6.055125678572448
13301,3.1554194439271055
13302,0.8383754702647868
13303,0.02441235486192939
13304,0.04869988635807293
13305,0.2992755120437229
13306,0.09913760491674889
13307,0.9133462758585055
13308,1.3004982604119046
13309,0.19629172864380562
13310,0.14295379673413558
13311,0.8102642543036525
13312,7.454808819335763
13313,0.4979361352050319
13314,0.3302438876713335
13315,1.147662374660877
13316,2.333368510876464
13317,0.42476359377289663
13318,0.5094642953449782
13319,0.46911543889649465
13320,2.2249804935654094
13321,0.4034666528766191
13322,0.9902146654547224
13323,0.9374329291568133
13324,0.5064963891144696
13325,2.840621888930782
13326,0.7351526871023927
13327,1.4873024770869576
13328,1.9368334433022663
13329,0.4819064773422522
13330,0.7339940134601807
13331,0.7865705895408609
13332,1.835796721054709
13333,0.8201557963566135
13334,10.767010043344253
13335,4.552674308162182
13336,6.64937129781623
13337,0.5273174354616953
13338,0.4237813631036752
13339,0.2530366573251534
13340,0.13097021980544946
13341,0.1564353861054563
13342,0.12238138594854983
13343,4.363934885198631
13344,0.27968160469080966
13345,1.9624892498275157
13346,2.214565628194774
13347,2.7324553090963777
13348,0.5183343339178129
13349,0.6856369990239641
13350,0.034528285163665844
13351,0.9622265423605288
13352,0.5590636164120242
13353,1.0132841193619253
13354,0.5193579781225642
13355,1.4480545526417306
13356,0.29375163422231193
13357,0.7376321037449551
13358,1.1402784388286287
13359,0.23685414461474583
13360,1.4445178642716618
13361,9.155810659619277
13362,3.1322355334714262
13363,0.29453555539576076
13364,0.07654831697046023
13365,1.4451564402464077
13366,1.1329638952461967
13367,0.06388459436295942
13368,0.42396543566767686
13369,8.09984315873161
13370,2.987548354544183
13371,1.0082878939244637
13372,0.4693265366527197
13373,2.6004657383585914
13374,0.8446992610793898
13375,2.196579060677439
13376,0.3551284614837081
13377,1.4910245880895783
13378,0.12640393351351162
13379,1.1824554083852918
13380,0.3841279396534938
13381,0.9746010734703979
13382,1.0142348182922567
13383,1.415529825519581
13384,2.4790359134515585
13385,0.3433183764549635
13386,1.31905400098056
13387,0.6970357952646656
13388,2.3585298897665785
13389,0.4194592113766012
13390,0.42968420993854173
13391,2.1512393491096784
13392,0.9667613148409768
13393,1.342637498059713
13394,0.33789759487846177
13395,2.700070362066157
13396,0.4355853692690216
13397,0.11795002428191684
13398,0.3625324180161156
13399,0.23714943291524668
13400,0.08380858682368575
13401,0.4970453007802631
13402,2.324827845865722
13403,0.15358305409587056
13404,1.0273401403040474
13405,0.20862122825648852
13406,1.9336028756677754
13407,0.11269597066665533
13408,0.771099290037611
13409,1.8462749270661123
13410,0.04228845550070423
13411,0.8475145214371578
13412,0.5844279417221657
13413,2.2880743385389044
13414,1.3614276359217656
13415,0.23045197749197857
13416,0.6827860677978423
13417,0.09096416282697775
13418,0.30163459173360524
13419,0.19508564912232376
13420,2.0195191705856397
13421,0.7273637519056879
13422,0.16583885487741776
13423,0.1836634367548989
13424,0.11509378104367243
13425,0.08421868953706191
13426,3.9423407787834646
13427,3.308338238044009
13428,0.8231349973942664
13429,0.97930188785799
13430,1.0619542706068374
13431,0.11242028865509954
13432,4.0202855886616975
13433,0.34916714950026545
13434,0.2085874446814761
13435,0.6668152529270319
13436,0.10604260229484526
13437,1.9318749077603317
13438,3.7404050197713676
13439,0.9254926589273441
13440,0.2443179431310792
13441,1.5563066277375923
13442,0.4008233360121198
13443,0.34615822936123664
13444,0.9853488314187984
13445,0.6516953218703673
13446,2.552102640355122
13447,0.5306143612946292
13448,0.417508185698968
13449,1.0916299354326764
13450,4.53206863876018
13451,0.41422985594290473
13452,0.8817457362141209
13453,0.23698803207994576
13454,0.32546026894036395
13455,0.247657875641385
13456,1.3923232955065212
13457,0.12795109750311884
13458,0.7878197643280375
13459,0.21017207951501654
13460,0.5937348500081574
13461,1.7080896079181007
13462,0.391864185049916
13463,0.39017744429009543
13464,3.421574166731111
13465,1.4644955055501379
13466,0.11421361213279903
13467,0.5239119643982306
13468,0.36081233796295875
13469,0.1447163156324164
13470,5.334688570984381
13471,0.5035729221065671
13472,0.7540636257006272
13473,0.08872011435937993
13474,0.40530374751257875
13475,0.45126891315219003
13476,0.2966905566193975
13477,1.1645753369494096
13478,0.3618699793854384
13479,0.5739668476751539
13480,0.16524938533844372
13481,2.3990213259615776
13482,0.317515547929855
13483,0.8938344859081049
13484,0.20916461642661296
13485,0.45761437457984194
13486,0.6094668451449247
13487,0.6146843513981722
13488,1.5720290216781567
13489,1.2845359786479422
13490,31.15612669052083
13491,0.39058468684035846
13492,3.9248993517361215
13493,6.814932406211248
13494,0.22552084507469397
13495,0.2897026204585412
13496,5.003215970243551
13497,0.8272458229068163
13498,2.022004374490086
13499,0.9097368940408357
13500,0.7611888945185479
13501,1.2010555127522946
13502,1.157038546787412
13503,0.43979205892818446
13504,0.6578541468530641
13505,1.1689070677680886
13506,2.5155453920871764
13507,0.6920738035889117
13508,0.18028953600059672
13509,0.48351230232677894
13510,1.7184349515568484
13511,3.1275643031430542
13512,2.3949628837430774
13513,0.34962813562214223
13514,1.881887670894391
13515,0.4223035309401635
13516,1.6175704223921894
13517,0.3329617334212134
13518,2.558328601273448
13519,0.10426975381666935
13520,0.2640628762250019
13521,0.32072817829468436
13522,0.13498514076855037
13523,4.622417316465611
13524,2.474571934878384
13525,0.40749867886558544
13526,0.5271362569562686
13527,0.9364499541579727
13528,0.3871171469931348
13529,0.41700867458621504
13530,1.145032663651644
13531,0.39823517556038857
13532,1.6714475573934326
13533,0.9356294645691487
13534,0.269803229414449
13535,0.5124582556642957
13536,1.2415414332221264
13537,0.40341562644350126
13538,0.23647283446138734
13539,2.9833683825472392
13540,0.12903139751324139
13541,1.8715855293205996
13542,0.04505880569049408
13543,0.8218846811156414
13544,0.7086591189088061
13545,0.08294460489806883
13546,1.0207958208037782
13547,2.4479968708215076
13548,1.1956851361665746
13549,14.482990098913028
13550,0.23673667590587055
13551,0.9187415460406981
13552,0.43840324217041615
13553,0.891479702101844
13554,1.098185989362983
13555,0.12262565800853802
13556,2.5365502990687405
13557,5.025178219144281
13558,3.9303356843022557
13559,0.5171569879988354
13560,0.28937325876766307
13561,0.08890225691278825
13562,1.3704097212099136
13563,15.505238143594784
13564,1.149595212364472
13565,0.06718122996421182
13566,0.17808642998991647
13567,0.4235390567901989
13568,1.1421278268512434
13569,0.17829920154068568
13570,0.4633283407930054
13571,1.0526590139795744
13572,1.8832884345544203
13573,1.1201465998880562
13574,0.3410124187184395
13575,0.7997329727267457
13576,1.7031031243950179
13577,0.5699583697196426
13578,0.4135021782958417
13579,1.4985192618056407
13580,0.5158398386079407
13581,0.1909709498398145
13582,0.2512371595810343
13583,1.7933105931435436
13584,0.22268100423126996
13585,8.68448516447814
13586,0.08806358369519726
13587,2.3970636127065905
13588,1.242665404587072
13589,1.7775916229540507
13590,0.8676966325871314
13591,0.23969027363685977
13592,19.560708578672237
13593,1.5052363656355419
13594,0.26794282620047244
13595,0.3009619945338269
13596,0.8276416384932811
13597,0.15160936743496228
13598,1.110898376806094
13599,5.654823879916999
13600,4.041423694289063
13601,0.10006591593401915
13602,1.9143176598397962
13603,0.907577539998569
13604,0.18712011229506587
13605,2.072998896089346
13606,1.9323889221096269
13607,0.17913846077496573
13608,0.42405740804594777
13609,0.33279284626096584
13610,1.7974196893262107
13611,1.9420225400283257
13612,1.5780410078196605
13613,1.1534770649456063
13614,1.2120643729720912
13615,0.12676841224706958
13616,0.9066335427935258
13617,2.971798399923929
13618,0.2794762078770755
13619,1.1775576090786766
13620,0.8784087265431891
13621,0.5132639877709739
13622,3.0207756894731235
13623,0.8689196997645102
13624,0.09739263361852345
13625,0.37489721074182353
13626,0.17331042120957563
13627,0.512242038948195
13628,0.8884663169004294
13629,0.2590185418866621
13630,2.8093886645251156
13631,2.876185858934301
13632,0.080345479519578
13633,2.2031898638064016
13634,0.11918129687609545
13635,1.1386413435120017
13636,5.053200682591203
13637,0.0657772166229354
13638,0.7148377182242939
13639,1.1338316004345463
13640,1.4866410617152612
13641,0.9488800619648154
13642,0.20211412584607275
13643,1.0955899598739676
13644,1.0099283193671884
13645,0.4789439680664071
13646,1.7059807242729985
13647,4.384342742725426
13648,0.40480607760088466
13649,0.23219994917251424
13650,0.5688331490478249
13651,2.16619068429325
13652,0.2596482521404325
13653,0.0786054332855393
13654,0.3250267645879046
13655,0.4906692461993357
13656,0.3155103736034093
13657,2.625364092523506
13658,0.2674281692813799
13659,1.4152256904965994
13660,0.43829252093911697
13661,0.6639866519795675
13662,0.6552497897757386
13663,0.731386401541951
13664,1.0079668996904525
13665,0.17090836680933208
13666,5.614448578489965
13667,2.6742516162268903
13668,0.9675880420901124
13669,0.9513379412446071
13670,9.275749772235958
13671,0.17066258428866973
13672,2.513724869371261
13673,0.7357827617016388
13674,1.013831072485893
13675,1.445612569660142
13676,2.1355433030896993
13677,3.9307498634485
13678,0.4932100160899284
13679,0.19906637010096048
13680,1.5550807472898809
13681,0.8114965155928119
13682,0.5929817500125666
13683,0.40823303271002725
13684,7.608521592606226
13685,0.90197071019245
13686,0.08408974869791591
13687,0.109490593200233
13688,2.561202225155124
13689,0.09060875571381805
13690,0.4866939411442069
13691,0.7114291847583727
13692,0.20574497853711757
13693,0.7919514692751533
13694,3.110102828659126
13695,0.34695853845145014
13696,3.015278204480512
13697,1.8570054243688063
13698,0.08710796026441726
13699,0.8509229078594205
13700,0.06889961932871495
13701,0.9318837321652242
13702,0.4690139653246195
13703,0.31523152347019145
13704,1.9354968047325853
13705,0.5943917761711053
13706,0.24801545991752688
13707,2.929031928995445
13708,0.2231197924512264
13709,0.9982708534727001
13710,0.3483625094669685
13711,0.07701685985344986
13712,0.3008925256415818
13713,3.3542152550410185
13714,0.8369111285608669
13715,0.9555751149505344
13716,1.8237861732370235
13717,0.6964388143204373
13718,0.7706444410841001
13719,0.7806396108636491
13720,0.10334186711769835
13721,2.0203911034348585
13722,0.5387614565202067
13723,1.0413873441936379
13724,0.1833472965576291
13725,1.052484844555894
13726,2.5309864196720677
13727,0.6683530387871558
13728,1.0453344516644754
13729,0.11713469410097035
13730,1.8360176865396127
13731,0.5051896303250161
13732,0.260786506217603
13733,1.0051986012512342
13734,1.610920131695917
13735,1.3103052857619826
13736,8.389630425878567
13737,1.2796230297750188
13738,0.5121071446404634
13739,2.387826570018145
13740,0.10597995408435618
13741,1.5838595851483714
13742,0.7354571967256288
13743,0.6757169987776337
13744,1.136053761664767
13745,0.2447054363499723
13746,0.4276428935366142
13747,0.7791945989784596
13748,2.157293971550791
13749,0.08812226415473864
13750,7.802973096734811
13751,0.28799032652125
13752,0.24618446263109708
13753,0.3909205627766887
13754,0.18242736635865517
13755,1.0033995764923815
13756,1.532473589508751
13757,1.6613034754643867
13758,0.8884616480988405
13759,0.6053951563273503
13760,0.28896535312671784
13761,0.28379851102056664
13762,1.7178140985284809
13763,1.1911852544202042
13764,0.08812996898795467
13765,6.259177114683938
13766,1.1347694054765645
13767,0.8351128217470294
13768,0.7610269348403893
13769,0.13511358573481402
13770,0.7578448409711878
13771,2.7718646493560692
13772,0.2937705104014149
13773,6.940021958848707
13774,0.32056119658652377
13775,3.5208818586069093
13776,2.2361373376695117
13777,2.6989447267861864
13778,2.2874747168715652
13779,0.9931505447183837
13780,1.0877480804427202
13781,0.3396599107638225
13782,0.25231570121402175
13783,0.5819891068759036
13784,0.24395946433002286
13785,0.6315703738525977
13786,0.20494233066542258
13787,0.8472745302337441
13788,0.23983843746642738
13789,0.3313987108662824
13790,1.5311539858032346
13791,0.9699319652562813
13792,0.5299043135906986
13793,0.16540893273483057
13794,0.5213347367064671
13795,3.442003709904812
13796,0.6663281021179166
13797,0.5209172819345587
13798,1.3046905143078285
13799,0.47459651629137933
13800,1.6581022451218481
13801,0.34309965229387884
13802,0.2832036641479282
13803,0.9592340321671846
13804,0.8344595200849708
13805,1.5790637220150063
13806,1.8412159355460023
13807,1.653124944794715
13808,2.4975580088344596
13809,1.5348989175201562
13810,0.6740712902724008
13811,0.44156327492894354
13812,0.2938310277458911
13813,0.41471401777229483
13814,4.164861089864942
13815,1.135715299514195
13816,0.859413518660872
13817,2.584589818760592
13818,0.6215110306251218
13819,1.0122460251938414
13820,0.4722167936168591
13821,0.4368716584389795
13822,3.0251366474828707
13823,1.2291506157042051
13824,1.4716506339368416
13825,3.693458175757578
13826,0.09620016106623165
13827,0.07793000603555966
13828,1.0522133192779726
13829,0.4274747931485222
13830,0.8763328839146077
13831,2.684847082168534
13832,9.585967316054564
13833,1.0800883896938058
13834,2.1302571110293878
13835,0.34117964528520606
13836,2.4888538192945546
13837,0.8596186350310131
13838,0.14671457904924523
13839,0.7668550349674509
13840,1.3317687981724275
13841,0.7933914157405051
13842,1.2310054927212588
13843,0.43122468669355907
13844,3.084329032233357
13845,2.418206062001972
13846,4.763454136300817
13847,0.6111664212642471
13848,0.9668134864124935
13849,1.3394957159842609
13850,0.23692939183708298
13851,2.5402270039487758
13852,0.9602841996707008
13853,1.1763748703834662
13854,0.2706523903109288
13855,0.15470075496316557
13856,1.5504355587503302
13857,0.5362050799102618
13858,7.300012046648999
13859,0.5615902748890114
13860,3.12740186688143
13861,0.09699307862308201
13862,1.179820584203766
13863,0.6051138291276935
13864,1.0571826144471952
13865,1.4407484341200056
13866,0.8447982746271828
13867,0.5432635150346847
13868,0.5249308543403973
13869,0.1333345651011086
13870,0.06891006981839129
13871,0.9983418618261825
13872,1.092964911553718
13873,0.9616134900042936
13874,0.9273950637806203
13875,0.26395530848619847
13876,0.33307811456601244
13877,1.7362921038880668
13878,1.0662337031404037
13879,1.2116150780644421
13880,0.6518461653592307
13881,0.11579866924208707
13882,0.1527661638879625
13883,0.5562608785342442
13884,1.2758275721400079
13885,3.3400941366960257
13886,0.6629559760770127
13887,1.6314650635545946
13888,0.17957402878195008
13889,1.3412156990664785
13890,0.44787796967855315
13891,1.668793993479865
13892,0.30348172719409705
13893,0.07753638036391153
13894,0.5063790668543374
13895,0.17417993718524216
13896,1.0655182702534005
13897,0.1134333836942914
13898,0.4494928848015043
13899,1.967745873405117
13900,0.796706343463236
13901,0.5281971085765902
13902,0.5683380683751418
13903,0.44669045340939917
13904,1.5747851774904178
13905,0.7378874930416905
13906,0.49942071047009057
13907,0.9538386088327122
13908,0.19703997888361086
13909,0.5293090585946677
13910,0.7024891876738905
13911,0.8071828181310459
13912,1.183861129232504
13913,0.22811225016535056
13914,1.0854262333571336
13915,5.6343089885562545
13916,3.1337204150104983
13917,0.7878747174632282
13918,0.874696617602068
13919,5.163809565806893
13920,0.35855281082917145
13921,1.2805030373462594
13922,0.22992660042976523
13923,0.13816643738658965
13924,0.48623175598592255
13925,0.7743326851785179
13926,5.51654504401165
13927,2.6495629551475246
13928,2.4600202951530097
13929,0.449256069771698
13930,0.044068756035266735
13931,0.7834038789022265
13932,0.3473208895315711
13933,0.9276834568131834
13934,3.476799259812588
13935,0.5616748386843832
13936,0.6596475632167359
13937,1.168935878316601
13938,7.807524354739033
13939,1.8041427329632227
13940,0.32054684545074974
13941,3.0237182258805126
13942,0.21136544241048424
13943,0.2362304585764302
13944,0.9051892072885088
13945,0.5174646847074862
13946,0.7549616720753848
13947,0.3333069271784532
13948,0.10700327021383771
13949,1.3398143589494662
13950,0.9877635366264419
13951,3.7540333943351274
13952,2.4807349534816954
13953,6.89302774383503
13954,0.7825733478548794
13955,0.8526437319405011
13956,6.633168505263009
13957,0.18799955655382966
13958,1.8699832408445956
13959,1.1827131208348796
13960,0.570490774387148
13961,2.0932650719592107
13962,1.3450545799384803
13963,0.4472250366814334
13964,1.3299208090999182
13965,3.9198409486746946
13966,1.938592235528677
13967,0.5891707591579614
13968,3.22120381783865
13969,5.013209524250757
13970,4.651965358710342
13971,2.8107324235721793
13972,3.827218286521778
13973,1.1635640695503864
13974,0.2956745486520297
13975,4.29368126192693
13976,0.6080391514406364
13977,0.42760508469442543
13978,0.18307512937783732
13979,0.23374432326840944
13980,2.5979650131757306
13981,0.36190203535998683
13982,0.871389591420217
13983,3.1041753126582665
13984,1.4504135166670091
13985,0.6471054719162936
13986,0.4092948527734744
13987,1.4630775558916158
13988,0.7499064319949487
13989,1.3915867985190016
13990,2.8195329412683408
13991,0.12038413417913549
13992,0.6873713621827147
13993,1.1587576670570945
13994,0.06631434847545513
13995,1.4992285481752643
13996,2.445254276021849
13997,4.663131805936886
13998,0.2144636242004564
13999,1.0867040647668404
14000,0.44741884278900124
14001,1.9144631768444016
14002,1.6181725487202148
14003,0.16155948187153027
14004,1.832366623333368
14005,0.09073173675920611
14006,3.3975641172551043
14007,0.9313470400627493
14008,0.3321450424070088
14009,0.6899897690302392
14010,2.0972062161723564
14011,0.5601986748370689
14012,0.5965702699652217
14013,1.0977753533242398
14014,0.978103564376203
14015,0.09260608807035062
14016,0.6408413248785789
14017,0.8190737997793804
14018,0.18377517907046462
14019,1.4880908751912318
14020,0.4258225887085937
14021,0.11354841806708144
14022,0.8248430514925412
14023,0.8752592520104487
14024,0.8149887002388938
14025,1.3255275921346696
14026,0.8453784800648085
14027,1.5905941968602744
14028,0.30553468921205934
14029,0.0967301879676894
14030,0.2211394286216925
14031,2.1802883890422597
14032,0.14794272309583842
14033,0.12047963582446959
14034,0.7240777664434823
14035,1.908960591800478
14036,0.19504594920365878
14037,2.729625786867273
14038,0.5173907895506717
14039,1.7901297029339698
14040,1.1558775835769393
14041,0.6623200560600968
14042,0.16486384275671045
14043,0.5807550524913004
14044,2.6790368618559026
14045,1.3714530224656996
14046,0.48706183701158645
14047,0.23377883451801318
14048,0.32318543670362265
14049,1.7800457092471054
14050,0.40348583701895196
14051,0.35018781151643197
14052,0.5431684448257355
14053,1.7635786457191565
14054,6.712896048848411
14055,6.1582351259374075
14056,0.7483464430791841
14057,0.23987891545508175
14058,0.4944857065708126
14059,1.056344794836114
14060,0.71664647783895
14061,0.39425651185712346
14062,5.034941130171991
14063,0.9570885879912376
14064,3.26195975884708
14065,5.063471189714148
14066,1.6024840246503818
14067,0.515794930923507
14068,1.8753339232475836
14069,0.5958201112635271
14070,0.9177400843194038
14071,0.34796401385323994
14072,0.7653893177261283
14073,3.5028587797932302
14074,1.4139482944102582
14075,3.1045525470285003
14076,1.193929861173456
14077,0.31320838221116143
14078,0.9301456484729368
14079,0.929113596557659
14080,0.6464699570237794
14081,0.14905648703123228
14082,0.1845716755173612
14083,0.5571947811333244
14084,0.6395864751393538
14085,0.2225509063431081
14086,1.4968332197256842
14087,5.430842072840509
14088,0.9391527399384855
14089,0.18476834570868922
14090,1.1429950789246706
14091,1.5049454332322654
14092,0.5176318096229404
14093,4.804645288044053
14094,0.29146388336779916
14095,0.3220865513240932
14096,3.555208237038276
14097,1.063426680134685
14098,1.7524792782133878
14099,1.4204796533880588
14100,0.8256496678501746
14101,0.804393746523374
14102,1.9288304681586088
14103,1.4746147391765243
14104,1.7204985542601834
14105,0.24523313923362305
14106,0.4586999948855016
14107,1.1177850016529707
14108,0.3655455984592253
14109,5.358612125573527
14110,1.1282512727880778
14111,1.0233323705862138
14112,1.1755227955547392
14113,0.9577596419508456
14114,1.5346798397939967
14115,0.6190023500765607
14116,0.08287367513138881
14117,0.39925666102946333
14118,0.32040439338239307
14119,0.3470511238445942
14120,0.3033768169315999
14121,1.1654738719301436
14122,0.9896489027149206
14123,0.9251914689630883
14124,1.284192252679194
14125,2.555484443977169
14126,1.0559011172778447
14127,0.4369546682646431
14128,0.9123204996960381
14129,0.18458436195270844
14130,1.391781506394627
14131,1.503642171880797
14132,0.683375342034482
14133,0.469254058515586
14134,2.8033739932667823
14135,1.2613177146839574
14136,1.6470676035940797
14137,1.163543427706622
14138,1.206996797958988
14139,2.6361235509921808
14140,0.10118183840978827
14141,1.147481345447904
14142,0.09102700201367414
14143,0.3975762388353654
14144,0.09219087777566926
14145,0.4436348150944732
14146,1.4219671300299268
14147,5.263513589132918
14148,8.338638644142595
14149,1.494412532475343
14150,0.22342847355211162
14151,3.843765157366104
14152,0.16569348316794988
14153,0.3485491192887296
14154,0.27546441145597617
14155,0.5221635693758888
14156,0.5575261963275536
14157,0.07561117333625185
14158,1.785735729560956
14159,1.3649224867237633
14160,2.957371654940079
14161,0.07510552903894968
14162,0.35161586390739447
14163,1.1469402174252747
14164,0.07239007630161519
14165,1.0286486601653566
14166,0.29722777022864194
14167,4.465526151019319
14168,0.6382615198016637
14169,2.162202371399878
14170,0.5369811603702681
14171,1.1509141471808506
14172,0.8075160274678207
14173,0.4089733117688304
14174,0.33297220805715283
14175,2.7709631899567877
14176,0.1470068526130741
14177,0.8983533477826431
14178,2.0726977489782215
14179,0.6018938702079727
14180,1.1100895720168318
14181,1.357648286685434
14182,1.7131423085660429
14183,2.6197374425355084
14184,0.02657001478801206
14185,0.8212918376297924
14186,0.23525373604235594
14187,1.062535998321075
14188,0.7661271197873808
14189,0.3334467779301248
14190,0.33248460668291546
14191,1.9336571916620344
14192,1.8866865120498437
14193,0.939663002623087
14194,0.32351155980110974
14195,0.15904988325724081
14196,0.6333953957100306
14197,0.2627305046928428
14198,3.9994932178241314
14199,0.5052721362052345
14200,0.10090346065198205
14201,1.5014373038838142
14202,9.130403186313227
14203,3.3779151434036567
14204,2.295522446970471
14205,0.46016681832131445
14206,0.982930474680975
14207,0.5915725008475952
14208,1.2714293132822387
14209,1.5065917438241785
14210,0.8334681097529607
14211,1.312457173550028
14212,0.3814514478521987
14213,1.9416094062958682
14214,3.6399382250041206
14215,0.49377430478843803
14216,0.39039191980754434
14217,0.9860015004284327
14218,0.37985207457313835
14219,0.2096213517603955
14220,0.3128250960546672
14221,1.396130354053188
14222,1.4877151874609118
14223,0.5542114882907744
14224,0.6252412072124622
14225,0.9943810265020288
14226,1.9560859287248533
14227,0.7439481862678107
14228,0.7693178638119295
14229,0.9281225702885291
14230,0.20969837656081203
14231,1.317350921127969
14232,0.3313050861333778
14233,0.5683869811927685
14234,0.33471872795205093
14235,0.11902249237198813
14236,0.6235729278865781
14237,0.3063937622375286
14238,1.6536556060805658
14239,0.1687391614038005
14240,0.5010889850016422
14241,0.6922046386598962
14242,0.9903724162575409
14243,0.5271663844415626
14244,0.8779736655295833
14245,1.915759505125725
14246,1.7388832082165213
14247,0.7491826334127045
14248,0.7896694743789097
14249,0.5582790376981501
14250,1.092696560282905
14251,1.3042676561317206
14252,0.25090594076214245
14253,0.3550308845393889
14254,0.8458676332486297
14255,0.3880555410043747
14256,2.8828854840792153
14257,0.6998326294546532
14258,0.09490311660632757
14259,0.044296969997314944
14260,3.1420853288386748
14261,3.2717913890566828
14262,0.9443277881986876
14263,1.0585119772199916
14264,0.9589736521648999
14265,2.534192020226473
14266,0.20581896476026973
14267,8.086955662500358
14268,4.1534637883807415
14269,0.18542023640332442
14270,0.6182527224509378
14271,1.1023168778147048
14272,1.2605724939242238
14273,0.38186333981337384
14274,0.29590216014934395
14275,3.744626263439484
14276,0.3718235930029047
14277,0.03064578931498332
14278,4.421561176179692
14279,0.8154357439891337
14280,2.0364741594819398
14281,0.8095809979671458
14282,1.2651455111400276
14283,3.6843840264557897
14284,0.4107579369002018
14285,0.17058335291122523
14286,10.184622718543984
14287,1.3018906767405978
14288,0.1408867214097135
14289,0.41391274460896155
14290,1.5959418981231666
14291,1.9284993937494563
14292,4.306488555505672
14293,5.013504287052823
14294,0.24336414070686158
14295,0.12340100981004545
14296,0.13970254634812498
14297,0.8421393499563581
14298,1.3315434376002195
14299,0.16797868886061187
14300,0.21742474873779827
14301,0.39165564161534844
14302,2.6195022051716865
14303,2.9911570773920193
14304,14.4778968337257
14305,1.332896099832276
14306,2.0491814730996873
14307,0.2325790714588305
14308,0.8488252885178522
14309,0.8948363979186318
14310,5.258828282165487
14311,1.4486151368962419
14312,0.13571369485225904
14313,0.484234316438858
14314,0.4941231493601042
14315,7.3521590475172856
14316,0.9231721267557652
14317,0.05571429827287304
14318,0.21620238827873434
14319,0.32303977776130494
14320,2.0809870338082623
14321,0.32967442614324244
14322,0.08461201716235947
14323,0.4100738767700792
14324,0.801584469947095
14325,1.744706236654752
14326,0.9070879693177282
14327,1.7973460893710997
14328,0.5996200347587928
14329,0.17278229448551358
14330,0.5358667081304482
14331,1.0414347577043277
14332,0.7838405945931235
14333,0.7874328830901907
14334,0.27316046826670104
14335,1.3831716918663348
14336,0.3728430436444007
14337,0.893676836295009
14338,1.7432224236715068
14339,0.6488775783421316
14340,3.535795815751681
14341,2.0477337004538443
14342,1.3564417706207332
14343,6.619383085155366
14344,0.5300240264711475
14345,0.46594197397647086
14346,0.9439376619189725
14347,1.6753193926118053
14348,0.1884571885075802
14349,0.15529316898425058
14350,14.8688734442244
14351,0.6550362586833616
14352,0.5028474270260797
14353,1.01302976495102
14354,0.041810870845049766
14355,4.782467253086708
14356,2.3808725876797827
14357,0.7365083687249521
14358,4.28032596457058
14359,9.54689776691858
14360,1.0264405362559963
14361,0.3454827100354937
14362,1.1196007228792433
14363,7.662498380549744
14364,0.2947584481182653
14365,1.5031474981890551
14366,0.9791829247219921
14367,0.13298441719097173
14368,0.09393492791361588
14369,0.09390665428170915
14370,5.450755163817611
14371,1.6076064392313851
14372,6.608006210568367
14373,0.12587166444147443
14374,1.4767400746122146
14375,0.8261890015883794
14376,1.3234761213867996
14377,1.82789954758952
14378,0.05515605907138369
14379,0.6677238236689238
14380,0.21830910379493
14381,1.8368036995422325
14382,1.196320891005217
14383,2.6440358864590574
14384,1.1611419431597283
14385,0.614892191766627
14386,0.5448345633461629
14387,0.6216960940483783
14388,6.197279946212591
14389,6.6066760592068325
14390,0.8888953773174211
14391,0.35310482870545484
14392,1.4762391915460351
14393,1.033236138405659
14394,1.0531109365667028
14395,0.851052822495911
14396,1.0346209404572089
14397,0.40146288706422517
14398,2.337700599538759
14399,0.11706175384155992
14400,0.39542665730411536
14401,0.8095414179450218
14402,4.956312152922616
14403,1.8681628571677162
14404,0.13386624928814658
14405,0.8234089065832593
14406,0.660230780906359
14407,0.11638320372094031
14408,0.8454198406605651
14409,1.627743347144301
14410,3.2355133939065155
14411,1.6925756689522928
14412,0.5074854297704718
14413,4.1180377253976115
14414,0.16012064936046108
14415,0.14443617978160175
14416,0.22103580392018923
14417,0.05206404988268706
14418,1.2089695071642739
14419,2.43943793164481
14420,1.073162854155325
14421,0.3093126774433122
14422,0.24713566497154457
14423,1.8198021448276647
14424,0.5315648084879794
14425,3.561084526525889
14426,1.43244472309162
14427,0.35411713183305016
14428,0.07103188728313464
14429,0.9288209017698339
14430,1.0819115588981805
14431,0.5957585001891861
14432,0.8517178725947325
14433,0.16321575802700258
14434,0.13052896414524082
14435,1.4032092462990366
14436,1.4771101196212502
14437,1.4080411437707843
14438,0.17882622091221426
14439,0.039243514100852854
14440,0.40766035340652623
14441,1.7393616054067231
14442,0.06272523219877613
14443,0.24606571203649574
14444,1.1350392832246041
14445,6.56537022422923
14446,0.599046460840037
14447,0.13684658290749768
14448,0.11839979845644975
14449,2.525748957731848
14450,1.2845613426300482
14451,3.831040220672163
14452,0.26131897786156083
14453,0.498889649282352
14454,0.20448055881477215
14455,0.4423924180653788
14456,0.08350161868562678
14457,0.8543910808536235
14458,0.955571353834399
14459,0.3163882285424701
14460,0.7830340514098098
14461,1.3865294365264407
14462,0.3475693232986162
14463,0.019654403724077046
14464,0.993170976140675
14465,0.39128775207982835
14466,0.2481893399196164
14467,2.045584046038808
14468,1.0539328523432456
14469,0.3215913802660919
14470,0.2969437447437832
14471,0.09684535355167967
14472,0.9442198004604943
14473,0.48075413058500105
14474,0.8773884720656602
14475,0.9630161310965507
14476,0.6155385512434778
14477,0.6427638389628358
14478,3.767902829218014
14479,1.2761471685074977
14480,0.2046372304079282
14481,0.9160850784581466
14482,0.28503612393251143
14483,0.1652082270214972
14484,1.966211688113071
14485,1.43351226558234
14486,0.8491747555164068
14487,0.22902882213860157
14488,3.5059279719273886
14489,0.12825849029480713
14490,0.6489124268680649
14491,2.0044788594275897
14492,0.9197969618291165
14493,0.08155095302124227
14494,1.0019675066376537
14495,0.4297397205057865
14496,5.224732445287518
14497,0.5448748529138389
14498,0.455819503462643
14499,1.094959150830885
14500,1.8569711811871918
14501,1.1934355377279318
14502,0.27066187217436805
14503,1.515596909551566
14504,0.2857527832314405
14505,0.05165339286483645
14506,0.05458996534007043
14507,2.215314861620702
14508,2.6933370629077524
14509,1.0132068858444678
14510,1.2692908309111242
14511,0.72742782519763
14512,2.1897630653506144
14513,1.0580250332269645
14514,0.47280129378829633
14515,0.5279379185463409
14516,1.4777860142746124
14517,2.2061304521734595
14518,0.7822786182266167
14519,0.7625133218922615
14520,2.4401891462482412
14521,0.29841352456309084
14522,1.021036748964323
14523,0.7909477083176147
14524,1.4368922545536382
14525,0.14209988340781368
14526,0.30317680506242506
14527,0.8559563904226458
14528,0.34452419970887965
14529,0.06898268389038492
14530,2.1561373642243873
14531,0.9754208984733691
14532,0.1304906389244972
14533,0.069408145819547
14534,0.10496518071029218
14535,9.635547525153475
14536,0.677260560245175
14537,0.8748465346127804
14538,1.5379777087123223
14539,1.5432086916604093
14540,2.579384813916591
14541,0.42086868061043015
14542,0.2020221923181568
14543,0.9620501047714378
14544,0.8412303327792822
14545,0.7338711572069017
14546,0.6345807848586357
14547,0.14713544717444618
14548,0.9737190839593476
14549,1.0000545650746313
14550,0.23925730497988756
14551,0.2682635851024111
14552,0.6615504441571397
14553,1.1267654798871207
14554,0.7072630025426357
14555,0.12141899472193306
14556,0.8888774873599283
14557,0.14726278340031204
14558,0.33259713886109094
14559,0.7312876768480706
14560,1.6704430570613913
14561,6.711008925904587
14562,0.2693438010792454
14563,1.6035078490110513
14564,2.1619680940402577
14565,3.52056655762265
14566,0.05851604275408179
14567,1.8471466853877034
14568,2.555486797347934
14569,1.8467574171823362
14570,2.995485670636292
14571,0.5679647300170607
14572,0.35374836308379803
14573,3.4398102723213126
14574,0.3521510555461266
14575,2.9239717892129176
14576,1.2504697369927864
14577,2.094588724862705
14578,1.7096420887415513
14579,1.4097389787384753
14580,2.9543244709120975
14581,0.21659726897539477
14582,0.20695384282369256
14583,5.096833581999735
14584,0.5072448951476093
14585,0.1346201269103175
14586,0.7730693362178627
14587,0.6262152210461791
14588,0.3351018924591784
14589,0.08795946908616395
14590,0.39604298058800963
14591,3.1945344213043585
14592,0.5574884644163445
14593,0.17835864446834193
14594,1.6910816340519292
14595,7.638831381431118
14596,2.3220985206145492
14597,1.7028288498676223
14598,0.12224699363224316
14599,0.4647366123029675
14600,3.4783991655070996
14601,1.3522670877142653
14602,0.06201044258926163
14603,7.05600732708456
14604,0.26207016034156305
14605,0.4035083689046637
14606,0.12443818283278622
14607,1.0114677054138783
14608,0.9136264574907016
14609,0.21476129094814397
14610,1.6459909483923791
14611,0.8109226305259785
14612,1.8166382337047056
14613,1.9455164854264637
14614,1.5289163298601698
14615,0.3306132106001345
14616,1.2403509453553188
14617,3.1914872202548703
14618,5.9695055387414495
14619,2.2239922583158656
14620,1.3633431757668109
14621,2.080247691860776
14622,0.3758323292468622
14623,0.4398738078116239
14624,7.415444252647123
14625,1.1420955279342972
14626,0.2197818369240331
14627,0.9752573286431012
14628,0.7315120181940066
14629,0.4197571638108859
14630,0.2596830403657948
14631,1.0196718761970933
14632,0.47327102427977086
14633,0.40084086146646536
14634,11.563451393982868
14635,2.296993466237741
14636,0.8758143156034788
14637,1.072058595296573
14638,0.7253366939848682
14639,0.9722901528283684
14640,0.7062423318490255
14641,0.1796470477736621
14642,0.5080801089876069
14643,0.04919225645290237
14644,3.549093149007244
14645,0.8896669672318751
14646,2.121153722590067
14647,1.9085653630424317
14648,1.8560796377661393
14649,0.7261874347022305
14650,0.7496972566016753
14651,0.9286541016157861
14652,0.5649573150636874
14653,1.7027198762600475
14654,4.869287116010712
14655,0.1279642359362024
14656,0.5189040937536187
14657,0.5113048019297353
14658,0.30661959066262967
14659,0.07496940322055246
14660,0.0874741032354707
14661,1.019337061895809
14662,2.9054881541063806
14663,1.8348288838030387
14664,0.3825760489203565
14665,0.24134739361094523
14666,2.3450605320781954
14667,0.6506838078921395
14668,2.041629715955965
14669,2.6016685156324026
14670,1.2727604375394919
14671,0.759532574307345
14672,0.10283560338120028
14673,0.10468901609078451
14674,1.5545038256075243
14675,0.5109602987817442
14676,2.977243074395327
14677,0.5394044254018731
14678,0.7959039663497869
14679,0.9803759660524493
14680,0.9777468005154808
14681,0.910613646065707
14682,5.6541304064385685
14683,0.4487538521491053
14684,1.1281990424751855
14685,2.7283083065495988
14686,0.16719659193214217
14687,1.008939732055881
14688,0.6341446986947128
14689,2.4934344234207466
14690,0.3445797472607733
14691,0.22609036562392856
14692,0.1611799741620231
14693,7.736537032818043
14694,0.43918315559206567
14695,2.12540516454383
14696,0.19755951147127296
14697,5.165496068340962
14698,0.5175991047493724
14699,0.7436972309170036
14700,0.8038828164508456
14701,0.49124077159205737
14702,0.31788149311210817
14703,8.81150384061812
14704,0.7590244541712108
14705,0.8093034091631685
14706,0.23987574921479118
14707,3.307728560746105
14708,1.0174299585440616
14709,1.0833763220111141
14710,2.304735526322323
14711,3.6385577387789176
14712,1.7960086893143055
14713,1.0124136961212038
14714,0.5860616872202096
14715,0.181204341942045
14716,0.5412887524616341
14717,1.116524054795452
14718,0.7856718684824963
14719,0.08275761660206722
14720,0.7028359884997778
14721,0.8073344730716484
14722,2.192432037920365
14723,0.654087856923374
14724,0.3621488695033461
14725,2.9857517852562694
14726,0.7759869482252338
14727,0.19013516285272702
14728,0.21062505091778805
14729,0.08709092349093499
14730,1.571116714642951
14731,1.2239073663155022
14732,0.9552234815136595
14733,1.4472767429642197
14734,1.5067127407113068
14735,2.583060359279022
14736,0.7658686411175193
14737,0.23611404065325195
14738,0.6585685400860071
14739,0.803611009657702
14740,0.31835306200104013
14741,0.588430796278296
14742,0.09913769383387935
14743,0.7466342473000639
14744,1.3135653769050417
14745,1.5901670546356454
14746,0.18563963615872345
14747,0.536504846737395
14748,0.5520242367690791
14749,2.4102770981015342
14750,0.4589657991647858
14751,3.3123314607482173
14752,0.0715591358630263
14753,0.8616138992349528
14754,0.4562948317772661
14755,1.2484381456455647
14756,0.8310294149522176
14757,0.8106404474311241
14758,0.17540763929651965
14759,0.6177147351827973
14760,0.12296112170405908
14761,2.6803623324994197
14762,1.2850438365578056
14763,1.6715211548334505
14764,0.8941003584933599
14765,0.1486153771535416
14766,0.09930499470644388
14767,5.486060500443164
14768,0.8485059164501223
14769,1.3191397825873818
14770,4.642777802006827
14771,2.984646803358961
14772,0.31909354125456096
14773,0.4438161763665298
14774,4.241676265481817
14775,1.5318283331932887
14776,0.8270750385693454
14777,0.08373801527790566
14778,0.22340445069420173
14779,2.171925527417357
14780,1.276894970079188
14781,0.6768440315167995
14782,0.3158163746520635
14783,0.1837758127861305
14784,0.3150190866210886
14785,0.08616677533273205
14786,0.995667928213248
14787,0.3119237121362596
14788,0.49223520198024323
14789,1.5017938533190387
14790,53.97667070272765
14791,0.2116242789691261
14792,1.563487878498734
14793,0.7376029792290366
14794,0.3864799702620238
14795,1.3092680092939235
14796,0.714223053517727
14797,0.13349695114185434
14798,0.477304131439443
14799,0.06441674959197816
14800,0.11253326426991789
14801,0.22519548800189967
14802,0.9612718650703393
14803,0.6970225784068868
14804,1.8029247100055694
14805,9.466951215674932
14806,0.5913553879857616
14807,0.6596936691322552
14808,1.112383324558904
14809,1.2607981538783604
14810,0.40533601740237607
14811,2.4200669764074623
14812,0.9454926084154968
14813,0.6460870109187872
14814,2.164794780378623
14815,0.5830073557955902
14816,1.2471238252830734
14817,3.856414516413838
14818,0.5110522845326851
14819,0.09975967479568575
14820,0.5134274645849767
14821,0.3621993512078365
14822,0.3986611977988619
14823,0.36278346282256524
14824,1.5994659312735948
14825,0.2560533948184708
14826,0.30473914612098696
14827,1.4552908298956049
14828,1.7398438435221033
14829,0.8725513035234693
14830,0.7355625043001801
14831,1.7997380049309244
14832,0.21179379393738101
14833,0.28253737814898944
14834,0.807229919416726
14835,0.4581619876365657
14836,0.6836514076900777
14837,0.8226539367999647
14838,0.9374714354589121
14839,1.09502884677997
14840,1.1808766997663824
14841,0.4188325750131101
14842,0.5277249096008974
14843,2.3541314389029835
14844,0.45706561113949484
14845,0.35552370072450123
14846,0.21626173079147545
14847,0.2554551427052467
14848,2.5093804231591825
14849,0.5604585455780933
14850,3.3924225473539495
14851,1.303487670510946
14852,0.1686842110124933
14853,1.0212693114947098
14854,0.5737910538335134
14855,0.23721365426376842
14856,0.3380292609331058
14857,1.1290038539530278
14858,0.2670283736738401
14859,0.2771810084587513
14860,0.02791708609063143
14861,1.1335099894453495
14862,1.9166290622174638
14863,0.5175929063682165
14864,0.4327056303183999
14865,0.5152786367059603
14866,3.395806512568976
14867,1.0287134255909167
14868,0.36904348298549805
14869,0.6352973142254841
14870,0.3843731064415285
14871,0.2904544256117083
14872,2.389883310420999
14873,0.5434165073379115
14874,0.13112634645114019
14875,0.06455057793885588
14876,1.330832775684631
14877,0.5109661470284205
14878,0.5203314887345204
14879,0.56698710747374
14880,0.13747308201627745
14881,2.2527088603965466
14882,0.27886241406888035
14883,0.20742188298780237
14884,1.058634974609572
14885,0.9731326761367749
14886,0.9367947962342863
14887,0.27317227533272015
14888,1.0693520758380402
14889,0.5906381630246649
14890,1.1207831561863422
14891,1.4530034248406554
14892,0.08320393956885384
14893,0.22461038019275364
14894,1.6795736660286813
14895,0.09284685669088445
14896,0.48248702626076
14897,0.9028575597495255
14898,1.1674377616966214
14899,1.9918574015315187
14900,1.2911197657089202
14901,3.302697376831828
14902,0.8489830017982438
14903,0.18296147968208432
14904,2.3296927354775674
14905,1.3047756356189373
14906,6.02154458963521
14907,0.35490878877138393
14908,0.5339191346205411
14909,0.587449149789493
14910,1.5962320440009437
14911,2.017207296853578
14912,0.5444004653096549
14913,0.13790411431023702
14914,2.4573564533011267
14915,1.0010125316373746
14916,1.4507068432827683
14917,1.2533071758920966
14918,0.21511883092946463
14919,0.29387157630879995
14920,7.719423870501492
14921,0.36908813957759473
14922,0.3470890649084848
14923,0.27092925782465954
14924,1.4987006914546075
14925,0.16928294772909683
14926,0.10403965908568476
14927,0.5789697518951724
14928,0.27930928941486116
14929,3.686863696034662
14930,0.650615196044792
14931,2.9753505132416884
14932,2.953159721202041
14933,2.110659648681412
14934,1.3826947700361751
14935,0.32855074842850207
14936,0.45336625272815995
14937,0.07603596026715137
14938,1.3478436219151089
14939,0.9564300190709982
14940,0.2539970371475094
14941,1.0592654284728118
14942,0.7645695661199629
14943,0.5735795258158716
14944,1.6201008346528152
14945,0.20014235350329723
14946,2.7423718929199588
14947,0.8241729563399511
14948,2.456628710357606
14949,2.047387691429236
14950,0.5223196065081996
14951,0.41527732055856753
14952,3.3488493035024014
14953,1.067757568733994
14954,0.37344453584112774
14955,0.34940569249829223
14956,0.24773299404534413
14957,0.7904250203430927
14958,0.1617234841832395
14959,0.7213641824496363
14960,0.4459393585266193
14961,0.39780371471237796
14962,3.0579914798809344
14963,0.8000967787765213
14964,0.6737561045018359
14965,0.06845975334511525
14966,2.220071862104271
14967,0.9221502429018655
14968,4.035860410835589
14969,1.3155119109938929
14970,1.8079634255443144
14971,0.9418730923233541
14972,0.7411528054833085
14973,0.25115246942547975
14974,1.1010134540082772
14975,0.14758043804729865
14976,0.9281403073122912
14977,0.07618790253130539
14978,1.4163768109243584
14979,0.05966289497676504
14980,0.33474958643234015
14981,1.0018771677959255
14982,2.2497761882842497
14983,0.5939182237097034
14984,0.11474488362205648
14985,0.3930792302648412
14986,0.36453528645256555
14987,1.6164314045485908
14988,0.9022283346288738
14989,0.2919386874175227
14990,4.281189298326614
14991,0.6279257713807658
14992,0.2109007511184205
14993,1.8004136222282356
14994,0.9585019149747628
14995,1.2956537654344071
14996,0.14852766006427248
14997,0.3431161732138704
14998,0.41046259110766736
14999,0.31820018360351743
15000,3.1114337565466617
15001,0.3839179661773273
15002,2.10326765745216
15003,2.457778983205359
15004,2.475335431936534
15005,0.25992650641988124
15006,1.245591531714425
15007,1.7356958425060625
15008,0.8328064017072405
15009,0.6091809752460109
15010,3.268802338670237
15011,0.4933046756027256
15012,0.8496792576091682
15013,2.0289557909750355
15014,1.6931633952768415
15015,1.4771014998325387
15016,0.9058047907273687
15017,1.3584521385842518
15018,1.0270315058354835
15019,0.4752068273864555
15020,0.6469480427918802
15021,2.5278574527764643
15022,1.4166811443462062
15023,0.8817076098770006
15024,0.5567366570889382
15025,0.5197022704358619
15026,1.0559320513540258
15027,2.0109668615362106
15028,0.9484079101738808
15029,0.052940521487941504
15030,11.331062828348852
15031,3.4450033283080472
15032,0.6616506149829422
15033,0.8909504275404243
15034,0.15643172857821575
15035,0.3692254655409615
15036,0.3003617853267383
15037,0.601134414203703
15038,0.4078963452127642
15039,0.3366956600152812
15040,0.2955967655530166
15041,0.6812421195919804
15042,1.6799060589288042
15043,0.19974594228211423
15044,0.17207463829263794
15045,1.0115127239898571
15046,0.5018157037087522
15047,0.5080005266212417
15048,1.314610254235105
15049,0.4195910930657804
15050,0.9284893719568299
15051,0.6482442281135687
15052,1.0070598928390342
15053,0.8083513755067291
15054,0.66988094616383
15055,0.2970454144343406
15056,0.16192879134908725
15057,0.7394462250039507
15058,1.1124344982031178
15059,1.9573172716539482
15060,0.20479393978877924
15061,0.29084701164108917
15062,0.45289537519034684
15063,1.0405113782981554
15064,1.797852107545016
15065,4.374433719612777
15066,1.7145828430586556
15067,0.49693045769010125
15068,1.147116123285786
15069,0.4426557750835506
15070,0.9800025598621283
15071,2.565187891547625
15072,2.341838128454209
15073,0.6458704060528881
15074,0.22206026324332162
15075,6.414706441847989
15076,0.6604037840419333
15077,0.5467559576566194
15078,0.633047206832195
15079,0.7649087751979162
15080,0.643632440613336
15081,0.25995862379582985
15082,0.4951941426781692
15083,4.440014022365363
15084,3.536997436944741
15085,2.242302559472474
15086,0.11151051557612125
15087,1.375607498918471
15088,0.4510648680198662
15089,0.7007507551627614
15090,0.8405494215376952
15091,0.8930646393334737
15092,0.25491203916662036
15093,0.5410323678013506
15094,0.09176189390137804
15095,0.7903020015775835
15096,1.7490861645416858
15097,0.8105086119843925
15098,2.489243296213159
15099,0.864899978101864
15100,0.4373963781182815
15101,0.8830457482600633
15102,0.4548921774721269
15103,0.43254315167441093
15104,0.6877568662669618
15105,0.16809894256969896
15106,1.8075348113022662
15107,0.4614092941986414
15108,2.100864614687018
15109,0.7112319323333918
15110,2.3215211947345935
15111,0.3168921417348135
15112,2.497740670176153
15113,0.2544100846886488
15114,0.2960347748655627
15115,0.06013229110302459
15116,0.2626180205442671
15117,0.32913294878856886
15118,7.0205318285411265
15119,1.218831739062949
15120,1.5165834181491653
15121,0.6959704112909961
15122,4.14281366563194
15123,0.42651251336418033
15124,0.3597051011413408
15125,0.11156407707808275
15126,1.3208342659751227
15127,0.17786278388893642
15128,0.33837920782530895
15129,0.2172302500801291
15130,0.7130590997225797
15131,52.40756868587588
15132,0.28133629007618965
15133,1.22908896985893
15134,0.09386328840142266
15135,0.5755618525782918
15136,0.3505011977824091
15137,0.5291227792375846
15138,0.034673489566725176
15139,1.0714689513379645
15140,2.096896508224405
15141,0.26840948672348663
15142,2.829875035810185
15143,2.4161950610987217
15144,0.12768165518509966
15145,0.35561246381953876
15146,0.5132546694215299
15147,0.3675672475630324
15148,0.5613130096023892
15149,0.19213029302078857
15150,5.598543786806324
15151,0.4387720789325994
15152,1.40362659026455
15153,0.3607454379494383
15154,2.8776805838339663
15155,0.5589663777924424
15156,1.027467553327017
15157,1.2249261906289497
15158,0.2957031688246845
15159,1.8370890661788888
15160,0.46470655482010975
15161,0.21005803001174203
15162,1.319478665639704
15163,1.464463372362502
15164,0.7965811752165208
15165,0.4355787157249498
15166,0.21247691974149244
15167,1.0344394093358122
15168,0.2649750536235231
15169,6.070635127074906
15170,0.39804378343379704
15171,3.720006953688817
15172,0.39955542533839217
15173,4.554916642861229
15174,1.5261022071501462
15175,0.1910723638885834
15176,1.3968451700213649
15177,1.1530465986812368
15178,0.5945680723375144
15179,0.4001889981983244
15180,0.16216627181170756
15181,2.2957933942373576
15182,0.9756813374576646
15183,0.7104390035120626
15184,0.5785667345419442
15185,0.4358308570283344
15186,0.14394638872559531
15187,3.246921700531352
15188,1.3078373345465923
15189,0.811243309530775
15190,2.106308318853907
15191,0.4990670195028616
15192,2.588250306136098
15193,0.13033902408706644
15194,6.0003495667219005
15195,0.6744041170850748
15196,1.2599803427868603
15197,0.3460039743184713
15198,0.5431554756525598
15199,1.2891490830582033
15200,0.26806360535468704
15201,1.9844663541211855
15202,2.3037289868470365
15203,8.161018117261007
15204,0.7592289120516629
15205,1.072232038681004
15206,3.6300430041011653
15207,1.470834067689877
15208,0.6207338239973303
15209,0.6485082909227888
15210,0.5064748782799317
15211,0.23139857423320784
15212,0.5437223638190174
15213,1.4062497064987485
15214,0.822328538500254
15215,0.11619743104247532
15216,0.7091951199735228
15217,1.2116222320257606
15218,2.9516872960670812
15219,0.41680166815544395
15220,1.7452881244999057
15221,0.11864635594291666
15222,0.593317108082871
15223,0.28513296332610794
15224,1.1057054048523287
15225,0.5780699594106846
15226,2.4797216772815074
15227,1.6458131719557432
15228,0.7550271186886259
15229,5.71721233789491
15230,0.4435802921588825
15231,1.0779521752827859
15232,7.308377212072659
15233,1.4230469426215557
15234,0.6990673141857973
15235,1.737936403888142
15236,0.4164103509391638
15237,0.34424869955899917
15238,0.524766132136488
15239,0.6176936186925189
15240,4.804338126797243
15241,0.13282915328633987
15242,0.3689086401649528
15243,1.5069384610207428
15244,2.328438526571767
15245,1.142096206050779
15246,0.012238344938142463
15247,0.7460411917107077
15248,0.6255254406056143
15249,1.97535041716127
15250,0.11190735696363165
15251,0.5386246655998541
15252,1.8529568879802043
15253,5.406084107930542
15254,1.9087974946820698
15255,1.9136306166175774
15256,0.9286227935465343
15257,0.19917104867667404
15258,0.14186216798481277
15259,0.09918484106096392
15260,0.7753919580386682
15261,8.011014847651266
15262,0.8586914080437731
15263,0.27883881488485784
15264,1.7923626741441627
15265,1.6483366069017396
15266,1.8268336239236405
15267,0.16930746107814248
15268,0.12392637444754788
15269,2.030076277120528
15270,0.44781514451427423
15271,0.14353884401111133
15272,2.6670618228162084
15273,0.15307793290994917
15274,1.2922868551365019
15275,0.18201757543177896
15276,1.1188263233110445
15277,0.8160171414822652
15278,0.4760494206530842
15279,0.6581036193360839
15280,1.1447802209045883
15281,0.710910360083508
15282,3.711350373401921
15283,0.5339885014394213
15284,2.3762077656997524
15285,1.2095790001403435
15286,2.2982432257701273
15287,0.19737196562270484
15288,1.626196461188646
15289,0.4862931992899991
15290,0.3345235531409201
15291,0.44836562085986464
15292,0.2104418547795686
15293,0.061902132916365316
15294,19.36963004943713
15295,2.1396812210690634
15296,3.2340497476145944
15297,2.1170581610199237
15298,0.9931254298530507
15299,1.5635393093528729
15300,1.0742735270112482
15301,2.845223801529026
15302,1.1502054989355406
15303,0.1185418842910376
15304,0.4279548793497935
15305,1.263918734932179
15306,0.5744777050930647
15307,2.761520252171213
15308,0.16936672205952152
15309,0.8918804174582754
15310,4.741940706235539
15311,0.5075969948712882
15312,0.30391322711752916
15313,16.083104345313654
15314,1.40933830157816
15315,1.859471774549463
15316,1.3837174932108316
15317,1.521155920488893
15318,0.2047862552374876
15319,0.6282727647357255
15320,3.720952883535071
15321,1.4936108784053475
15322,1.6886816141341883
15323,0.10739872660768358
15324,1.288025453160836
15325,0.5047150790518595
15326,0.37152550060008394
15327,0.2881230053580828
15328,0.8737869251621732
15329,1.521578531698311
15330,0.05804921172250738
15331,0.548900373461138
15332,1.538304462186829
15333,0.6185425233166002
15334,0.3977145962830422
15335,0.6622913714736507
15336,1.2591625659577594
15337,0.18073020689097963
15338,0.5610478381525948
15339,1.4660347142544647
15340,1.060852482558755
15341,0.02460604478072748
15342,0.5850384061554327
15343,1.6621770060630296
15344,0.8999615965196315
15345,2.2538357104490445
15346,0.04139219072669365
15347,0.07937943225195593
15348,4.768474634955636
15349,0.4756457397797202
15350,0.5145817361908998
15351,0.19613869999022748
15352,0.1995439468160376
15353,1.3562974032853048
15354,0.0694335117623262
15355,0.22571428896032283
15356,0.6090280096188964
15357,1.3995495500512871
15358,0.5561599370504335
15359,1.0786346461274936
15360,0.6203315408362481
15361,1.2264286518236613
15362,0.81603281436544
15363,0.32078923105343615
15364,0.20140315409801474
15365,0.7943880945424708
15366,3.502406096825959
15367,3.4950953328952465
15368,3.3160919582120068
15369,1.3189317988874787
15370,0.06297711744347534
15371,0.4211132038567097
15372,1.1416394296330563
15373,0.44408977355372864
15374,4.088636536050222
15375,0.15852634426391685
15376,2.813852606008235
15377,0.21334586952682338
15378,4.329674559754988
15379,0.7897426768316027
15380,2.2266804048032696
15381,1.6475066667759068
15382,2.3511484394874924
15383,0.23240387051999817
15384,1.9974701604825602
15385,1.7462363997787786
15386,0.6405279307602672
15387,1.9879406692544843
15388,0.8526483120365009
15389,1.339713704978436
15390,0.09142414375770395
15391,0.0793596387160584
15392,0.10630703625318147
15393,0.5914872977934275
15394,4.607980927057101
15395,0.8951723931284067
15396,3.403017382965618
15397,0.4142904394821266
15398,0.24166800530291513
15399,0.10601614836849324
15400,0.1771474148574837
15401,0.23644419483576262
15402,1.4968538980050776
15403,0.5688044545748046
15404,0.9759903484287222
15405,0.053906017083873936
15406,0.303314297154295
15407,0.06611764762056815
15408,18.218780000638112
15409,0.8230791021873333
15410,1.494369338991035
15411,0.4412443331897674
15412,0.7671312802040171
15413,3.0497074455959443
15414,0.10907727388180657
15415,0.8636195648978007
15416,1.4014704019959368
15417,0.8157587987662702
15418,1.610958812044859
15419,0.03563710115267025
15420,0.5334799012010476
15421,0.5379317795918263
15422,0.09787384024990453
15423,0.8275158757606338
15424,0.6167630587997204
15425,0.017259185673577756
15426,1.9826823801228923
15427,0.7243250212174596
15428,1.1812090143703895
15429,0.6789822308926007
15430,0.384697222121338
15431,0.04264397074642395
15432,2.212970942649635
15433,1.2393148827291827
15434,1.1409503737280926
15435,0.07671360128593928
15436,0.25785482766736306
15437,0.42221739385460005
15438,1.065556665128455
15439,1.7134519535565158
15440,2.3293292621447756
15441,0.24433942075646445
15442,0.7223233160011355
15443,1.3347381157773555
15444,0.38451744882538424
15445,1.7510634630257074
15446,1.5036738991322751
15447,1.2950741358622135
15448,0.08419683786147242
15449,0.413625757289263
15450,0.28059498267385563
15451,1.5020585605742272
15452,2.8677405433527885
15453,1.734818996083265
15454,0.7868975126070262
15455,0.40234940672510777
15456,0.5257893910748596
15457,0.8442936403515529
15458,6.981267817164684
15459,1.455099893450588
15460,0.5152588341634036
15461,0.24014749909370547
15462,0.8048494154750708
15463,0.5957849098180494
15464,0.6928996819201074
15465,0.36594090478740815
15466,1.0688970836081868
15467,0.08618980554538162
15468,0.49287712880787865
15469,3.7323136714586425
15470,0.8383682334901266
15471,0.4442330674968542
15472,2.0307551879222374
15473,0.8750641291479831
15474,0.16505309124366002
15475,0.35533004172450866
15476,0.3946826833939923
15477,1.7742878400297157
15478,1.8280443406006563
15479,0.4346961255831355
15480,0.2502745998601833
15481,1.152944909002731
15482,2.9521371325456522
15483,0.24716033627097034
15484,0.1380530871401754
15485,0.43283199445927256
15486,0.3789602870052741
15487,1.060604471864421
15488,2.9399476927381403
15489,1.3661919604881032
15490,0.5005985604091712
15491,41.89360893179015
15492,4.475915947104205
15493,8.146181416771606
15494,5.7235088239145275
15495,0.45022219427872706
15496,0.21473737161234052
15497,1.2892857433091536
15498,0.2233097709332785
15499,1.6500055288743232
15500,0.5258271672318245
15501,2.312686007298558
15502,0.3614604684344483
15503,0.5724053034836354
15504,0.6734803348189156
15505,0.31907411463313173
15506,1.164605618924956
15507,5.324099100213537
15508,6.7660463328527305
15509,2.847415273663785
15510,1.48479543388429
15511,1.797664934581087
15512,0.8276883427437434
15513,1.7308972425995788
15514,0.8190024278070784
15515,0.24571843002110125
15516,0.10497381138086134
15517,5.313005867244385
15518,1.3807449466394859
15519,0.22182766431020629
15520,0.8928702608578626
15521,2.115723594350572
15522,0.57072665650682
15523,0.2723318255512424
15524,0.6259432483403181
15525,1.3912311783247118
15526,0.5632630514570185
15527,4.601785038188571
15528,0.5239066282320407
15529,0.8596594940896454
15530,0.25423568540331776
15531,0.653662353465732
15532,0.10516234311056596
15533,0.2538490271308019
15534,0.6394487492023869
15535,0.4204893559660333
15536,0.9248488724228674
15537,1.0680785503036938
15538,0.856483911403506
15539,0.04142183436789844
15540,0.3189405328185445
15541,1.1084062902363698
15542,0.2866537395595131
15543,1.2737470261028045
15544,1.144655434464636
15545,0.4145840546548986
15546,5.977342972442221
15547,0.10067323671213829
15548,0.27630890679808395
15549,3.431274248598333
15550,0.08572304973420064
15551,0.21051143839889624
15552,0.2411645247170822
15553,0.2203347332366928
15554,0.9984664083825824
15555,0.9524501749959632
15556,0.8267798565845828
15557,0.3917894427314628
15558,3.4367086473897417
15559,0.38104650118569733
15560,2.4794835478094006
15561,3.5593742587785813
15562,0.5409001334917862
15563,3.875258702663785
15564,0.6153853755933628
15565,0.061817932473976385
15566,2.4172350550525903
15567,1.7839310708156775
15568,0.3607421272086424
15569,0.741762321876273
15570,4.26709496732842
15571,3.4083106573641757
15572,1.1679178037658855
15573,0.43369934422030243
15574,0.4775336759356431
15575,1.1638774940638232
15576,0.0705774546752748
15577,0.05541165577391697
15578,1.3196053976078916
15579,5.2691638036886355
15580,1.0520968707649423
15581,0.05223073265709467
15582,0.35169668137965454
15583,0.17269203277224296
15584,0.4650403924243566
15585,0.9545187047039163
15586,0.5834913429209563
15587,1.5427273971194713
15588,0.2139125210042971
15589,0.35522825430249083
15590,0.7926727415124546
15591,2.003652010775339
15592,0.11409453377788445
15593,1.0035266402157739
15594,1.3141046551087645
15595,0.3708947661890892
15596,1.4195103971828293
15597,2.502656737432845
15598,0.07169674860252039
15599,0.3834812092990374
15600,0.05818142972613971
15601,0.9277121495865323
15602,1.4147668503492012
15603,0.6361485765205657
15604,1.01891193866049
15605,0.17389438730086687
15606,0.10071251162412945
15607,0.7137480788672013
15608,0.927145741232136
15609,0.13125198151880277
15610,0.4318669774034533
15611,0.13853577245714782
15612,1.2526843246494561
15613,2.2917204441550885
15614,9.269003737675666
15615,7.045205695531555
15616,0.4046110900567458
15617,0.36772504698316083
15618,1.9317192680821644
15619,0.629015704992235
15620,0.7429424339843321
15621,0.20540827244176546
15622,1.6960336428532612
15623,0.047797125732470816
15624,1.172019267604595
15625,1.4209374020039516
15626,0.245077649436301
15627,4.45625869080373
15628,0.6926170026355005
15629,1.0292596961135818
15630,0.9920823093177251
15631,1.3820657904127456
15632,0.6843892234278832
15633,3.1919088752761295
15634,1.2314407516502222
15635,1.1240349902057574
15636,0.32101280795144704
15637,0.1739751534515827
15638,2.09299649940682
15639,0.42078845717451163
15640,0.5820778094454566
15641,0.9601076667803203
15642,1.2305140767172835
15643,0.24864763234326828
15644,0.22862442229966404
15645,1.9273250962085506
15646,6.844673052214141
15647,1.3859697918226868
15648,1.1739676279888607
15649,0.3352482714234814
15650,0.5588106567009414
15651,0.17455116340929144
15652,3.5027905396678625
15653,2.427643339692482
15654,0.3718254602378673
15655,1.4511717767226744
15656,0.727958298079751
15657,0.8981890851082556
15658,1.9923937768468702
15659,1.3414643546082605
15660,1.897942661164422
15661,0.7103226259888408
15662,1.23645391458222
15663,0.6037840158297418
15664,0.14947541402172185
15665,0.9189722894679956
15666,0.8835366565613338
15667,0.9047192683590854
15668,1.935173244833908
15669,0.41245416065970997
15670,0.969300789646701
15671,3.2348329557150026
15672,1.0791615388800329
15673,0.22706020785196507
15674,0.09300881755196588
15675,0.640000813164416
15676,0.20232070401600274
15677,6.7522374757500785
15678,1.3234666661444967
15679,1.1835989893744951
15680,0.4296753706721762
15681,2.5958456953302376
15682,1.7109720592335316
15683,0.5896899701036976
15684,2.2804687882341446
15685,0.15072369720899736
15686,3.257579209487857
15687,0.38138260670739793
15688,0.790702650455947
15689,1.3848497981126568
15690,1.9151084696756508
15691,0.47657379372600006
15692,2.0915440970201598
15693,1.8135680555939875
15694,0.9932885791873813
15695,1.7735625999255626
15696,2.3891679320638115
15697,3.8288438134073655
15698,0.6129653319852306
15699,0.16969644461550096
15700,1.5637285043920526
15701,1.4955171538946725
15702,0.21138905259848462
15703,0.1143447616667694
15704,0.3665380785622022
15705,2.9846837714546552
15706,1.0071219366816528
15707,0.1832866094251477
15708,1.7452541117931917
15709,0.5317489158853033
15710,0.21037281347859454
15711,0.29714301293319834
15712,0.09998167764428963
15713,3.4405345056317347
15714,0.5591799272853946
15715,2.0680465896295446
15716,1.6890097505290245
15717,0.6071017007076848
15718,3.5026765317609256
15719,0.6333666555365668
15720,0.5410741028219662
15721,1.2006169058387168
15722,0.8091883109967782
15723,0.25467474580744237
15724,2.663804368648037
15725,0.2118922644612724
15726,0.6331259184343463
15727,0.562908246125536
15728,2.682579780899029
15729,2.1470941710823306
15730,0.581105660462691
15731,0.10799207381330866
15732,0.26557127052086044
15733,4.850123586678799
15734,2.5362586594142535
15735,1.1549302167775688
15736,0.4995277755081616
15737,1.7134350391482713
15738,12.014760961228054
15739,0.3307083300808946
15740,0.8820722581990661
15741,9.80919704179207
15742,0.14581140049407781
15743,5.0825350145857575
15744,0.9913384652275276
15745,2.0676620370712615
15746,0.30494939745787153
15747,1.7087343269912043
15748,0.3883741623682695
15749,1.0727786871314848
15750,1.6869100517799243
15751,0.12302627705960827
15752,1.6229100374046725
15753,1.1828479332765156
15754,5.09797398539414
15755,0.4714453482178581
15756,0.3287869106534681
15757,1.7346350774229187
15758,2.132652159964221
15759,1.6195641655128454
15760,0.09935763342298949
15761,6.634978420469352
15762,1.603215587282155
15763,0.13593567844718288
15764,5.093916395822948
15765,3.5214537163456257
15766,0.9028891806431607
15767,0.45276673629132175
15768,0.6341446644432891
15769,1.7685716217724927
15770,0.8701046228428378
15771,2.7452992817313473
15772,1.2904972873162923
15773,0.11409824515357254
15774,15.539969923800337
15775,0.13228284774196392
15776,0.5161888005683044
15777,2.1349395788343473
15778,0.2355570439304099
15779,1.2867100878046565
15780,0.17079676440636282
15781,0.6764877330949524
15782,0.3790176317113757
15783,0.32615483616814994
15784,0.6369793096990158
15785,1.9299169621427934
15786,0.03612962309999841
15787,0.6313905905007546
15788,0.10348910924223444
15789,0.7265870144329714
15790,0.06424449760727437
15791,0.9628539334194537
15792,0.9826106446196711
15793,2.002248201980003
15794,0.9266430296733988
15795,0.3721792087784205
15796,0.9340207735425767
15797,0.19197655291448115
15798,0.46939339274304953
15799,0.3517995717426856
15800,1.3695617909038675
15801,1.7416991604460714
15802,0.1615762777456972
15803,0.18170822950083215
15804,0.894034837878722
15805,0.7788521049331625
15806,0.21385518928503366
15807,0.601285964192198
15808,1.3687225752217098
15809,0.3118128475051207
15810,1.8033312926243827
15811,1.1323929383220834
15812,0.5978627698818755
15813,0.6851084927411915
15814,4.193024832481669
15815,0.21990216078130498
15816,0.03637664220414448
15817,0.8193108450787646
15818,5.945024682169476
15819,0.8524420824444088
15820,2.8097702089777714
15821,0.16855009256242495
15822,0.21665075632391365
15823,1.2596124898263468
15824,0.6630486818394172
15825,0.9276033842690156
15826,1.4950481891093055
15827,0.10793946273648433
15828,0.29487034362618625
15829,0.5845316545136345
15830,0.5775272098710917
15831,0.189745752328281
15832,0.11216790514515304
15833,0.3680557816031024
15834,0.15590425587579185
15835,2.8731632871203483
15836,0.12217466104030379
15837,1.0935376467707802
15838,1.560856788927735
15839,0.3794899409231557
15840,1.2997305918086337
15841,1.1475615961680132
15842,0.8351582540175045
15843,2.5907626153614007
15844,0.1619950025391424
15845,0.26890926474055843
15846,0.25483053205468775
15847,0.061071844986120935
15848,1.326343115912939
15849,0.6104156784766281
15850,0.7028710570505889
15851,0.4378792720188121
15852,0.1382409057216571
15853,4.716408396353283
15854,0.7727886661116998
15855,3.66074293469987
15856,0.2543971905508036
15857,0.20807124919576228
15858,0.4755212359568826
15859,0.659931606828716
15860,0.9886910757594491
15861,1.3447829070011261
15862,0.926685744085449
15863,0.2913880030038291
15864,0.8720463924873241
15865,1.7189046950067155
15866,0.5248772238622522
15867,1.362350483748434
15868,0.4151301559716843
15869,3.277856313289552
15870,0.8602513306408367
15871,0.3959857846750084
15872,0.33224258949066504
15873,1.3754322843052684
15874,0.8998202614946553
15875,0.08588710286481632
15876,0.8356798241575438
15877,2.0936979588931095
15878,0.50862038936103
15879,12.97851705887294
15880,8.265165797868203
15881,2.570135867583254
15882,0.3104223654066911
15883,2.303743665012603
15884,0.4942284579149369
15885,0.24550970305230194
15886,0.31268790133501806
15887,1.1728643700815469
15888,0.05204702319736486
15889,1.6728342307964832
15890,0.953338837297777
15891,0.49731994823601117
15892,0.14700296767889148
15893,1.7979334315956328
15894,2.2675900885603326
15895,0.12988620843074575
15896,1.0132088780453028
15897,0.4564688788256229
15898,0.03785171301188415
15899,3.0027842438028975
15900,0.38525851753636964
15901,0.9519910969194664
15902,0.17842165604336632
15903,0.7314868232342547
15904,0.2968101515744797
15905,0.3559595416315501
15906,1.0597243218593997
15907,2.7546398212766743
15908,0.3636610188642478
15909,0.9128190468743836
15910,25.57093975823275
15911,0.5254038960535824
15912,1.3696040058158712
15913,0.38544197442756234
15914,1.4891913701810848
15915,2.129437490965722
15916,2.024635222395852
15917,1.0347551026084445
15918,2.0694604944057167
15919,2.9863800413701522
15920,1.3795458422329774
15921,0.49675653964373917
15922,1.47611348721918
15923,0.9468839580066761
15924,0.14027008522057632
15925,1.5074699631294417
15926,0.2807511784654083
15927,0.5285962260455981
15928,0.12708996021029823
15929,0.14965181901107513
15930,0.16625028243175086
15931,0.20489710323692376
15932,0.8390633179959971
15933,0.23895010494328942
15934,0.3924190010965423
15935,0.587008775349517
15936,0.1960459362179856
15937,0.07077515902404832
15938,0.705679559980694
15939,0.2984509584667846
15940,1.7913033158273848
15941,0.0774432293362323
15942,0.9020745490792508
15943,0.277988141943918
15944,0.5197463473692638
15945,0.6812709445458898
15946,1.6280561304355645
15947,0.13496907039309522
15948,1.1953831706065488
15949,1.1127320730541856
15950,2.012087781758312
15951,0.11302671543200618
15952,1.1921003968605912
15953,0.6809487030795851
15954,0.5662712035129568
15955,3.9402144194526265
15956,0.6922123249140755
15957,0.4252988991285498
15958,3.2657376886112814
15959,1.1531961934465957
15960,0.40192762688751504
15961,0.8387077445644779
15962,0.27555813897060377
15963,0.38544752228772416
15964,0.30893095594372916
15965,0.0808739656513801
15966,1.4487000166981348
15967,4.625458518183414
15968,0.16788064905859423
15969,1.038359736667461
15970,6.474154371044182
15971,7.682467588294665
15972,0.30973331588300634
15973,0.19837171138853402
15974,0.1061808403892034
15975,0.28235348943044325
15976,0.9381667777926528
15977,1.3125583446939892
15978,0.9879906719176282
15979,0.6507686350953609
15980,0.7895499170086774
15981,1.359957634596054
15982,1.749809213287697
15983,1.5295512653676302
15984,1.1775772356735599
15985,0.9928952112212917
15986,0.9140253222303849
15987,1.7831899991778613
15988,0.9556853676095332
15989,1.0115301635075817
15990,0.295479471066129
15991,0.15206407548406164
15992,0.7031517242207078
15993,0.9517510888594813
15994,0.9939487076614433
15995,1.3553091522755087
15996,0.3066829172848917
15997,2.2194977404927667
15998,0.586152522847993
15999,1.6720847657318942
16000,1.5698549153563126
16001,1.0090400628457536
16002,0.8106570090031487
16003,0.3511586641385823
16004,0.16518787599550808
16005,0.7877062608334482
16006,1.4029873859953377
16007,1.9131096009731823
16008,0.7426266262344342
16009,0.7658826650137865
16010,0.7818689112282061
16011,0.15835274857187367
16012,1.8096601188058148
16013,0.2383123657059009
16014,0.9381365854920483
16015,0.8484299955661855
16016,0.04948695321640306
16017,0.11909902388423069
16018,1.3845815944928914
16019,0.7878297904410676
16020,0.3198808323944887
16021,0.17484660406788585
16022,0.7005329553184224
16023,0.363126431041809
16024,0.22005379446610845
16025,0.5950625645968698
16026,0.44133440069518765
16027,0.7241688159578832
16028,3.225018124190518
16029,0.2305555622125491
16030,0.1163379539406013
16031,2.330303374718072
16032,0.29384853159572516
16033,0.9237433573703251
16034,1.0845921407485086
16035,0.8573047435984503
16036,0.08320177395616603
16037,0.1488978681033905
16038,0.9445928231603304
16039,0.12912342274538746
16040,0.09314948643319426
16041,2.0305104022731992
16042,0.5403233624846826
16043,0.8544109551015943
16044,1.1311214931657994
16045,0.2135014819988185
16046,1.992341708287628
16047,0.6040478509500274
16048,0.04887392022692085
16049,0.1629476359347976
16050,1.978327260249835
16051,1.4429838174899767
16052,2.509679664239314
16053,0.3508195597267284
16054,1.0879206535600048
16055,0.12591369096134228
16056,0.48852788951552495
16057,0.6117975531527967
16058,0.32781754686877934
16059,0.11379151972352852
16060,0.9265226974645258
16061,0.3403297966743402
16062,1.73806052314554
16063,0.4321184528924789
16064,0.1801035188111582
16065,3.583718006892024
16066,3.673060130272461
16067,0.859994886475668
16068,0.9524894251571249
16069,0.11934081951125637
16070,12.307519922887016
16071,0.07743829362260428
16072,0.2266385752641174
16073,0.038920767454041924
16074,0.06712506855446149
16075,0.10611912359275313
16076,0.5722763403797398
16077,1.8938010086776509
16078,0.11553094178601994
16079,0.2448346568300876
16080,1.2939824015826533
16081,4.431496895481324
16082,0.5348874723418849
16083,0.29163642780383214
16084,0.08520217914904207
16085,0.6907773600541298
16086,0.4652758659144768
16087,0.3174267485191444
16088,0.665604135322395
16089,0.8615920802848158
16090,1.932323133767429
16091,3.282610130546167
16092,4.566871420838169
16093,0.19632683854426441
16094,0.9045562781594637
16095,1.776166635580118
16096,2.608730048468328
16097,5.153359659966472
16098,2.2200939672178293
16099,0.2943699411496464
16100,2.056088709869271
16101,2.2789629539245313
16102,0.9542814495288846
16103,2.756195259900164
16104,0.5095630857446137
16105,0.05623260231715564
16106,0.40703026651992996
16107,0.7638532913564884
16108,1.7793299858144123
16109,4.033226182245035
16110,2.068144657571934
16111,0.14756925763420278
16112,1.6108785184540422
16113,0.30465085678072673
16114,0.44950606613755284
16115,0.4273411551193717
16116,0.07593642667317345
16117,0.17165725360422718
16118,0.5792516535874986
16119,3.0449147594797408
16120,0.4997088163835118
16121,0.9997096623261603
16122,3.4730432393156114
16123,0.6595761453478137
16124,1.064083889768864
16125,0.830975384680535
16126,0.8345157608652543
16127,0.9193000338896837
16128,1.1027458245073887
16129,0.9845459175381007
16130,0.9226482892751915
16131,1.8749528976142233
16132,0.39624617278141966
16133,1.679229098225045
16134,0.3627682359248643
16135,1.0197209425529392
16136,0.9406960437563738
16137,0.8152904210727927
16138,1.0326923290067687
16139,2.1622890907424286
16140,0.25326412722075614
16141,0.7941419546863768
16142,1.4750410866297141
16143,0.9891230678910313
16144,0.6452668605981577
16145,0.8423878939092431
16146,0.25843329247070024
16147,0.03908475370781231
16148,0.9265646919037143
16149,1.1372180237808387
16150,0.9978873154387569
16151,0.1335934867230128
16152,3.884279239762972
16153,2.237732332048844
16154,0.9279752409861612
16155,3.28024839504548
16156,0.553700392099778
16157,1.102042098150211
16158,0.33225773113037843
16159,0.8688660942820552
16160,1.3588138063463633
16161,2.778327833214309
16162,2.9302032890047727
16163,0.5635784986200363
16164,2.640479456734518
16165,0.13558362171716581
16166,0.13702072791693432
16167,0.27265573799367393
16168,0.2532954529261291
16169,1.4172028578184597
16170,1.7287509500668468
16171,0.20719250710112067
16172,0.2371284722872245
16173,0.3889186792367678
16174,0.9736709678937066
16175,1.5102400712749282
16176,0.3029108409562638
16177,0.23678496667711424
16178,1.0983390763955865
16179,0.4927923412715211
16180,0.34178033947811065
16181,4.916864406616877
16182,0.371596321859567
16183,0.696314696312765
16184,1.3195833408054707
16185,0.14744060651021962
16186,0.779207097339057
16187,2.1447202691541887
16188,0.9437070120769947
16189,0.4233583995036778
16190,0.30473105314117677
16191,1.0459672106096023
16192,0.5855700146447608
16193,1.791065764451198
16194,2.0924970787663444
16195,0.4890561369481922
16196,0.10380552782670055
16197,1.1654520216072455
16198,2.5463873221378037
16199,1.4925403494171194
16200,1.3573454963689082
16201,1.3127619530822647
16202,0.4294202676368297
16203,0.7412909895494756
16204,0.22567961925271574
16205,0.3772947173659099
16206,0.6702407238909145
16207,0.6715503145026978
16208,1.3850180219492545
16209,0.6342085824876429
16210,0.875309245376321
16211,0.5849755781247673
16212,0.4118466079407451
16213,3.4582300332440203
16214,0.9629578909898633
16215,0.7851256467039412
16216,0.07750100787307034
16217,0.19534815932379734
16218,1.1676734308628172
16219,0.6588894874293392
16220,3.240975390132068
16221,0.971854348636192
16222,1.3386200588228385
16223,0.9573097813953522
16224,1.3486988710031944
16225,7.2188444069681
16226,1.1034979839096015
16227,0.8855373832224203
16228,0.3758232326874683
16229,0.3263154600118886
16230,0.7749105747409772
16231,0.1639595712944587
16232,0.3569652755487067
16233,0.7701914519760401
16234,1.8375046608098466
16235,0.6660006836186503
16236,1.8832557718179415
16237,1.7246422389241345
16238,0.35717990197925864
16239,0.09607455142784711
16240,0.3222390934806042
16241,0.12896946983088284
16242,0.12533473988809135
16243,0.39898470698889
16244,1.4190446095980702
16245,2.2345604686760927
16246,0.40261794857429634
16247,11.62016265727062
16248,0.3499752008504017
16249,1.9493881231368793
16250,4.811109400084977
16251,1.0017181820949757
16252,1.0670649269927217
16253,2.9300634751297
16254,0.5401501555764754
16255,0.04166976715328826
16256,1.264706863234364
16257,2.9175717402844823
16258,4.691752261793273
16259,1.0577797478507782
16260,2.1822731007858973
16261,0.46103145185542205
16262,0.34068876315901386
16263,0.9092840306020984
16264,3.1467461423987446
16265,0.4633424952857983
16266,0.12266805288339097
16267,1.0200528699062434
16268,0.19343426887894316
16269,0.32550066350428647
16270,0.6468331727649506
16271,1.3089176648083363
16272,7.458458417161764
16273,0.33338737943700425
16274,1.8365464401921752
16275,1.6398285295768376
16276,0.9874328720579243
16277,0.09270892093197318
16278,0.25301785278669475
16279,0.5208801778581781
16280,1.86653560497488
16281,1.2622119391146258
16282,0.7769664659948553
16283,1.3370553177872078
16284,0.5508904909742197
16285,3.4474310434348396
16286,4.749001074293411
16287,0.34050366240675806
16288,0.7733215504585196
16289,1.9070322220480995
16290,4.521699418191383
16291,0.7079126449268947
16292,1.1099201607842568
16293,0.21857587831825873
16294,0.6095226232338645
16295,1.2894335061491358
16296,0.8664654075959478
16297,3.2470554149016904
16298,2.003814303699599
16299,0.518874798943543
16300,3.7649887123900054
16301,2.6797022929517285
16302,1.2610694819741755
16303,0.8612189090059555
16304,3.995361358317409
16305,0.47734532075409314
16306,1.03929956564731
16307,0.4193809680382416
16308,0.996643287720372
16309,0.5883738399727383
16310,0.20991811293000673
16311,0.42628227062537194
16312,0.27803923034844874
16313,0.9667587977284069
16314,1.395271363883681
16315,0.5621043680030803
16316,0.8761113065104301
16317,0.29219481881584203
16318,0.2427063709195014
16319,0.1909898958115897
16320,1.9844453987214106
16321,0.8239562788619291
16322,1.606968822397211
16323,0.42589597121623296
16324,0.1272358261133814
16325,2.3071015110179216
16326,0.11286587138633487
16327,1.2926982919606513
16328,8.138890965656362
16329,4.445930799043499
16330,1.4815559873989324
16331,1.4987285168740039
16332,0.3888152331911595
16333,0.3031135955342826
16334,1.557666965207029
16335,0.1252706317396046
16336,1.6088681489377574
16337,2.9159215276153985
16338,0.6636004046035708
16339,0.6880591967595819
16340,0.23309183692827465
16341,0.7996556989201258
16342,1.7933275237774333
16343,3.2907052217510557
16344,1.3899572452109932
16345,0.3492707315674392
16346,1.5243175964576552
16347,0.6851289245514831
16348,0.9897533038681385
16349,0.6757870252999216
16350,0.379662712535011
16351,0.5333325103762704
16352,0.3706432424064219
16353,1.569631133088936
16354,2.1463949762229246
16355,1.0541414451144442
16356,0.340930152226113
16357,0.32948401968942626
16358,0.054172246454626455
16359,3.90987135138839
16360,0.033512398531618484
16361,0.549233138426955
16362,1.4933972489398744
16363,0.3857590104206768
16364,0.4267491628786996
16365,0.8647260913429107
16366,1.0964899114874413
16367,15.13245684206847
16368,0.3863786942875011
16369,0.4028571067998619
16370,4.75854225349509
16371,0.4268808972264678
16372,2.081899368847815
16373,1.9279802081761441
16374,0.5547283849599701
16375,0.8589821307124297
16376,0.5237073343625973
16377,0.5587143478654196
16378,0.837692943011008
16379,0.7007750249021951
16380,0.2915002609289254
16381,2.2333504961540513
16382,2.80250056883941
16383,0.8753027240404673
16384,0.502585827552703
16385,0.4856659698319581
16386,0.3305184396129821
16387,0.6503521836120281
16388,0.08088116806160482
16389,0.8325972316089261
16390,1.6011950161043247
16391,4.97479193792565
16392,2.1846318212670766
16393,0.25995204565244867
16394,0.5221178754688406
16395,2.4493139581253245
16396,1.8623165324468451
16397,0.8003464364988508
16398,1.598274567889958
16399,0.7227748051070048
16400,1.6698893026274784
16401,0.8962579651152387
16402,0.8556344421619481
16403,2.75749844025099
16404,0.44985337257280816
16405,0.4668130946584897
16406,0.9225451122045261
16407,0.34612203390407575
16408,1.107769905053672
16409,1.6954036025958168
16410,5.41242479270112
16411,0.832589350331228
16412,3.1580819321685287
16413,0.7534529205435564
16414,1.616952312528948
16415,0.3908127743055011
16416,1.2520340443964546
16417,0.5399739983322607
16418,0.35563891620451726
16419,1.4701345290082979
16420,1.1879210011124368
16421,0.385188545489693
16422,3.3957382589035383
16423,2.412103091971008
16424,2.9731408175774714
16425,0.8840725181737933
16426,1.6119306323241904
16427,2.9214011341646176
16428,17.077761455348938
16429,0.4332730766706461
16430,1.0254386705512881
16431,0.14591444323956246
16432,1.2410888702122524
16433,0.33720614724797127
16434,1.7079033603943063
16435,0.9124404886631438
16436,3.61628696717246
16437,0.36888875443459446
16438,0.6583204867528092
16439,0.1986810680639957
16440,0.09686802308472359
16441,1.2048544531995744
16442,1.2819003301358858
16443,0.28899451791853514
16444,0.973723684063966
16445,5.973777258805759
16446,0.16880997357131697
16447,1.198615707600085
16448,0.9003100059569562
16449,0.10733619368931077
16450,1.0417961410508976
16451,0.35712779690475005
16452,9.955016469147902
16453,2.1586927966152816
16454,0.6527400795172597
16455,0.34157538528068787
16456,0.5730291562796923
16457,10.632895343119307
16458,0.08940331459595163
16459,3.1152127232658002
16460,0.42804030904990353
16461,31.517879489626537
16462,2.1590172634410254
16463,1.431533662644296
16464,2.253470617894933
16465,0.22399937476835682
16466,0.29921905049009134
16467,1.4787267266407738
16468,0.6586583407586807
16469,0.27926208660759955
16470,0.25073063255887623
16471,0.6389545395167352
16472,1.8009173014069004
16473,1.9269593430773402
16474,5.112612762198633
16475,0.9586446017301303
16476,0.1293223480928593
16477,2.0011353363008215
16478,2.4128290485812944
16479,0.39428382975227816
16480,0.08006964550017108
16481,0.16589210685325428
16482,5.500782143845213
16483,5.632060650965258
16484,2.035662707509852
16485,1.624589878755626
16486,0.7795146933754403
16487,0.1177360555124734
16488,0.03782221925863971
16489,0.39812672176693076
16490,0.13924594594683926
16491,15.17199177498882
16492,0.15203312775337313
16493,0.24900667171208435
16494,0.8470642037865075
16495,0.652709070410333
16496,0.7729651873311367
16497,1.2188528363372129
16498,1.2113046552007456
16499,1.0282557059603117
16500,0.1938052431239447
16501,0.3938394923596883
16502,0.2865375799264924
16503,0.4864499485599127
16504,0.4239692219615076
16505,0.9941610764395734
16506,1.5050590234643402
16507,0.9304886420633901
16508,0.5774900512070923
16509,0.853057768057695
16510,1.8652323642204383
16511,0.3470010492233487
16512,0.25048459119620875
16513,0.052813446149921374
16514,0.8115100107354265
16515,0.7360304047081229
16516,0.16995707175251107
16517,0.9156650352848862
16518,0.46438453720747597
16519,0.13849065587747905
16520,1.2039097330678235
16521,0.20565274086894905
16522,0.07435712672554669
16523,0.28734984004648645
16524,0.1301554449478153
16525,1.8808541216465544
16526,1.2311313044530794
16527,0.09315951443013656
16528,1.6488525739559619
16529,2.486933561870825
16530,0.3249735059040359
16531,2.591866979918008
16532,0.08751467687358508
16533,0.533736091827366
16534,0.20467071463513795
16535,4.393710360429707
16536,1.596005856148139
16537,1.2524990465739243
16538,43.47328807453333
16539,0.240311461944559
16540,0.1393490196837652
16541,0.41218957771831904
16542,4.393326340649748
16543,0.299194376007204
16544,0.6792648372552841
16545,1.0283489852929049
16546,0.526767825569283
16547,3.704205689629409
16548,2.1438563840648537
16549,1.173586592750908
16550,0.5983160786621159
16551,0.6956612032287803
16552,0.8366253114787633
16553,0.3253711358051367
16554,0.7328462399007629
16555,0.9539853576890613
16556,1.363388162314216
16557,0.17260973019941714
16558,1.265837495354349
16559,0.32379166033883205
16560,0.8898351114775764
16561,0.9107277221807029
16562,1.3961023218680546
16563,0.21580803754298772
16564,3.510873533551836
16565,1.2620285568456062
16566,0.7548635243286669
16567,0.6865759603047638
16568,0.29440772927976966
16569,0.47327053051584395
16570,0.4945494244884315
16571,3.4689546235454496
16572,1.1051002543832829
16573,1.7726658382209644
16574,0.3378745181783878
16575,0.09123039612341137
16576,0.03365117908415921
16577,1.0939613097291536
16578,0.34559758664559964
16579,1.8475878247464863
16580,1.1869632687562528
16581,1.459180831967931
16582,5.418098621920256
16583,0.8004639856781195
16584,0.40217930959062503
16585,0.2399188828770095
16586,0.6535737304727371
16587,2.1155042091887983
16588,0.034125872445300985
16589,1.3888207288655625
16590,0.4804315103575134
16591,1.2548989262072765
16592,0.37364416298309416
16593,0.07631743945152944
16594,0.4512348267940573
16595,0.7072925794763603
16596,0.2254027628003848
16597,0.5334701552141864
16598,0.7108704177396342
16599,0.07389426808002972
16600,2.777452430438838
16601,0.7806405004609955
16602,0.9986355897743714
16603,0.7133930596046083
16604,0.2245770101786576
16605,1.5827173660394545
16606,1.4073886197738528
16607,0.16716220213537458
16608,0.7409562669236569
16609,0.07708785980014941
16610,2.5144077449146636
16611,0.3405748768468435
16612,7.381814903181188
16613,1.3429715812039955
16614,2.0898282190492337
16615,1.7676548186725536
16616,1.7010261969735447
16617,3.6576291267827714
16618,2.248591694613846
16619,0.21150923550371586
16620,0.19958115129591575
16621,0.5450410996522248
16622,2.197391924470997
16623,2.694942843431201
16624,3.0224667406566974
16625,3.9023920189843664
16626,0.1033081439159766
16627,0.7181150126294047
16628,1.3861845231454721
16629,0.5505598160553586
16630,1.0083160106089024
16631,1.5741969260457942
16632,1.8065873595053954
16633,1.5661266869016532
16634,0.16601738991479442
16635,1.1777234679842994
16636,1.5153844566520083
16637,0.44816945685483245
16638,0.15205609363878037
16639,0.4030618375026894
16640,0.5998212451813774
16641,0.10238222480445293
16642,1.403746554042419
16643,3.9776376317294817
16644,0.6026211493828029
16645,3.30359778185373
16646,0.19712474387609344
16647,1.0487387354224147
16648,0.8704810059712689
16649,1.0670066285383073
16650,0.5362279954851911
16651,1.765711917875548
16652,0.7817851557485838
16653,0.2037323292621307
16654,0.20998313390311593
16655,2.2657189562488567
16656,0.3360014003662043
16657,0.8314568943772973
16658,0.6887541094485214
16659,0.4653409067017449
16660,0.32575776787593874
16661,0.328461549167417
16662,0.09078261772894373
16663,1.0893414033601292
16664,3.039077713078027
16665,1.4079529685934107
16666,0.6679513791244069
16667,0.32161917386639655
16668,0.24984542859679032
16669,0.031157552706365756
16670,0.8275215049866499
16671,0.5247605454736958
16672,0.200672022925348
16673,0.41256867928514257
16674,1.0974191284647143
16675,0.42002498168482366
16676,0.06150489899651266
16677,5.996246352292266
16678,0.44375581523559304
16679,0.6627456597260153
16680,2.0968661945153766
16681,3.5222843843940796
16682,0.03996121693756633
16683,1.7090941083614952
16684,0.8220527081435226
16685,0.17593731859808945
16686,0.1664814393152544
16687,0.9734120714442497
16688,2.05634132811107
16689,0.8022380708863213
16690,0.6124491709271198
16691,0.8690205636719732
16692,0.5359077359380565
16693,0.22156091072577772
16694,0.3603337339380146
16695,1.1969806280929152
16696,5.360609482988227
16697,0.24066129881711795
16698,0.8373057814175239
16699,0.7357450550951616
16700,1.3598690695739855
16701,0.11693088211877635
16702,0.25369292794410253
16703,0.5322390793031736
16704,0.7023276912251556
16705,1.4568421077024032
16706,0.9748439227217696
16707,2.3358796207102444
16708,2.442561156591405
16709,0.24213586428308492
16710,1.095376841265869
16711,1.0660353966830887
16712,1.5412140907883303
16713,0.0879519603280252
16714,0.2131964354513809
16715,0.48318195516511064
16716,0.6778113743724082
16717,0.19848282844699666
16718,0.5872070328376444
16719,1.5724157848664717
16720,3.1558837639827333
16721,1.4333440204642736
16722,2.7158066464241655
16723,3.415628798728143
16724,0.40606278874063917
16725,0.1312094948478669
16726,2.193774240817688
16727,0.5007373800535161
16728,0.5392990555640026
16729,0.1821951401603847
16730,1.2046914419644108
16731,1.1042126465505457
16732,0.6837585684872572
16733,0.26551855465291535
16734,0.5641434890433084
16735,0.39327173701852913
16736,1.9122722069422868
16737,0.22832475238058364
16738,3.2804522197885007
16739,2.01987060001889
16740,1.0917301016657046
16741,3.046931067517558
16742,6.211038974065022
16743,0.1257352971049365
16744,1.2452306469173064
16745,0.7780162608731835
16746,0.43921040832655567
16747,0.13339661015014248
16748,1.2259719094731925
16749,2.3056655601477822
16750,0.5717889473930996
16751,0.3057978210902873
16752,4.046108194325302
16753,0.9615211665637089
16754,0.38009731218008735
16755,14.053587368402304
16756,0.5052328590363552
16757,0.9011691044173399
16758,1.237622408972736
16759,0.3076894053459991
16760,1.9135423090972348
16761,0.5938137463769364
16762,0.8101641377266154
16763,0.7256685081780668
16764,0.19400445615761513
16765,1.8753678166881735
16766,0.3493071243560037
16767,0.4711501795549831
16768,0.9137823420046898
16769,1.9261617018226094
16770,4.798243159567215
16771,6.4561782228692755
16772,0.34775142446305307
16773,0.8432913834903975
16774,0.6415001505570151
16775,0.30613845565779296
16776,3.629894704779675
16777,3.0743657675479232
16778,0.9880392467343011
16779,5.156994542946677
16780,0.2915787764879032
16781,0.7765905640457647
16782,0.4046068649813872
16783,0.7719226087734672
16784,2.1609209137509815
16785,1.3458186855203276
16786,2.365811988963487
16787,0.24712963094464177
16788,0.32928654987778644
16789,0.9962605576104835
16790,0.5636106665007843
16791,0.24872719394942422
16792,2.490388198189655
16793,0.2743738028541794
16794,1.0707264979648234
16795,1.0749496924402016
16796,0.16334472332336725
16797,4.483945774005989
16798,0.5302455083474794
16799,0.2748287030151009
16800,0.32141205551326313
16801,5.560221301431645
16802,0.7549770795696867
16803,4.168269578042004
16804,2.121160973487126
16805,1.7089749230963256
16806,1.7619422193935095
16807,1.3402818304816693
16808,0.16658772881481576
16809,3.182332528549569
16810,0.616958750710747
16811,1.5557833486268593
16812,0.2635420931379699
16813,0.11852307877884646
16814,0.5032707039448608
16815,2.2383509566495143
16816,0.07859506678154467
16817,0.145047429612525
16818,0.3787229696115155
16819,0.7686734585295266
16820,5.170329579977951
16821,0.8828970279780533
16822,1.126575110891816
16823,0.7746647683232908
16824,1.4738847634991015
16825,0.0956430331553856
16826,0.6989920520535843
16827,0.1423523559804568
16828,0.09912038863966306
16829,0.5641847964742789
16830,0.8509547158069634
16831,2.449388950772567
16832,1.406297693900492
16833,4.355092694089243
16834,0.07885851870073221
16835,0.3450452047703351
16836,0.13828571890060143
16837,1.490191489097852
16838,1.202584645275951
16839,0.05597304686576041
16840,1.580702473100291
16841,5.640130335557828
16842,0.4415068615052431
16843,1.788984573123927
16844,0.6117531504778837
16845,0.19735395319077995
16846,1.2393972024788766
16847,26.04308448052821
16848,1.4039512804816487
16849,0.3209352027632439
16850,0.8058221609449122
16851,3.2103484623262224
16852,0.12172684900138615
16853,1.5736238385921242
16854,0.11616106983772337
16855,0.579342483857222
16856,0.8148278490145063
16857,0.3759248930717824
16858,0.5898264326846762
16859,2.14346289993648
16860,0.4068524819352867
16861,1.0920728989042918
16862,0.3750618324539058
16863,1.0700850202722008
16864,0.6338627002481504
16865,0.4655847058302666
16866,1.9777123894454482
16867,0.7636011178630794
16868,2.3120613145286115
16869,0.19868576897663517
16870,1.7349095720670746
16871,1.8905894734265565
16872,0.9246697317370782
16873,0.922906065537023
16874,2.407685718962834
16875,0.9690675651629003
16876,0.9340147554656343
16877,0.15348999628961546
16878,3.577043156905042
16879,1.2483515294181742
16880,1.7883734254085417
16881,0.12931567257777193
16882,0.4815698890251747
16883,1.080416048383864
16884,0.5487178991366085
16885,2.2382653830781023
16886,0.4576750623916154
16887,0.12447808894435594
16888,1.9948877945593775
16889,1.4262276256092712
16890,0.22265997230781268
16891,2.4208548607010227
16892,0.9348853427506705
16893,2.194686922028528
16894,0.326382934111759
16895,1.1023041348211335
16896,1.1515657559084498
16897,4.899865100314052
16898,1.9025327221792192
16899,0.5022923843513568
16900,0.826329800238215
16901,1.3529322650135016
16902,1.696703088621393
16903,2.2462243788868848
16904,3.2771672162821095
16905,0.24692221777142748
16906,8.267775991354048
16907,1.4220156181638233
16908,1.2834591446398795
16909,0.6111726344062443
16910,1.8013202041277692
16911,0.22387086283403246
16912,0.3260675065522459
16913,0.10219110872729746
16914,1.7753512501119717
16915,0.40321372212818235
16916,0.9745366656900746
16917,0.6764848427833017
16918,2.1996685992300953
16919,0.37197842810862436
16920,0.314117958707901
16921,0.3234096745112832
16922,0.7569746145702984
16923,0.6847599036543266
16924,0.24300171954931063
16925,0.9004538613954733
16926,0.4678908260298154
16927,1.2956732770286978
16928,0.2888112657108753
16929,0.8135603966059459
16930,1.1912927823325827
16931,12.115755445957051
16932,2.39500918564197
16933,1.6151306537142398
16934,1.085085305721599
16935,1.5348220605471183
16936,0.08773732361107175
16937,0.4586990241853758
16938,1.4140198364875578
16939,1.307579460853192
16940,0.9452617871333967
16941,0.6945508064339327
16942,0.9397885709790744
16943,1.2223225306402679
16944,1.7336902025135124
16945,0.1831945206199963
16946,0.3462901429652624
16947,0.6180037638712241
16948,0.40095075553492643
16949,1.8774027580355304
16950,1.9264590316980297
16951,0.43691925670387594
16952,1.2844385035031458
16953,0.8145256793209887
16954,0.7997743705445233
16955,0.11747401289405451
16956,2.703143530952806
16957,41.88978487589522
16958,3.114529508102846
16959,0.3317671018015964
16960,1.08976320844926
16961,0.593894694253718
16962,1.8232344390465873
16963,1.1228168414722781
16964,0.1707405110164872
16965,0.3903663334995729
16966,2.2571640577627203
16967,4.204673578449578
16968,1.5007163305174906
16969,0.3840228951802181
16970,0.27603656051637343
16971,0.40749869816207895
16972,2.5524830317518603
16973,0.5012136301055506
16974,0.04868077539069324
16975,0.7489421830207397
16976,1.4211313847895528
16977,0.19540121766127985
16978,0.11005851522508787
16979,1.0989031351154355
16980,0.2884121028161311
16981,0.9705532536801156
16982,2.9085668229995147
16983,0.5928245165462518
16984,0.2825186975104127
16985,0.42239331637124633
16986,4.1317324720463935
16987,0.33122164896714024
16988,0.12236485245448891
16989,0.7121988557514769
16990,0.26746659962958674
16991,0.3020409505259185
16992,0.26488538333760503
16993,1.27907674808602
16994,6.989015580314276
16995,0.4574284741928242
16996,0.34353517269069583
16997,2.23931028697689
16998,1.2642575907708893
16999,0.2661962251841219
17000,0.32580539151755894
17001,0.43868263924663803
17002,1.4253337173521232
17003,0.7742402118340458
17004,2.1450817983077717
17005,0.2669453733758318
17006,1.5506397523486497
17007,3.4740774178350615
17008,1.3886025349734432
17009,1.9185931748557095
17010,0.20821361801882501
17011,0.14394033607842435
17012,0.4711051486121233
17013,1.123288606142941
17014,2.462485256178044
17015,0.15446028600927977
17016,1.7592192215265938
17017,0.9864763455026081
17018,0.15914683341545555
17019,0.39808500400054975
17020,1.1104917020510512
17021,0.11695178751559798
17022,0.8269634868517967
17023,0.7343327618328575
17024,1.0800185526826807
17025,0.8119543212902792
17026,0.5700544921080697
17027,2.05043391607021
17028,0.10400265192098837
17029,0.9706437839521185
17030,1.0552310160287028
17031,0.4460136439161057
17032,0.3453363398879562
17033,0.5238569709626201
17034,0.19212932995931567
17035,0.7211179677881852
17036,1.1921978885281175
17037,4.029554632258148
17038,0.20938543980544272
17039,0.35225543796408715
17040,0.22569441601904316
17041,0.4974067995098442
17042,1.0674119742994677
17043,0.19758519792576587
17044,0.0824529522376244
17045,3.6042582931331446
17046,0.0851877197401061
17047,1.1166859490468162
17048,1.7158456455280156
17049,1.5130050783430662
17050,0.6213187869812713
17051,3.1578789564519396
17052,0.20557074991580634
17053,1.7190144343973115
17054,0.7697825273714831
17055,3.2825116334822724
17056,0.8442695153051711
17057,2.495617009422296
17058,0.4434187661911699
17059,2.176418561556536
17060,3.248160136398933
17061,1.8731751286297593
17062,0.2459238457691114
17063,8.243075640359205
17064,1.912122912991498
17065,0.584803793263017
17066,0.9389129048147146
17067,1.2749515960168065
17068,1.5803797622975961
17069,0.4086182706579783
17070,0.05884331387612768
17071,0.1391109092938653
17072,0.06551560166402606
17073,1.0261364317426642
17074,0.47149167216007015
17075,2.025405261629011
17076,4.013304491437203
17077,0.9992516336494124
17078,1.6991627942035548
17079,0.4991377145677705
17080,0.17085796324888006
17081,0.44788445453566716
17082,0.8158775437814991
17083,0.13369557605710883
17084,0.4612762763904423
17085,0.5528139770928905
17086,34.13426616978952
17087,4.882812851328768
17088,0.6101872509669568
17089,0.6146492017950222
17090,1.2045811831829814
17091,0.8900226302541769
17092,0.3278078217418048
17093,0.17053311562939977
17094,5.813611211600518
17095,0.6244356832434947
17096,0.9486094010658611
17097,4.110643351563057
17098,0.09874964876667798
17099,3.5298080540263994
17100,0.5954356268224023
17101,1.987599448992766
17102,1.1735343624621044
17103,1.414139725443072
17104,0.8002216011319301
17105,0.36714212790241074
17106,0.9938939678524669
17107,4.563005766228349
17108,0.5483036310394942
17109,0.12181176950099165
17110,0.32140020827737414
17111,0.665032399958794
17112,0.25306813845783716
17113,0.14095817042950282
17114,1.6268148023529485
17115,0.515636573739543
17116,2.1825473181849024
17117,0.05209753130154445
17118,0.3540863725980339
17119,0.6364451797964625
17120,0.4990330557555004
17121,0.7894887851605481
17122,1.866164494547122
17123,3.581245872811336
17124,1.6782989618110928
17125,1.4428068746446616
17126,0.06131692557524071
17127,0.12288383353915673
17128,0.7161781931089899
17129,1.9917480797826341
17130,4.718267344489839
17131,1.5067916486487158
17132,1.6315082989624243
17133,1.0724909961330764
17134,0.601597976233481
17135,0.8591697986749983
17136,0.5974158025149956
17137,0.3496337476109001
17138,2.724708816466664
17139,0.6563882308519056
17140,0.282143165948451
17141,0.03936874089943853
17142,0.21117550385487094
17143,18.8078483807097
17144,0.05940545289054581
17145,0.2819060788017137
17146,0.3351731798897508
17147,0.3028916830908408
17148,0.7283713732022742
17149,0.1953547895449045
17150,1.12003936037092
17151,0.47852268622997995
17152,0.8249201635805775
17153,0.32281002073744214
17154,1.383292827362538
17155,4.7909335471163805
17156,0.13024449602725058
17157,1.1240195289031378
17158,0.8799474929862863
17159,1.413797227412731
17160,0.21400980295934902
17161,1.5836807822895291
17162,0.5815792163369919
17163,0.4261244660519371
17164,0.16499523608084432
17165,0.2197471473261618
17166,1.8835081311914215
17167,1.1057489875353836
17168,3.8239301350944537
17169,1.557633133908678
17170,1.218152938394944
17171,0.37900149610696576
17172,1.2907878931569252
17173,0.18633118140932764
17174,1.1125393641256247
17175,0.09635805011327102
17176,1.352798589172986
17177,0.34998710534141264
17178,1.6354361199185157
17179,0.9481147155483924
17180,3.222432481008823
17181,1.9778918902315892
17182,0.034271291588347054
17183,2.320593709475366
17184,0.5210206648784352
17185,6.291152996419822
17186,0.13750405277450178
17187,0.9424472538920554
17188,0.5746753136574745
17189,0.3199983624086002
17190,1.3615799696181192
17191,0.12854574561267915
17192,0.5489588352665705
17193,1.5317917756356052
17194,0.41427942323454064
17195,1.19965557295353
17196,1.2445366180467097
17197,0.5360259643391524
17198,1.4607298253846195
17199,0.5423353350749377
17200,0.6824170232004642
17201,0.5917627338488375
17202,0.16469696867897402
17203,0.8451436976436018
17204,3.035752800614267
17205,0.11543205365229556
17206,1.3309731079932228
17207,0.46774716085434037
17208,0.7096159358388427
17209,0.26480304498865503
17210,1.0165469986992095
17211,0.05737504482670083
17212,0.1842915537373924
17213,0.13106285856391695
17214,1.4603044823068791
17215,0.17981036027343167
17216,0.525287757456007
17217,0.44570644691638595
17218,0.13808625731382135
17219,0.1748793431140313
17220,1.7397777024522774
17221,3.2836603853529174
17222,0.6809271303242372
17223,0.7283672029936845
17224,0.5567277643690169
17225,0.2030090544374331
17226,0.17619644997090975
17227,0.9892394174907723
17228,1.0718241042444574
17229,2.5453041146205595
17230,0.19786123656733234
17231,1.0689689520823396
17232,0.16985932230329406
17233,0.03690858134398833
17234,2.1134197331449807
17235,0.31398468421111847
17236,0.11245091634706933
17237,0.4976215896122544
17238,1.085770259902142
17239,2.2995033669136715
17240,2.1282445323429746
17241,0.21413026632843485
17242,0.5745619274073633
17243,1.516241887518564
17244,1.9426422643770893
17245,0.8714006667388785
17246,1.018916503432686
17247,0.2164718084203329
17248,0.19090390036471838
17249,1.0752198929449517
17250,0.4578642540120825
17251,4.621663933101991
17252,7.482567697113191
17253,0.3113152104165571
17254,3.277492800426044
17255,1.068574130730341
17256,0.63299394730323
17257,1.5586238066503455
17258,0.6872079335027481
17259,0.2701973977329388
17260,0.4617279575291002
17261,1.5809731923345216
17262,0.3775685643784053
17263,1.3827613984023477
17264,0.5299342702249964
17265,0.16278826734896815
17266,0.11940778022875559
17267,0.45793006890728266
17268,5.068447254740262
17269,2.202243803510384
17270,1.0267850471506061
17271,0.22794979449814656
17272,2.6553328515199257
17273,0.09475808188299135
17274,3.8268997395874313
17275,1.4211087345365883
17276,2.2971701054921483
17277,2.7727120897949864
17278,1.3132168848784826
17279,0.44267964610217675
17280,0.1498354738177522
17281,3.892048205122622
17282,0.6619270726918962
17283,0.22133599240445762
17284,9.37687717056818
17285,0.5038441057226763
17286,0.45514618696352893
17287,0.18641106708228555
17288,0.8787007723045365
17289,12.319269985616971
17290,0.1026500794533967
17291,0.5753169258206059
17292,1.0486422518822154
17293,0.49367033813934585
17294,0.04172860578467019
17295,0.15330155459776915
17296,0.789307586399725
17297,0.6108688541737065
17298,0.9839911869222848
17299,0.08934501608538319
17300,0.7057976426720629
17301,0.7507765480019066
17302,2.257835963857025
17303,3.3986075890232454
17304,0.5396254182857171
17305,1.5030463627528494
17306,1.9716891518229087
17307,0.1562561447116665
17308,0.6255224143829351
17309,0.19696962548169628
17310,0.11897698689710581
17311,3.5442048584269346
17312,2.486888189552905
17313,2.088567796913515
17314,0.33792563329784686
17315,2.139999273460892
17316,0.27225588347580265
17317,0.6831238449258715
17318,9.500794147842724
17319,0.030455430437636953
17320,0.5335774797276741
17321,0.1760767368132054
17322,0.2628428041600424
17323,0.07476977079804561
17324,1.2336728964092323
17325,2.13049729546612
17326,0.8572760513440796
17327,0.7894692169347763
17328,0.31956712022540984
17329,0.552175234355813
17330,0.20151037497267918
17331,0.08074126974662342
17332,0.6342177814238465
17333,0.5819612466294111
17334,0.1519672739452127
17335,0.5715039591676009
17336,0.5704665077768801
17337,0.3354335619362877
17338,0.15676008701236654
17339,0.18703296307538433
17340,0.7427555712865658
17341,0.35126927199104346
17342,1.1519197782442328
17343,1.4732783476368583
17344,0.698965679953076
17345,0.09060935513423214
17346,1.0124668638870056
17347,0.7519754483115929
17348,1.6176208999513781
17349,0.24643465672211187
17350,1.334258269935564
17351,0.9714321460595965
17352,0.7826783045289242
17353,7.880088656715425
17354,1.2808707284771017
17355,0.4278084229803256
17356,2.76912504770438
17357,1.7389026457893906
17358,0.3908984494968387
17359,1.0901527378881424
17360,0.795457760710964
17361,0.26405356509156724
17362,1.4950814459990793
17363,0.3465056267696569
17364,1.185041462870865
17365,0.16111067998014472
17366,0.6629633557493887
17367,0.5609384159190733
17368,0.9713970496654166
17369,0.23568981427039737
17370,0.06985925777621449
17371,2.449200449504984
17372,1.5565408922828838
17373,0.35365143779007163
17374,286.47921992233034
17375,247.48810589726656
17376,267.89490045429733
17377,0.3833243134451889
17378,0.8798085754578856
17379,0.7987600943676672
17380,1.0900726055616752
17381,0.38924061727313064
17382,3.992796452899555
17383,0.5141320040154224
17384,0.22772970815412463
17385,0.354699009464905
17386,0.08365077102241532
17387,2.6137621501136366
17388,3.068206499342353
17389,1.866176787931497
17390,0.20438954973493598
17391,1.122843570845993
17392,0.7927580436034161
17393,0.7853044581188701
17394,0.43065092463175897
17395,1.2593378187982134
17396,1.2794616747282654
17397,0.4973291169525341
17398,0.2947532117223546
17399,2.7437812350809176
17400,0.5497847065802198
17401,0.784069159458588
17402,0.509796840895157
17403,0.39757571794460317
17404,2.121157206763201
17405,1.03966577321041
17406,1.9360850989537255
17407,0.7102028378544964
17408,1.2533154171310423
17409,0.17981049299862106
17410,0.5138032425359074
17411,0.6582383456463231
17412,0.6494390559372794
17413,0.7661890923997287
17414,0.3185854334403772
17415,6.1083223915641165
17416,5.261802770220054
17417,0.37441006667060245
17418,1.9245413561167424
17419,0.5913937838841763
17420,0.431214864350412
17421,0.9887752428760381
17422,0.5247427967507277
17423,0.8127859226404486
17424,0.7952958496913319
17425,0.303556041617571
17426,1.358632659991078
17427,0.12948350151137245
17428,0.09070267305527771
17429,0.2815922604192105
17430,0.4406702150839851
17431,1.6215247522155731
17432,0.07882293301126639
17433,0.2283074554944226
17434,0.30247011197727885
17435,1.2449107954533218
17436,0.42343220575681434
17437,7.535550085169029
17438,2.5765368178998354
17439,1.354360352263658
17440,65.3208787179482
17441,1.5588534978258004
17442,0.5292230474007076
17443,0.8474034313579996
17444,0.35531685463125734
17445,0.767944339207492
17446,1.4407768060117117
17447,0.2690392577016859
17448,0.14679980355194372
17449,1.6076748432096402
17450,0.3600929803980641
17451,0.1206703281971415
17452,0.6876439501709843
17453,0.434521515818102
17454,0.09371042736299949
17455,0.45653725760790353
17456,0.8707251941278829
17457,0.7599412507162709
17458,1.1475652295338352
17459,0.2469103832195114
17460,1.8169292718323269
17461,2.9478298107346266
17462,0.3007426365222356
17463,1.5362004215777911
17464,0.90579305026247
17465,0.28442696319201816
17466,0.28198768547777037
17467,0.5867750703601119
17468,3.8927109757006098
17469,0.24847056407255133
17470,0.4031926248610764
17471,0.17118003070193372
17472,0.1191740052984196
17473,0.6194154871406166
17474,0.2978956625694531
17475,1.2081003471489193
17476,0.31124982474901897
17477,0.36241678426081714
17478,1.5754724895402459
17479,1.3062021913586541
17480,0.564502946360842
17481,0.8038506333605429
17482,0.3460070738582691
17483,3.060270249593895
17484,1.4864397500969622
17485,0.6307498448688013
17486,0.6377992495301665
17487,0.8727242540910995
17488,0.4886455541823147
17489,0.15749647864729055
17490,0.6060942636802681
17491,0.22213243343506056
17492,0.12308056682643113
17493,0.2925850115411757
17494,3.684366327359128
17495,0.13940087754072156
17496,4.575306748822122
17497,0.16348401587020314
17498,3.0101999684337803
17499,0.24347776657533235
17500,2.7913751793706885
17501,1.0228496344407143
17502,0.46609057470756005
17503,0.07737346095484467
17504,0.654293797418616
17505,0.36457488004895094
17506,3.375344976007589
17507,1.4369503349011206
17508,0.4112222797750506
17509,0.3083977897085262
17510,0.8697213820312305
17511,1.8753611127666212
17512,2.4782366990327986
17513,1.3712082895879114
17514,0.13340180031677393
17515,2.2862360846813843
17516,0.3000672757907866
17517,4.40176462326526
17518,0.16011193738898197
17519,0.1056154579292741
17520,1.2672689149097516
17521,3.065048917554904
17522,0.24057293207083238
17523,58.48043179983307
17524,0.18154018088956078
17525,0.19001956288052466
17526,0.42436606804146093
17527,0.9589956849034358
17528,1.3512212403373096
17529,0.6742138244459136
17530,0.13678431663253998
17531,1.127807325773717
17532,0.20930188245062184
17533,0.26188905108872534
17534,0.7311960096876703
17535,2.972545600870278
17536,3.0730563805019706
17537,1.145460537506647
17538,1.309359922328445
17539,0.2890489223043913
17540,1.4909255417561502
17541,3.0256865973003384
17542,0.3846038124541146
17543,1.3303175110254677
17544,0.09267356076591533
17545,1.5413607987937246
17546,0.20699894854831616
17547,0.30446993178722104
17548,4.687868785157034
17549,0.9259564952371433
17550,0.3934354337318907
17551,0.35054394420346696
17552,0.24164259661686927
17553,0.4248847205733045
17554,0.6109286087529437
17555,1.0023620703331129
17556,1.4842196875713773
17557,0.6070864240446412
17558,1.9954528758675716
17559,2.1948265384577663
17560,0.08783966838792419
17561,2.875111655653904
17562,0.7998935704105727
17563,0.7328718704046963
17564,1.3860287488385672
17565,0.33335772089786325
17566,0.42884465156262064
17567,0.12209899991135247
17568,0.5722521942924381
17569,1.3599626628096362
17570,0.9434986764481419
17571,1.0228920287280712
17572,0.41863674963645925
17573,0.08285537157460393
17574,0.23664370047077865
17575,0.829207757494209
17576,0.23756418463070797
17577,0.8911499642791391
17578,2.0665373773312856
17579,2.308494731360177
17580,1.6367020308873792
17581,0.5414698981463875
17582,0.21386780523557813
17583,0.2145190831691686
17584,0.2777571230755487
17585,0.956874979660636
17586,0.01580221802082775
17587,1.004329255587428
17588,0.3899872101430027
17589,2.503912633342147
17590,1.4060446348795055
17591,0.2868182871606423
17592,0.5740230486116639
17593,0.41327709380402006
17594,6.41250982207334
17595,0.5919746537632007
17596,0.9486223095058866
17597,0.9290834615974528
17598,230.3720396590652
17599,9.193721027749406
17600,0.5427739005449875
17601,1.052521563829826
17602,0.03681523712759811
17603,1.693641742200763
17604,1.2032474760062204
17605,3.6796298633258244
17606,0.43096512637280215
17607,0.32502428720167886
17608,4.344872080562003
17609,2.0631011586339127
17610,0.9596662197968924
17611,1.5049754320639666
17612,0.41960343796996835
17613,1.906751943661802
17614,1.1199556844426073
17615,0.0701919756629563
17616,0.3847894547806428
17617,1.0733762154924047
17618,1.4461909211280937
17619,0.61309755883236
17620,1.018179029808777
17621,0.10767438390299505
17622,1.1530706678128813
17623,0.5104564724781957
17624,0.8045462257096256
17625,0.26839758914122525
17626,0.25920621997570437
17627,0.24907198119928853
17628,0.5890653466508577
17629,1.239155183218053
17630,0.08642352332342791
17631,0.6802893124101188
17632,0.6660584071430401
17633,2.8072584517204118
17634,5.148772277236754
17635,0.40336989509176685
17636,0.48849620727959375
17637,0.9935313494922955
17638,2.5589281871228526
17639,0.3002726224426886
17640,4.085889468815821
17641,2.41917956663247
17642,1.7059942240144206
17643,0.14580842982562256
17644,0.2517669946838817
17645,1.1118460927543012
17646,0.45522552969554864
17647,0.5864462034177089
17648,1.293627906547175
17649,1.3107099163033078
17650,0.4626916237476393
17651,0.2679481646002014
17652,2.0413679557693434
17653,0.8322371890920286
17654,0.5407369814885552
17655,0.41622395816402236
17656,1.5766214570229953
17657,0.26123887230847626
17658,1.052999263090753
17659,2.4547084188527823
17660,0.1863620817665316
17661,0.8563061604648766
17662,1.1084155181417537
17663,2.2946457674757568
17664,2.9494625529011858
17665,0.47313481378654443
17666,1.4738999841728084
17667,0.8819361447525751
17668,0.33420191966189383
17669,0.2882585838806754
17670,0.2977894311626107
17671,7.541322268443738
17672,1.1141472514744506
17673,0.05659677164112613
17674,0.7993517452509596
17675,0.15039453792537663
17676,1.2879593730581893
17677,1.9099612719162178
17678,0.501564038682597
17679,0.2342706230548166
17680,0.13868659107557685
17681,0.7483022741357939
17682,0.1265010072050819
17683,1.172477847709718
17684,0.3182293250498714
17685,1.9606080742255099
17686,0.27259718216434714
17687,0.14258353867051726
17688,1.2335686924592375
17689,2.467623039875281
17690,0.764675979855064
17691,0.265073895168767
17692,5.9570460495618045
17693,0.2864610548564185
17694,0.07178065519609492
17695,0.07895577340418196
17696,0.32858144452813287
17697,0.5676787939961546
17698,0.16842352135006622
17699,0.46187798124779333
17700,0.4464330531167132
17701,1.925896448904437
17702,3.751636214378931
17703,0.3434407946004353
17704,0.9322604550874649
17705,0.797245142136335
17706,0.663200075918768
17707,0.31676956310066523
17708,0.5124794741494582
17709,1.8127927415556473
17710,1.1995696093315136
17711,1.454036447152428
17712,1.9532420626828602
17713,2.1671195962345884
17714,0.34546733939448715
17715,0.10767283646504953
17716,0.14472666599994655
17717,0.8615971232856827
17718,0.38598561864589687
17719,2.665788476649643
17720,0.29402658677450666
17721,0.2182576068989736
17722,0.9243232558069567
17723,0.922539289227146
17724,0.9763354485971742
17725,4.165861002834532
17726,0.38853630754331514
17727,3.318004574299443
17728,3.201072370882995
17729,0.9290512370713795
17730,0.1348752922086725
17731,1.0233035721713597
17732,2.6480084988387738
17733,0.2926159234501889
17734,1.2884504764578415
17735,1.3822459545436974
17736,0.37510628027307663
17737,4.151406623989311
17738,0.565154226615201
17739,1.178707131363372
17740,0.4956454790974461
17741,1.3526123389808946
17742,1.4027933685750396
17743,1.1362821120694722
17744,0.11149932262853718
17745,0.4191510856712275
17746,0.618095122269004
17747,0.9316901323412539
17748,0.3494861534490209
17749,1.8141226150997816
17750,0.2845194950096337
17751,0.46064082784451293
17752,2.2425940977418666
17753,2.302270651552884
17754,0.50065760837641
17755,0.5965942209301762
17756,20.366966832882742
17757,0.23536781184136157
17758,0.43034943002876946
17759,1.4431667577688378
17760,1.1795781780221415
17761,0.47019550241539954
17762,2.450398432930235
17763,0.1727139956088942
17764,0.3263564178577994
17765,0.424832480895316
17766,0.2988289242946677
17767,0.455834488146028
17768,0.4317443104025986
17769,2.3252766350567136
17770,4.4033563358212096
17771,0.2583643924197323
17772,0.841202292038493
17773,2.3678845929628425
17774,3.15765671428481
17775,1.6810906058131827
17776,0.21866344756785383
17777,0.31417144260975444
17778,0.43418696754306385
17779,0.37778335410578917
17780,9.129725357442732
17781,1.672996517795602
17782,2.5586338537344644
17783,0.49970674046651964
17784,1.136492750224198
17785,0.8385319243914331
17786,0.18885882209713875
17787,0.09146263948018062
17788,0.20922487087376873
17789,0.13469328338249315
17790,0.09634909851320375
17791,0.5687770527531057
17792,2.978843845035595
17793,0.5077189256189705
17794,1.1600016818485144
17795,1.3051337316713498
17796,2.3896786507088663
17797,0.24955731960093072
17798,1.2017161497567475
17799,5.39540666349667
17800,2.1503994069657533
17801,0.15964871011130763
17802,1.5649488481255291
17803,2.2413037163795466
17804,0.11762439599676285
17805,2.762134350782639
17806,0.03811502148883412
17807,1.2843825547307348
17808,0.40544330180268723
17809,1.6011453886406644
17810,1.1922644552282773
17811,2.137570925721633
17812,1.3468230852120022
17813,1.2398100177099447
17814,1.4003451887796696
17815,0.2189481196366933
17816,0.4585038529241058
17817,3.234173858871114
17818,1.011394952610646
17819,0.3043232092865921
17820,0.29547439394951447
17821,0.6387785774775511
17822,1.044113007048721
17823,11.637165769886774
17824,1.6440282996512292
17825,2.4957845065781012
17826,0.21156931926380457
17827,0.8462409700784951
17828,0.9884898270107829
17829,0.3824990342475915
17830,3.0571647443534467
17831,1.1289801433588138
17832,6.114282271883099
17833,1.3774987233680664
17834,2.288218519985921
17835,0.0778306955503702
17836,8.229654141074413
17837,1.7139341444515366
17838,1.1083266092031419
17839,0.19984667656143035
17840,0.8051402634310864
17841,0.6545384223045678
17842,1.8209842951153918
17843,2.9624208795849274
17844,0.2695258374889165
17845,0.1468545562509431
17846,0.10537314113998321
17847,3.5626493134960944
17848,0.8685327624742054
17849,0.8327335471436312
17850,0.25001783932968036
17851,0.14379127738962488
17852,0.2779279244516918
17853,0.0531496224165503
17854,1.8156998651955538
17855,0.5479890064751214
17856,1.7912517452551149
17857,0.28556968595364124
17858,2.9388280071306907
17859,0.21162842129131634
17860,1.8367834964879273
17861,0.05439881543256936
17862,0.22408364590151533
17863,0.8097021307930885
17864,2.251074638163437
17865,2.901043933415832
17866,0.7175804166299469
17867,0.7507837720553865
17868,1.139039325200488
17869,0.9251413673701606
17870,1.335716781356599
17871,1.165924524432297
17872,3.257876746890814
17873,0.18571656065297554
17874,0.8912478230573359
17875,0.1251340632527736
17876,1.5139486688736197
17877,1.521021815581542
17878,3.606500582068935
17879,1.1445780358100994
17880,0.18838150171456844
17881,0.4169729840366206
17882,0.30823284292591224
17883,0.13430164342282663
17884,0.4041126077962489
17885,0.37116913591318046
17886,0.30255721188531914
17887,0.25193874965119595
17888,0.3974702657103394
17889,0.49717446212490146
17890,1.1022130289007397
17891,0.5717571451135857
17892,0.5941125959992647
17893,2.330986365640325
17894,3.2474782348702607
17895,2.0154251353604917
17896,0.5282540098763312
17897,7.558883574600354
17898,0.11667719028905445
17899,0.9565059224721192
17900,0.12792632832822257
17901,0.9997073050118574
17902,0.8387093317667029
17903,0.727674394496315
17904,0.16786846351065243
17905,0.06962110054183744
17906,0.159583329916637
17907,1.1290943231326396
17908,0.11276187083005677
17909,2.6692916224782737
17910,0.5990533203046061
17911,0.5907595015257603
17912,0.20889571770851015
17913,18.44019797344042
17914,0.06996210734222853
17915,2.051522018253166
17916,0.17105855953064442
17917,5.785802496979964
17918,4.561428077830939
17919,0.3436273778116523
17920,0.07643393504675508
17921,0.5343309607196098
17922,1.4746963653468095
17923,0.6244483653358275
17924,0.14694385860720288
17925,0.4251078274089037
17926,3.064416608898112
17927,0.315867906101646
17928,3.32628866426901
17929,0.8636723064367628
17930,0.15516294804410255
17931,6.612716499557671
17932,0.5656087711654004
17933,4.206003371268256
17934,0.748255342630687
17935,0.2494570492225215
17936,1.8920633535043874
17937,5.419683770935758
17938,11.53877586648013
17939,1.8502006296901523
17940,0.2255331642787891
17941,1.8250680593774213
17942,0.3723547131061784
17943,0.257325272608953
17944,0.15205371575383198
17945,0.8085819580881797
17946,1.60719776469712
17947,2.037226296990379
17948,0.9697118413361766
17949,0.8714788462626124
17950,0.6942095362370071
17951,0.6418375600775968
17952,1.8746548102475558
17953,1.9836237500559613
17954,0.5876673313641826
17955,1.0303882279721321
17956,1.3339804762646035
17957,0.01726676208496503
17958,2.809534502364133
17959,1.8575132927214422
17960,2.8683774595469136
17961,1.371597771988178
17962,0.3181840595204038
17963,1.8948866683851053
17964,0.31387544050262456
17965,0.8431468002596301
17966,0.8004134861366227
17967,0.8685747140816925
17968,0.39008404299787564
17969,0.47359661515475854
17970,1.2350342020926575
17971,0.5152983894603814
17972,0.39782431822867254
17973,0.5298585863585925
17974,0.19228589829144235
17975,0.9512234406588399
17976,0.47054639449212377
17977,5.317696520157726
17978,0.20429157106936222
17979,0.47379687458058795
17980,1.3773584501818588
17981,1.4471876259467331
17982,4.094301033972434
17983,0.7357164464391155
17984,3.738399832237308
17985,3.2249127673543345
17986,3.5348812951692463
17987,2.1547810187591376
17988,0.43040432497404507
17989,2.072587939644834
17990,0.3041511139361748
17991,1.6337474489288466
17992,1.0991430653662098
17993,0.1939158907268547
17994,3.698107994891796
17995,0.20470919431963847
17996,0.39562914742915867
17997,0.1724954668877884
17998,0.16321744342380812
17999,0.5161391780651599
18000,0.6933134243514817
18001,5.41232555702049
18002,0.6447000834179402
18003,3.470184852558715
18004,1.0185487637199324
18005,1.6941963016723391
18006,0.8346752468797527
18007,1.1726598481555721
18008,2.9210685912284835
18009,2.5434099934287127
18010,1.5448098277932694
18011,0.540791711576829
18012,0.8115819273705693
18013,0.6403389367517118
18014,0.2234411537323089
18015,1.0858367736140735
18016,0.23426163019618187
18017,0.37997108377404704
18018,0.3276356713740215
18019,0.23227082777590605
18020,0.09332896568967179
18021,0.7612327409156904
18022,1.4293415462310144
18023,0.3565166903664644
18024,3.2881164306736084
18025,6.80892192231188
18026,2.8814460289335955
18027,0.14292168475723827
18028,3.091195521948873
18029,0.7282124178018702
18030,0.3672450613653342
18031,0.47163304788653854
18032,0.5301765483706816
18033,3.4418899302091317
18034,0.42819201481833324
18035,0.9840034726121132
18036,0.21219890380746498
18037,0.04242048133798547
18038,0.31090974569196794
18039,1.6398112114341352
18040,1.5805065437719892
18041,0.10598680374117722
18042,0.05647280423861089
18043,6.176358783879134
18044,1.4155293400374687
18045,0.9432310777356087
18046,2.343988697567431
18047,0.7386186690852229
18048,1.5454341957032312
18049,1.6612581049414028
18050,0.33081244295201717
18051,0.5469071747877516
18052,1.2382253618463575
18053,0.919298171151312
18054,1.0290631925436602
18055,1.0586003495130312
18056,0.14693984020004514
18057,0.7353279100120439
18058,2.131519519179617
18059,0.4288533853379474
18060,0.1761626830324294
18061,1.3243200104479271
18062,3.4398265707610154
18063,0.8618854727780892
18064,0.4167801264109055
18065,0.764806644576148
18066,0.12801962047510773
18067,3.116466911271142
18068,0.21686083666588385
18069,1.1623643240833834
18070,1.009852464756225
18071,2.764092242012953
18072,0.12624319220838606
18073,0.20153380835077472
18074,0.7212050691699009
18075,0.6829998720380229
18076,0.12265127260694275
18077,0.23247519210777684
18078,1.555560527142323
18079,1.0079940853909304
18080,0.41065228323972724
18081,2.9368594618297785
18082,0.22808473867294368
18083,1.676183046225586
18084,0.2782637220519248
18085,0.30990636320155984
18086,0.18325675093370267
18087,1.4197894038064978
18088,0.2313794981084355
18089,8.875763154309084
18090,0.6770131789462598
18091,1.5634314306278247
18092,0.05921159417458854
18093,1.5917728905851443
18094,0.74770443707814
18095,0.9013730631393089
18096,0.40466736770920414
18097,0.2772857821900725
18098,28.97458510517393
18099,1.7951398151438902
18100,3.2265802267690473
18101,3.56170539683436
18102,0.8207459947903738
18103,0.1281582628603038
18104,1.6538267142890775
18105,3.5380956915924195
18106,1.637481592542514
18107,0.5113018308623701
18108,1.058091642165318
18109,4.150021543053053
18110,0.31323731157140383
18111,0.6258650174416304
18112,0.8525192156218271
18113,0.9925385138176144
18114,1.6349801882672728
18115,1.923822938175413
18116,0.7849211434550283
18117,1.8995967650440988
18118,1.2837183740621012
18119,1.0605916751756908
18120,1.3215393344530426
18121,0.21602253909843083
18122,0.32099266484109423
18123,2.037298578126102
18124,0.17841775407759672
18125,0.8221464316719723
18126,0.033856618144056654
18127,0.7102262223030846
18128,1.3414579364080124
18129,3.7698239137854594
18130,4.767902912568646
18131,1.0109507223296144
18132,0.2632400931995975
18133,3.386841522915982
18134,0.14586012844088003
18135,3.3449244919027494
18136,2.926841635686792
18137,0.3793885860009335
18138,0.031241928912425297
18139,1.007457448197687
18140,0.0926190255634027
18141,0.8744468615095421
18142,0.7638990872357977
18143,0.42397526057711443
18144,0.09590258937548489
18145,1.415422943353626
18146,0.17848557837172374
18147,1.72403080023891
18148,0.6816889639690105
18149,2.732613677902673
18150,0.7178152423828221
18151,1.174943348758491
18152,0.2966379372506831
18153,0.842398146715455
18154,0.912467642710707
18155,4.220360183204521
18156,0.7679869033848031
18157,0.09090094703621557
18158,0.18887373505169858
18159,1.3173853177767927
18160,8.032985671124266
18161,0.34784715023242774
18162,0.14879150347859404
18163,1.4870924781686232
18164,2.7104178691862963
18165,0.7790483185418039
18166,1.8948592481798767
18167,0.3612794212022295
18168,0.14742412615829273
18169,3.9338159321803636
18170,0.532756931743261
18171,2.471504486710731
18172,0.14216752228187504
18173,0.792503046828594
18174,1.5072461444861276
18175,1.2699831297095783
18176,1.2115092750287992
18177,0.19072146586848202
18178,0.9527081015105503
18179,0.7410543300392943
18180,0.12143596939727125
18181,4.08462877584447
18182,0.49898325988791026
18183,0.15718812852674915
18184,0.6039443952313184
18185,0.4731578515319117
18186,0.4105736675417308
18187,0.3577192433510166
18188,0.33162928073390774
18189,3.7020732391161637
18190,0.1733327091808693
18191,1.8271550119921758
18192,0.42276094852645885
18193,0.7570945291838562
18194,1.5519693118575142
18195,0.96611723389625
18196,0.7731893079377681
18197,0.6955692660868001
18198,0.16876135380763307
18199,0.7951201849111775
18200,1.0365428570863349
18201,0.25135487540373913
18202,2.1479318958842706
18203,0.663758271992235
18204,2.329664490448312
18205,0.7829163553777916
18206,0.2568438780336731
18207,0.48892960850036216
18208,0.2529916717485139
18209,1.0713010221112842
18210,3.309570883382615
18211,0.8731782126752804
18212,0.6563747164392906
18213,1.5674122482527821
18214,0.2618953767471295
18215,2.2210557838740947
18216,1.9341248508322368
18217,1.3598125954689473
18218,0.15573420194241194
18219,0.08290502273039191
18220,1.3427583344370513
18221,1.0483750701726258
18222,1.3795964433703558
18223,0.3329959104389925
18224,0.5284269007214695
18225,2.4442003131215717
18226,4.165756408135561
18227,0.37863893691993206
18228,0.8595204124478606
18229,36.67982151906733
18230,0.5357227952838981
18231,0.3081633715645041
18232,0.4916787171386878
18233,0.2688413398596869
18234,0.12367614548492833
18235,0.4477603429352519
18236,1.066139557850731
18237,1.2164867492579432
18238,0.7713813382997229
18239,7.7479849377334125
18240,0.6606270445558564
18241,0.609586893516618
18242,1.4597099588398716
18243,0.21675243022403629
18244,0.6726278067030117
18245,2.1286838767766185
18246,0.6220179025759681
18247,0.2978471740618342
18248,1.4394249418647376
18249,0.6443738916716314
18250,0.6322726844311464
18251,0.8255691932226012
18252,0.6655567420125614
18253,0.44777371542652905
18254,0.9027749229184898
18255,1.2612999190328467
18256,2.075811395731495
18257,1.9453417470006937
18258,0.967291730597337
18259,3.981149267672116
18260,138.33448603478368
18261,0.5202615796471579
18262,5.334122336762061
18263,0.5200107037328794
18264,0.4938107476281977
18265,0.11704589024071611
18266,2.2487131694844735
18267,0.9961022580288407
18268,0.24102869618795217
18269,0.33743981379626026
18270,3.8101892046037777
18271,1.4768974617997306
18272,0.6517465480899318
18273,2.6051716771803717
18274,0.879160325991153
18275,1.7925566333312164
18276,0.42821991656826264
18277,2.1187081726368904
18278,1.118748650228616
18279,0.24074719563971037
18280,1.792867249532769
18281,2.3705585377876406
18282,0.27688005309890873
18283,0.6143147747716353
18284,1.4818284382930635
18285,0.8357141945219978
18286,0.32474961780153366
18287,0.7753567269458965
18288,0.37669759221321947
18289,0.0816890188177801
18290,3.1470457203953175
18291,0.6056255905721873
18292,0.1828450469249744
18293,0.9079340936678458
18294,0.23264167588228027
18295,0.09368433451552553
18296,2.3995917819459263
18297,1.210941894509612
18298,0.6598885006671155
18299,0.7187308819498895
18300,0.308186137166025
18301,0.2881576243132068
18302,0.8920546407178803
18303,1.5673749567087347
18304,0.45929898761675947
18305,0.13547767508802322
18306,0.24415743294456707
18307,1.3087449140368528
18308,1.3386663693776317
18309,0.5936690964474591
18310,0.28289039372367986
18311,0.8010946719668623
18312,1.8694844354957727
18313,2.503462301233265
18314,1.7069456748466436
18315,1.3432038906142725
18316,3.014057553827703
18317,0.39265699476238
18318,0.8799798163451231
18319,5.989976492583644
18320,0.19331095786363714
18321,0.7514371363178438
18322,0.05820305159959599
18323,0.2761255654777626
18324,0.38512176960579414
18325,0.2181794197551869
18326,0.2648224235246676
18327,0.905090759302987
18328,0.7574897488612912
18329,0.8606842947762107
18330,1.6071984103444874
18331,2.258557405573597
18332,0.4375274635331133
18333,0.3486145915000951
18334,0.6318958564658486
18335,0.2991329666124785
18336,1.782771422776994
18337,0.7666868778834328
18338,2.805674017305419
18339,0.08755789195894641
18340,0.3493142489846345
18341,2.7962436152120866
18342,0.3520443157026822
18343,2.4843063488080137
18344,0.17889486434551807
18345,0.6726550030195712
18346,1.9348439810525313
18347,2.089868792304168
18348,2.909206295237193
18349,1.726088209201918
18350,0.27750563943222817
18351,0.15542664842379622
18352,0.5839660563743777
18353,0.2953403211111613
18354,1.0677791891714952
18355,5.586213481059082
18356,1.0577081384153413
18357,0.13071547161764419
18358,0.831328916740969
18359,1.1335918398190445
18360,1.1769291284518115
18361,2.115066029503211
18362,0.7011724774474024
18363,1.248940607422166
18364,1.7103451158963865
18365,0.09660619699457125
18366,1.8268208158600046
18367,3.327904504207262
18368,1.8435950202107918
18369,0.4939267970553437
18370,1.0692718197980218
18371,1.43356584846089
18372,0.7190161640578816
18373,0.09234436739051581
18374,0.8211694603519331
18375,0.49418706852733685
18376,4.602776000819579
18377,0.18844038256031623
18378,0.057745309352485195
18379,0.19157416752411724
18380,0.49830538557857307
18381,1.7076142247097343
18382,0.4982056405331409
18383,0.7072899430423201
18384,0.585075978928569
18385,0.11856976784931371
18386,3.0919857731482674
18387,0.6643965318170495
18388,0.9033426742418661
18389,0.1813588457271114
18390,0.9112040801211141
18391,0.1931596013011242
18392,1.7079053665370352
18393,0.7349365736889137
18394,3.5104522937652183
18395,1.0839735657272467
18396,0.3533461981345585
18397,0.2549695320163072
18398,1.2552941974289877
18399,0.6367443214317541
18400,4.406458269717205
18401,1.886276464202457
18402,1.115634735130757
18403,0.1921242665790004
18404,1.132951164859164
18405,1.0504159769043142
18406,0.6137364524693142
18407,6.243191418571373
18408,2.254529417774564
18409,0.15588267646546408
18410,0.224585794426415
18411,1.68007108321226
18412,0.7504268872833535
18413,0.45758037420626646
18414,0.409964340383411
18415,2.1370367787597084
18416,1.0736030702569697
18417,8.820594928972913
18418,0.03429456982197098
18419,0.5855661825923246
18420,0.46813114608291195
18421,0.1300993405910342
18422,0.7573128339681084
18423,0.13529638747246564
18424,0.9498177468150782
18425,1.578311305020158
18426,0.08216649508835307
18427,0.18598816380027666
18428,0.3113786391652206
18429,0.39981122236235855
18430,3.9884245404505894
18431,1.2378110523560828
18432,0.41503787408972703
18433,0.4610436302905214
18434,1.099754578408525
18435,2.1060639719512197
18436,4.420696573583782
18437,0.060674019747104874
18438,2.054471227643846
18439,0.08947123253729988
18440,0.7911354764212672
18441,2.350761304850656
18442,1.8643482208959121
18443,0.3255337232787848
18444,0.1975634859216349
18445,1.732108951212203
18446,0.1578486119988831
18447,1.6422011797557123
18448,3.8656582943841244
18449,0.15390055311876447
18450,1.5538872424988885
18451,1.4549241840554346
18452,0.2166352763918587
18453,0.2278569183625389
18454,0.8794078054758613
18455,1.7069684788579844
18456,1.4164263442441218
18457,2.319516500349223
18458,7.424137563574439
18459,0.07606534662775104
18460,6.973223052515855
18461,0.6981711246991384
18462,1.528898703733319
18463,0.07022421512249781
18464,0.6690679970121329
18465,6.01241225996136
18466,2.6534256035313684
18467,1.0583185547967358
18468,2.6206667930794154
18469,0.27199904842302
18470,0.30899242996430976
18471,0.0761215285183054
18472,0.4676938560854103
18473,0.37082251265979305
18474,2.8804164276338806
18475,0.4750605683244833
18476,0.17925606293680602
18477,0.07441515812694814
18478,6.710943196222645
18479,1.3218274566402644
18480,0.7548245621006865
18481,0.26868500897452674
18482,0.2283702006303271
18483,4.0554063160093134
18484,1.6448426493106723
18485,0.888956484451309
18486,0.5987662144104252
18487,0.8542762553282558
18488,0.3469559144616161
18489,1.4268094032927583
18490,1.2617421325091773
18491,1.0825587258073988
18492,0.04985709593062795
18493,1.2159268934539769
18494,5.17868223050469
18495,0.1052599781498364
18496,1.3788888505717012
18497,0.17531588144006569
18498,1.9527682740953112
18499,0.2774146504479946
18500,0.585164817127123
18501,1.9339533628517376
18502,5.332591337515883
18503,8.283192549351542
18504,0.22059230535968682
18505,0.7666720004900601
18506,0.5425751322067038
18507,2.756586391440073
18508,0.5295399028569681
18509,0.21358609135029052
18510,0.18858439581330735
18511,0.6243453080967261
18512,0.25806300910984276
18513,0.7755794988692416
18514,1.5578425727647005
18515,0.347955107084516
18516,0.04575518426327735
18517,0.8432970958979333
18518,0.0875769862685617
18519,3.127949087555518
18520,2.2129781822763923
18521,0.511521494602177
18522,0.31632974630428223
18523,0.040472474048424315
18524,0.5459779770515543
18525,1.3121286113651462
18526,0.8877027490822852
18527,2.065226009360338
18528,1.3111559662598218
18529,0.6436939364273757
18530,1.1394856108402265
18531,0.1523416375232972
18532,1.370906753041798
18533,0.2645168629065459
18534,1.0300374648322865
18535,1.167328905640843
18536,3.021351744087841
18537,0.0503823595508233
18538,0.6180182326560701
18539,1.1722158943024608
18540,0.3206145659159799
18541,0.30803502909990765
18542,1.0039510221057253
18543,0.7528457757694931
18544,1.4375938116185267
18545,0.4295969461306114
18546,0.7730755453289131
18547,2.5320326529819646
18548,0.3361178454323726
18549,0.48703088080466733
18550,1.4722592640129595
18551,0.2956938980351593
18552,0.8535452019708305
18553,0.35643269103258735
18554,0.5867902115307209
18555,0.09473774341974314
18556,0.5893560041046407
18557,0.4103243697165731
18558,0.24540750246538207
18559,0.44172310001905724
18560,0.2232645535931154
18561,0.5054523127278583
18562,0.9953467954505303
18563,1.6367400852959935
18564,2.8314667608095485
18565,2.453377044984011
18566,0.3231937208878645
18567,0.5401036529025096
18568,6.772351356995497
18569,0.9470729589269928
18570,0.22302655758854523
18571,0.759880351097303
18572,0.5449940923699975
18573,0.46113362856919027
18574,0.4008452410936078
18575,0.6830218866593617
18576,8.7451368976537
18577,1.0418769287510186
18578,1.4599611485125803
18579,3.8667569742126218
18580,0.23969411051089248
18581,1.676996293079719
18582,0.15353384304350332
18583,1.238090978474025
18584,1.0857509774338057
18585,4.385196117557455
18586,0.5344700953459028
18587,0.08964016857773355
18588,1.0608383093468914
18589,0.3503096278399035
18590,2.8098644857947543
18591,1.16840292407948
18592,0.14009739268562726
18593,0.628605963481119
18594,2.8430396544066583
18595,2.821337378149924
18596,0.304496220795224
18597,2.341054201099783
18598,0.9805698744834108
18599,2.276092032518197
18600,0.2547321256653905
18601,0.8640214484479896
18602,0.804431728926687
18603,1.2866665409804354
18604,0.14666238548076763
18605,0.05298399571797894
18606,1.2916070153546237
18607,0.6041846913423632
18608,0.5142889382257457
18609,13.242181757133716
18610,0.6940607394862361
18611,0.9157966694691367
18612,0.12244385829471967
18613,0.5192452640720291
18614,1.6952882552623358
18615,1.3089140544938909
18616,1.0681884187759072
18617,0.9046172503946609
18618,0.12171117904793621
18619,0.4920745049566152
18620,0.6262946079164438
18621,0.7681479077601864
18622,0.6082058914309015
18623,1.7848005439452894
18624,1.7169161397367787
18625,0.906704067689879
18626,0.21147974541136325
18627,0.08304532846022944
18628,0.5882637122197345
18629,0.7698163644808473
18630,0.37710531520001106
18631,0.4662349633404124
18632,2.533313993381144
18633,1.222988775310986
18634,2.622877013066319
18635,2.2093116307453298
18636,0.39724702826147906
18637,0.29068393228406025
18638,1.1657131190651113
18639,2.350223527205466
18640,1.5046594199654357
18641,10.16432286212594
18642,6.131203284812777
18643,0.2681695767243028
18644,0.8316697253950087
18645,0.26293082822411107
18646,3.8411125300848936
18647,1.3753601509849167
18648,0.9986183698431673
18649,0.18182613856082852
18650,2.326350691338341
18651,0.5402756493072979
18652,0.2503478622764572
18653,2.179395608398444
18654,0.5804311621846128
18655,0.831555149675461
18656,0.14679153022842065
18657,9.256393872461492
18658,1.5406779774953123
18659,3.184830603460582
18660,1.6683165785075567
18661,4.130049419106781
18662,0.3033071475867497
18663,0.25828176730334423
18664,1.0737059220544498
18665,1.88869015571296
18666,0.19530153712712
18667,1.9553464062659456
18668,0.8155564489793741
18669,0.2154353186808628
18670,0.3444460680669025
18671,8.55880553481549
18672,0.6235542930579759
18673,3.072796684538866
18674,0.15411829556050607
18675,0.33936004610130566
18676,0.7009267014448549
18677,0.024927595642994155
18678,0.44415330784766227
18679,0.27847015027460165
18680,2.0085384883736856
18681,0.511238542507038
18682,0.6353620221692837
18683,0.1807907033612581
18684,0.6943368974603238
18685,0.38395153553118533
18686,0.6546896685947629
18687,0.7440657685305124
18688,0.4092183189165539
18689,0.33003938093537005
18690,1.624099717807759
18691,4.086389888987881
18692,0.5050157242933424
18693,0.900645477766041
18694,0.409519835304047
18695,0.9707287052257976
18696,0.19598608834372763
18697,4.158552818992944
18698,1.0821528014493318
18699,0.1566277761670439
18700,3.484593763593179
18701,0.2619424953477021
18702,1.7240895873512943
18703,1.8613703089983749
18704,0.11844951719876384
18705,1.8065692306153678
18706,2.309169402748093
18707,0.6002677804944948
18708,0.2919815547644822
18709,1.061112995417278
18710,0.9877672895664059
18711,3.0582565526670096
18712,0.7713725988491706
18713,0.3018095368670127
18714,1.0073033503812738
18715,0.3286684560511716
18716,0.48681622210063
18717,0.4241105540881038
18718,1.9940089007645578
18719,0.8653040819909568
18720,2.5452835135661958
18721,0.21357181061905434
18722,44.197113903930145
18723,0.3501875165657903
18724,1.1867410136693313
18725,0.20546708815552533
18726,6.82890516778703
18727,0.08542235866116515
18728,0.4083306060491734
18729,0.5837078119423367
18730,0.15080252981085226
18731,0.19689987154226923
18732,0.4607163169169541
18733,0.2520575195580366
18734,0.5447798344514246
18735,0.6635248504170658
18736,0.6102237309134614
18737,0.13649152522267377
18738,1.9713954138247396
18739,0.5865797658734244
18740,8.590208553014328
18741,0.22873587160693404
18742,0.28854022792286416
18743,1.492043825673061
18744,2.215358376940636
18745,0.933804335867543
18746,1.8775875086710647
18747,0.041562115356684796
18748,6.774735171657959
18749,8.071577624581659
18750,5.22167080338342
18751,8.811259042539218
18752,0.5423093503094528
18753,0.10335915013667504
18754,1.32745724893095
18755,0.1945340825943963
18756,1.387595591977313
18757,0.36078893243403054
18758,0.21566075178263594
18759,0.3405281808112373
18760,0.5435419662379434
18761,0.13736995105459182
18762,0.4885471289260998
18763,1.2981867811850996
18764,0.32347441941538224
18765,1.2911257099631648
18766,1.6339077294574094
18767,8.641243322015987
18768,0.3103652945745167
18769,0.38025295513545454
18770,11.78129135058533
18771,1.6350749472074761
18772,0.5633729690345
18773,2.179977243163636
18774,0.5566136766901184
18775,0.10166079944342893
18776,0.6673672992350864
18777,3.4349085200736007
18778,1.091436021133906
18779,2.380910498721066
18780,0.6412052961142619
18781,0.4499664430111372
18782,0.15562374942394216
18783,1.327758849977316
18784,3.63418774394109
18785,0.09267047135346677
18786,1.9880123454222673
18787,0.5160207875142481
18788,4.019224783043187
18789,0.4088554307164473
18790,0.2868514460769794
18791,0.6783552125946237
18792,0.28379667767593486
18793,0.05982523340475409
18794,0.2052294480575391
18795,0.5715722831120789
18796,0.41407633204474115
18797,1.8161543719989057
18798,0.6686829539325575
18799,0.1030605283795607
18800,1.888530757682394
18801,1.5378240285945286
18802,0.5698379864075109
18803,8.142503392661034
18804,0.9134583103065134
18805,0.5399907344471535
18806,0.30270349267124785
18807,0.5715054728345373
18808,6.783649813453654
18809,0.2898920893821907
18810,0.6146640130744874
18811,0.3993633863175305
18812,0.5337966139142116
18813,0.8555555705422773
18814,0.9016322500541493
18815,0.901284640408115
18816,3.528249930936409
18817,0.25818500560957697
18818,0.2272448925332531
18819,1.0684395464303462
18820,2.7462525707679526
18821,2.9052937438910544
18822,0.3090713632314881
18823,0.19633826284292452
18824,0.2928170716795115
18825,0.38165306028782475
18826,0.5727643621309566
18827,3.3051754713631927
18828,4.851295599834254
18829,1.9125690653831284
18830,0.3692682203880666
18831,0.06825186529271464
18832,1.841194065478165
18833,1.1217642356076631
18834,0.7395242907213218
18835,0.5421712940240913
18836,0.4750225411274037
18837,3.5896799178260728
18838,0.017477989678553487
18839,1.6027058066606201
18840,1.9608179556052956
18841,0.15984524001264197
18842,71.74564983200301
18843,0.10784028014000631
18844,3.5297535822139383
18845,0.433995190439121
18846,1.2438201793874253
18847,1.7513525431387695
18848,0.6660677207657932
18849,0.42248512141076805
18850,2.7609204123168762
18851,0.619108818367011
18852,0.8611457199372887
18853,0.9302029651786269
18854,0.32400163661823544
18855,0.06456746057381202
18856,5.560456079195163
18857,1.0844855132975992
18858,1.1588817171977566
18859,0.8480465667811228
18860,0.4335446741784778
18861,0.9256730685806595
18862,1.6787265076237983
18863,0.06700464723444172
18864,0.5974794752325779
18865,1.0179125209456397
18866,0.15465483387907977
18867,1.2393790630176817
18868,2.1451288182994475
18869,0.2953456670429552
18870,2.502028763114112
18871,0.317096588502223
18872,0.17275068739730223
18873,0.45060297797853804
18874,0.7011482139164431
18875,1.004069437655056
18876,1.2120153141175982
18877,0.8015782444640455
18878,0.2579343360735515
18879,0.6817251867116609
18880,32.572670193006104
18881,0.2705662670853895
18882,0.13683445400077898
18883,3.1378191168749607
18884,7.178599430243196
18885,0.7953507523223333
18886,0.8337534515448404
18887,0.21927083546212228
18888,0.47301115779534597
18889,0.4958877123367191
18890,1.2471448499998836
18891,0.29914990609010766
18892,1.7844414302045764
18893,0.6533776785529781
18894,0.5826213690861742
18895,1.1459819491647012
18896,1.1803182614410672
18897,0.15972862943200816
18898,1.1321882220980437
18899,0.1268245846591506
18900,0.1845268728126242
18901,1.3388071424542953
18902,1.0603314797530812
18903,1.484995508612725
18904,1.7037086278210147
18905,0.1970248011094287
18906,1.5836505183674778
18907,1.2537188589942294
18908,0.05669047062593836
18909,0.4510493201929281
18910,0.8979984401277294
18911,0.6490553166836645
18912,0.27588164509448554
18913,0.2715451111470615
18914,0.9973035896625887
18915,2.74158192905887
18916,0.09410693381329978
18917,1.59830850207045
18918,1.2930969099562981
18919,0.5324669842241999
18920,1.901546635874254
18921,1.8888132861190408
18922,1.0470045781733406
18923,19.651340423131877
18924,1.2108383561771423
18925,1.199080474288008
18926,1.9814984696705602
18927,1.0694821863656707
18928,0.5855723417095416
18929,1.0838914271032476
18930,0.2764572201749316
18931,0.9519915645704552
18932,0.16343440322854313
18933,0.1791600172353917
18934,0.06303608168136779
18935,0.12235156453939322
18936,2.568104225922002
18937,0.507143390596513
18938,0.8856422939958605
18939,3.544963761573673
18940,0.40282438265822956
18941,0.9114762307656534
18942,1.0341397531716716
18943,1.496889514017252
18944,0.41837738575313266
18945,3.271908167412419
18946,1.5239961253632444
18947,2.0399426019287814
18948,0.7017497657225602
18949,1.3832361993745927
18950,4.3672993731640055
18951,1.3782860210106145
18952,2.6255477576066766
18953,0.35301334753537195
18954,0.7461025503480314
18955,0.7369463340129921
18956,2.1654662533906497
18957,4.996733772543087
18958,0.2927291988279922
18959,0.17521292377860598
18960,15.456715027626046
18961,17.451297830788246
18962,1.6103700016106925
18963,1.3129001964638103
18964,0.48799774954792413
18965,0.4165820435538286
18966,1.122884131415931
18967,1.4302848768778404
18968,2.7978125835440304
18969,1.0015771124325203
18970,0.4670934120623965
18971,0.03602150436273913
18972,0.803723748817889
18973,0.5776146810749314
18974,0.3856785215302878
18975,0.2680254539349865
18976,0.498535864060105
18977,2.126309619864381
18978,0.5507119228691185
18979,1.5160684370459105
18980,0.4147544835381142
18981,2.352532041128649
18982,0.4587529114293112
18983,1.478119194673525
18984,0.18964171030172847
18985,0.8008892738600334
18986,1.643049592135155
18987,1.9840499933999016
18988,2.340269434663995
18989,0.4981225799915917
18990,1.2342820888113182
18991,1.048702190940705
18992,0.8664616268633152
18993,0.5109934521896741
18994,0.16230297163663795
18995,0.23909392217796396
18996,0.29739011368354185
18997,0.2888629079847969
18998,0.260154904501652
18999,2.7400746918502663
19000,0.32149903531836477
19001,0.5357545013563728
19002,1.5384693806319987
19003,6.5433394489326995
19004,6.951543032849397
19005,1.3665619966819444
19006,3.115721502988348
19007,0.14256646705473394
19008,2.920413451946037
19009,0.35006500796770096
19010,0.48360618748122636
19011,4.498692119166797
19012,5.153229866774632
19013,0.5836265693953565
19014,0.648988297568239
19015,0.5084578254646567
19016,1.0758867470542761
19017,2.006790836772699
19018,0.09229401502307609
19019,1.2233046084133647
19020,0.34238002948798985
19021,0.47233471220384654
19022,0.15579700654543305
19023,1.4211263597746946
19024,0.4408908975661572
19025,1.2914268115200471
19026,28.707320803958623
19027,1.0949980433740958
19028,0.2463495088148568
19029,0.5983891279154786
19030,3.711151185579818
19031,1.4548579512971969
19032,4.706255673974449
19033,0.22466105451590423
19034,0.20909491399932048
19035,0.4339706880051527
19036,0.2835892776849905
19037,1.4507632273638624
19038,0.909190853001831
19039,2.5078834283444977
19040,1.6623659742756527
19041,0.33809292602842167
19042,6.37101400566469
19043,1.5409237927786041
19044,0.16927274116579527
19045,0.8427304689722925
19046,1.233012362231511
19047,0.25165201923854286
19048,0.344373437265627
19049,0.17690472446003566
19050,2.1192400334466597
19051,0.3061551622924575
19052,0.9659212029367533
19053,1.8449405672301689
19054,3.582802928933308
19055,0.22824526962808533
19056,0.19868900430854275
19057,1.6703260968594094
19058,0.7426526323856646
19059,0.38367843259065315
19060,0.15331705734174128
19061,2.747821421740847
19062,0.19652688877716026
19063,1.4162483927450247
19064,0.11475650593224647
19065,0.17393497849540718
19066,1.2074886322546725
19067,1.1223944513240094
19068,1.00026161449934
19069,1.0992645297649437
19070,0.3533241216374663
19071,1.7105398580524422
19072,0.4495115533447424
19073,1.1741934254590423
19074,0.33208849596287293
19075,0.38171942461292135
19076,2.2404180567688003
19077,7.0255665408553485
19078,0.26492188032173913
19079,0.6432238116795606
19080,1.1802580067913686
19081,0.13954476967219354
19082,0.21502137043205705
19083,1.429452537547691
19084,1.2972605531887111
19085,0.03843851901771272
19086,0.7061846431618335
19087,0.3191265875425357
19088,2.4982929495825044
19089,1.6386243933042646
19090,0.3831495893700911
19091,0.33863611423706586
19092,0.842826872475572
19093,1.8517187360535516
19094,1.0727922685603861
19095,2.956796144303176
19096,1.132096758539365
19097,0.8529100928798805
19098,0.28252995035350653
19099,0.08406578838196781
19100,0.55961634431953
19101,1.1450121493377399
19102,1.8379747495124745
19103,1.843404921390241
19104,2.282218311669283
19105,0.7244438251400247
19106,1.1256811841677046
19107,0.4465387595144181
19108,38.03250175309362
19109,0.33624929779585266
19110,0.37974657311123405
19111,0.46786011140937867
19112,1.8026371960152265
19113,1.7999411319125507
19114,0.10349564268259273
19115,0.10031765553288692
19116,0.4894300558528519
19117,0.26915585293695615
19118,0.18047661219805292
19119,0.7121013272258387
19120,1.0073442837815663
19121,0.977904417361758
19122,0.4823185485317955
19123,3.813353876136328
19124,1.9619122409737215
19125,0.8631571457939272
19126,0.36575696759559106
19127,0.3446852285507171
19128,0.8651691632018593
19129,1.0568238156186804
19130,1.001998031140309
19131,0.30905213705840057
19132,0.30291626330938415
19133,0.6198306589289805
19134,0.0600790923208805
19135,1.6223282525185798
19136,0.19284617166447782
19137,1.7409041177390516
19138,0.48334454796369947
19139,1.106096610699282
19140,0.030431731154495677
19141,0.3840956972421211
19142,2.0206530884205085
19143,1.742717692832898
19144,2.829734614218434
19145,0.4497864482798606
19146,2.787516295697862
19147,1.9248722064695865
19148,0.9806773761266117
19149,0.37105575364192706
19150,1.5399167083543497
19151,0.7350365803587439
19152,2.6748970795820064
19153,0.885758439422519
19154,0.9262637924678315
19155,0.2682269091910905
19156,6.306169389946266
19157,1.5672456610581993
19158,0.8378765931022187
19159,0.2671614392780537
19160,0.30802486332908297
19161,0.7752770054416365
19162,2.4143895971233977
19163,0.5042104757472217
19164,0.46617325557091943
19165,1.8612433171978304
19166,1.293786428953083
19167,0.447395470625592
19168,0.4802675344857076
19169,1.2308538207186381
19170,0.6987274372392348
19171,2.1333047529019655
19172,0.2412137966028771
19173,0.48612055923757935
19174,2.4280765148509964
19175,1.2529728842048504
19176,2.0272512419116304
19177,2.3226374700840964
19178,0.06906273277969459
19179,0.7246980603044507
19180,2.4385020440762304
19181,1.0877830443631957
19182,0.07163686588971846
19183,0.5001506877987874
19184,0.24845872513395378
19185,0.7480272869374714
19186,0.39346962425395215
19187,1.9120938515073012
19188,0.3497736634745395
19189,1.8145791045609123
19190,0.40746178638454483
19191,0.31707026114318687
19192,2.623657033005686
19193,0.493761955584396
19194,0.6622852759721666
19195,0.993613380888677
19196,1.2024858709479895
19197,0.3313336798337478
19198,0.7849388186504127
19199,2.4974794986023654
19200,1.5826221622944165
19201,1.3369564086260426
19202,0.32262976195006454
19203,1.907310855139867
19204,1.0796763562114784
19205,0.23151117968312715
19206,0.18141968945276085
19207,0.8556340517798297
19208,0.2741491416807394
19209,1.0395753380862733
19210,0.8446669291867548
19211,0.44661626754611716
19212,0.40877140650386656
19213,21.821932414018146
19214,5.65946643754739
19215,1.3281443442745193
19216,0.7504875066890382
19217,2.136718090639021
19218,4.563894841271211
19219,0.515070902375184
19220,0.14349931193651846
19221,0.21910321125701587
19222,3.9332942628331224
19223,1.2281436460821502
19224,4.566880041331837
19225,0.8619364451413596
19226,0.2726950511787635
19227,0.8664593737694097
19228,0.8533945239361449
19229,1.8603403232871274
19230,0.6094842955549877
19231,0.6963758444874113
19232,0.5118095598919767
19233,0.4845556463876666
19234,0.3374002874600665
19235,0.4742337868392549
19236,2.2202359603725803
19237,1.6099728028384894
19238,0.4321816758381595
19239,0.26949984312818076
19240,1.3914188778119823
19241,0.16319951268335928
19242,0.4308122909489369
19243,0.6146889328555052
19244,0.2326531451441994
19245,0.4117755240872284
19246,0.07240586805225649
19247,1.6027229921056714
19248,0.5050691203089913
19249,1.0112352778902673
19250,0.045103166147855867
19251,3.0162531546190507
19252,3.5155331015725317
19253,1.184159161390797
19254,0.3913141091152344
19255,4.238845587010165
19256,0.6562697354091918
19257,2.4506490153176173
19258,2.3748264243917836
19259,2.3332834918559526
19260,1.2441453050990596
19261,1.5044370820430009
19262,0.1570584229185487
19263,5.017082990900042
19264,3.593796547347893
19265,0.9444315922804276
19266,0.643091009368363
19267,0.8518689493717375
19268,1.641797059524389
19269,0.6378660877024936
19270,2.509289028879102
19271,0.7664551930426252
19272,0.6664955081268836
19273,0.21866587656072356
19274,0.8020863524476414
19275,1.6430185118704845
19276,0.18788950227577972
19277,0.638227089848101
19278,1.3772354261969424
19279,0.4826002718058217
19280,1.3384359753714161
19281,0.3926723569049663
19282,0.7609097447753311
19283,1.0829095661862678
19284,1.0172714466523718
19285,0.7931899005478873
19286,0.6412829359271485
19287,0.16328600767908535
19288,1.0860455863129805
19289,0.8934349803633281
19290,0.600409281714442
19291,2.6311438038092967
19292,0.33650600917203083
19293,1.9305872119659042
19294,0.7715886208190762
19295,0.13664058082991487
19296,19.019288130839765
19297,0.6308508478124145
19298,1.5857090965667322
19299,0.11223687356360351
19300,1.0836351279624472
19301,0.4349049812648489
19302,0.41311414608003955
19303,1.1513356679505256
19304,0.29917621267399713
19305,1.0213301769964358
19306,1.1544103282385958
19307,0.35429369380734643
19308,2.3071228114996347
19309,0.31483359318716353
19310,3.2522586217373024
19311,0.14133585057873174
19312,0.6032792291604624
19313,1.171420084873344
19314,1.1568889144559729
19315,3.068933146623426
19316,0.054379681715115986
19317,0.4239408094439563
19318,1.9514389127274572
19319,2.6877362970401437
19320,0.4932242697603805
19321,0.23565405809787865
19322,10.914289509503936
19323,0.09084321743563073
19324,0.042526246870331456
19325,0.18984631578431593
19326,0.714428722075309
19327,1.153930714001077
19328,0.5834193537312842
19329,1.013481167810486
19330,0.33025305931712395
19331,0.735356123629071
19332,1.7802767803620216
19333,1.6264026716625763
19334,1.217215889505659
19335,1.3031346257328773
19336,0.8424996087854814
19337,0.3540659606282422
19338,6.679267264354558
19339,0.32428589365871996
19340,0.11113041720859079
19341,0.37393051835806246
19342,1.132053823556957
19343,0.33554304530749796
19344,0.15371326483302084
19345,0.726518227164702
19346,0.8268538860493696
19347,2.0843486487764062
19348,0.7016670306015831
19349,1.4492234662208892
19350,0.11249308450279796
19351,0.7804168970568102
19352,0.2799897556122454
19353,1.025556776813172
19354,0.758755237147343
19355,0.1620721311693833
19356,1.8741856812760624
19357,0.1226328033475825
19358,0.44989878344779355
19359,4.175776974394608
19360,0.3234083992496176
19361,0.5432441661121872
19362,145.24774740426236
19363,0.5355673878474488
19364,0.0999139984601022
19365,0.6368733183249756
19366,5.353030423944663
19367,0.40231542212120264
19368,0.3054476739820841
19369,1.5779229273039004
19370,2.212110277413656
19371,0.3305774142911781
19372,1.5359602935270078
19373,0.45251707216361026
19374,0.7453451851482932
19375,4.362793599364676
19376,0.7477151284065543
19377,1.6304324382883588
19378,0.5440111558845454
19379,1.3157609992154655
19380,1.6009176680285435
19381,0.5564654747642879
19382,3.38275447454333
19383,1.4138384161467896
19384,0.6896678018096961
19385,0.6626350178725694
19386,0.033602464488551816
19387,1.207395920255272
19388,0.5571141897283491
19389,2.2513457947859026
19390,0.22550603572072944
19391,0.47208645617602985
19392,2.0003099968889657
19393,0.17042049264168507
19394,0.3414575727663899
19395,0.9260771436147649
19396,5.503326857490111
19397,0.23592269418290635
19398,0.6856313497538142
19399,0.2681287211748662
19400,0.15276637897343603
19401,0.8087842324698188
19402,1.9242970351149562
19403,1.383277268637978
19404,0.3795695369559558
19405,0.5792458177202191
19406,0.15405588008109306
19407,0.39402342905496507
19408,1.304529402963811
19409,1.3845612438007955
19410,3.1860484797964763
19411,0.1692683949774862
19412,0.8009068287306029
19413,2.538806371477967
19414,0.14547986175513616
19415,0.38484598729510094
19416,0.4170756497867448
19417,1.9000910242725313
19418,2.020416560750165
19419,0.3201346101555165
19420,0.21751780610648294
19421,0.7441094208764094
19422,6.723706725543586
19423,0.5248382788974408
19424,0.5663222441460409
19425,0.5448351358951604
19426,1.2007958609778278
19427,1.983499335050687
19428,0.506120385365451
19429,1.3871403575063492
19430,0.4358890834643553
19431,0.8278551824146086
19432,0.45513376600204786
19433,1.0408493751262942
19434,0.7332075692655718
19435,0.08494041137049349
19436,1.119040877998698
19437,0.611505405677933
19438,1.3171562719734224
19439,1.037984342404128
19440,1.1814231073769674
19441,0.21066876678567856
19442,0.8599132931477209
19443,0.48310942499498033
19444,0.3697514051238171
19445,1.330950044345727
19446,0.989734354823539
19447,0.059966603154714374
19448,0.11869977519228884
19449,1.5448543643562462
19450,0.5444544036710305
19451,1.1861731288153499
19452,17.28312503112312
19453,0.3229426989919599
19454,0.16824371515483688
19455,0.08861526931536737
19456,0.8869373383850364
19457,0.38696443375509715
19458,1.3751259331667622
19459,0.1485468442765894
19460,0.07415022274559765
19461,0.3389615320154856
19462,0.42223152054371843
19463,0.2835119029953385
19464,1.2822124920828368
19465,0.38945009132263037
19466,0.7990509638890565
19467,0.5937605660498931
19468,0.22651136466953467
19469,2.6161077750096293
19470,0.20886003576340847
19471,4.29878612472142
19472,2.032782819516995
19473,2.02345506696885
19474,2.967545589984128
19475,7.569194880980605
19476,1.0208284935907992
19477,3.716986781702796
19478,0.45657673831007506
19479,0.41661319705160166
19480,0.24929455600718764
19481,4.336631295678301
19482,2.5502865560350387
19483,0.35374137733688643
19484,1.15065637913033
19485,0.5315171180020581
19486,1.6406710601678884
19487,2.97518278460104
19488,0.5068670287153608
19489,0.14802714232926897
19490,1.9139524004597739
19491,1.6396907601976927
19492,0.7958788035849813
19493,1.2370337727144378
19494,1.07811721591323
19495,0.6471148214902469
19496,0.7371763989712962
19497,0.187696904371786
19498,0.453205686526588
19499,0.3082746514579776
19500,1.892521789432403
19501,0.7194483835287402
19502,0.5827409246796932
19503,0.30335542281117944
19504,2.7485314904249507
19505,3.282986120397211
19506,1.634246185394122
19507,2.5613381354236218
19508,1.137663604352427
19509,0.6306458734029472
19510,0.3716572993669009
19511,5.905789592141226
19512,4.5091333492297645
19513,1.3349657888249153
19514,0.1721435717968181
19515,0.4793730215939076
19516,1.557085862122339
19517,0.5367134884126972
19518,2.2455093403845328
19519,0.5089748241849795
19520,0.19091661235675011
19521,0.9285081427562271
19522,1.18853159155323
19523,0.4069473114910522
19524,0.9826710529720121
19525,1.4395898789423764
19526,3.143051769235127
19527,1.7877020699900494
19528,0.25300775820722393
19529,2.3032358982918444
19530,0.1447812587889167
19531,0.814638549957595
19532,1.7305578909538706
19533,0.8172626234748503
19534,1.7063085158867006
19535,1.4464509828006338
19536,0.2898220859570727
19537,2.9322350327105586
19538,0.08641961175429372
19539,3.434376110671245
19540,1.2596861051287738
19541,0.7492123743589263
19542,0.15490786008067783
19543,1.7263592562012635
19544,0.495022407526378
19545,5.2204609562242394
19546,1.10352206642143
19547,0.1831818900366447
19548,3.7190900913694973
19549,1.2037048009564137
19550,0.24692567684840963
19551,1.4040094254985171
19552,0.5257768627934583
19553,0.6543454747259554
19554,0.18153087475805738
19555,0.7002016239979479
19556,0.6169435546984632
19557,1.0384150664915437
19558,31.116360992290907
19559,2.5757944782114377
19560,0.695674466927179
19561,0.43647812704876976
19562,0.7569719805286957
19563,2.002082270157702
19564,0.12141225634625187
19565,1.7617110471725939
19566,0.9752800635269062
19567,1.7459508621032125
19568,3.7409775273527184
19569,1.0347984316408407
19570,0.03142744358767054
19571,0.01651002771369157
19572,5.072627787269942
19573,0.4252507461077749
19574,0.3446873439652427
19575,0.9492382669476599
19576,0.1415277342340297
19577,1.2849782344680671
19578,0.49015894489268014
19579,0.8668354559979311
19580,0.544309259927841
19581,1.3171310071013544
19582,0.5490266448772794
19583,3.178852563493953
19584,2.1087823486379524
19585,2.252667020904778
19586,2.160714109688167
19587,0.31360916064046995
19588,2.25334600119858
19589,0.6551885831846685
19590,1.9258766236595868
19591,1.4917391882147197
19592,0.6793983856608339
19593,3.813152900785889
19594,0.09302673512895535
19595,2.755393650447642
19596,1.660688443118726
19597,4.045387825875894
19598,0.19792945982482066
19599,0.8351471344249666
19600,3.248711617309014
19601,0.2848576104714341
19602,0.771627506783197
19603,0.11537874640892419
19604,5.9400699941672865
19605,0.4317883087219172
19606,0.26091501405972034
19607,0.6589721954113669
19608,0.2811304629337295
19609,0.25521094874516853
19610,0.16257180440639576
19611,1.264541860952118
19612,1.5769573722563766
19613,0.11657650759670672
19614,0.4834137509175892
19615,0.7831959461406797
19616,0.14469740928044372
19617,2.308558290309091
19618,0.21005703265824782
19619,0.7423316558906534
19620,2.142070031443756
19621,0.3880727101198831
19622,0.6595645240289919
19623,1.1119050284235186
19624,1.0737249376195117
19625,1.4974494637840001
19626,0.12898255075206486
19627,1.6580009668694589
19628,0.424270942801437
19629,1.22574323559706
19630,1.013134500683048
19631,0.7799549424959759
19632,0.3601346071483168
19633,1.0262158971487474
19634,0.18521625685342985
19635,0.05843448176472859
19636,0.29559395063731786
19637,3.3425523230514265
19638,0.292132797548224
19639,1.2374569616300595
19640,0.7467992891734224
19641,1.8242577097921104
19642,2.1061192529978734
19643,0.22534290329780043
19644,0.6564492665785536
19645,0.30376246395763096
19646,0.1295889264939062
19647,5.4218636546151755
19648,1.1866897355745725
19649,0.06149836762439142
19650,0.6915726538074112
19651,0.2688711830893962
19652,2.2737777154346457
19653,0.9720563245161551
19654,0.2960002935227738
19655,1.3371587374518354
19656,0.839010211810099
19657,0.30891467971334224
19658,1.7378193134148787
19659,5.197702535087435
19660,1.550777489198955
19661,0.5345677323582986
19662,0.5014280796478361
19663,0.00991523007938552
19664,0.4018937240226836
19665,1.087135833982717
19666,3.01367311481009
19667,2.1869288278800996
19668,1.3966501855135265
19669,0.3200644339290911
19670,0.35080836897336337
19671,0.12601098096510055
19672,0.8550822796907968
19673,1.0389002644099223
19674,1.2664157279510766
19675,0.6610065829808025
19676,1.3437984819692659
19677,0.8503490208240754
19678,0.3394681434220074
19679,0.9042042241785919
19680,3.0637129621039105
19681,0.797385551398496
19682,0.11945658237556551
19683,0.5891463948511444
19684,1.5097299241798088
19685,3.7190231141857986
19686,0.39073815776342624
19687,4.151224473006923
19688,0.3323700174445325
19689,0.41272935767414143
19690,2.320589380990614
19691,0.569689614192114
19692,0.15423446808352298
19693,0.7492195645082151
19694,2.6825598921244245
19695,0.427988173697241
19696,1.3844103108006849
19697,0.5430953495170402
19698,0.28374406394506396
19699,0.32362632357368504
19700,0.25624024169792264
19701,0.2451825780374297
19702,0.8028382633284891
19703,1.8284041517247938
19704,0.3639012596291302
19705,0.4366628488477721
19706,0.49135118890340373
19707,0.12159394731964322
19708,1.0992219781732888
19709,0.8514812764000604
19710,0.06343544646521003
19711,0.1555532939978242
19712,2.8367828196602685
19713,3.7158674967561884
19714,0.18219600030338806
19715,0.29034229934167477
19716,0.39320159714478936
19717,0.45012488602692435
19718,1.1472102654435234
19719,0.6157659742496631
19720,0.18299600559472268
19721,0.14953320355909755
19722,1.4006205616396983
19723,0.49837264894665234
19724,1.0779042559386383
19725,0.318740519649802
19726,1.242375952244374
19727,1.3365334413143557
19728,2.8434808673367837
19729,0.34211781564400684
19730,0.7467611119358888
19731,2.8405155800715436
19732,1.1167909754952514
19733,1.2354991024516118
19734,0.18407266744686554
19735,0.7768277282514167
19736,0.3150221073805453
19737,0.514751565536139
19738,1.5947252799161793
19739,0.14279666991458806
19740,1.0651649977865325
19741,4.223654206500146
19742,0.10133075882779283
19743,1.0078175478535047
19744,0.6102607260053823
19745,0.09740980253447531
19746,0.3445301815970233
19747,3.106564141869221
19748,0.24275281967896986
19749,2.468024033148432
19750,0.8656980258659315
19751,0.7795122873683353
19752,0.3197054988364193
19753,0.6141591870570713
19754,0.28756928914621227
19755,0.3380781677590491
19756,1.1961934382914348
19757,0.5425468898138716
19758,0.7282756360866548
19759,0.7610847297118464
19760,11.473251021713413
19761,2.8236253200771615
19762,0.5466707297576218
19763,0.43687850635038505
19764,0.1254274406915053
19765,0.23942339342295063
19766,0.15408739234074134
19767,0.7453074164598347
19768,1.7217603597671223
19769,2.3117358336923184
19770,0.5688944433100056
19771,0.5186282781891933
19772,0.10537210284400385
19773,4.290905764015546
19774,0.7930318266163155
19775,3.0692858036473964
19776,2.5207145095644705
19777,0.4209418138581812
19778,0.11542423612573544
19779,0.407096818905754
19780,2.4221352182320564
19781,0.6925254421552671
19782,1.1757950900969516
19783,0.6047927109205127
19784,1.796375825070726
19785,0.2804328020445104
19786,1.0961747370471904
19787,1.4423029735714004
19788,0.6570173799901806
19789,0.3888012861971813
19790,1.0868867082520415
19791,1.1700908910155294
19792,0.09193574112361665
19793,0.35763423218690576
19794,0.2568548914586637
19795,0.13421485988106033
19796,0.5597362134797862
19797,0.6140059291688224
19798,0.4014117793675574
19799,1.9035456423224604
19800,0.46825252073248463
19801,1.8326250783669298
19802,0.7816170468984477
19803,0.6379148485137053
19804,1.9644753229011198
19805,2.8484968966367865
19806,0.804587512581044
19807,8.413931767968903
19808,0.23448771975745586
19809,0.5727765620478296
19810,0.3292187095090339
19811,3.1127179947237607
19812,1.6721326813747865
19813,0.867046602599269
19814,0.15332231447797118
19815,0.18158563150778373
19816,0.28068495326958004
19817,1.0304713234542864
19818,0.20055304816429648
19819,0.11423044416437464
19820,1.0701638185959543
19821,0.5930005605478142
19822,0.3148708522957465
19823,0.8387433924366667
19824,1.3751373819543686
19825,0.5324560394608314
19826,0.897122775783583
19827,0.9028123812905497
19828,3.1507694554418824
19829,0.48443193573348414
19830,0.22858351240954075
19831,0.6143102790980488
19832,1.3231117118051996
19833,1.5016193847409878
19834,0.382931288881889
19835,2.484597263577499
19836,0.22888147871011832
19837,0.25684099998630655
19838,1.9179413883068213
19839,0.36606124517872995
19840,0.22907746237109808
19841,0.5981829309909967
19842,0.744114136708296
19843,0.37954548375663044
19844,0.5943336325111904
19845,14.371116810354305
19846,0.8805365663543074
19847,0.5710985427770243
19848,0.0680121907974791
19849,0.5180985442307927
19850,1.4370248572857498
19851,0.5829344890649677
19852,3.472857320696458
19853,0.8669887640222417
19854,0.186659360299101
19855,0.5211871683624247
19856,0.7370542135117235
19857,2.571741834094107
19858,3.139794252377192
19859,0.6286139289531875
19860,0.6333610888395139
19861,0.8069261855573141
19862,1.7713135972670175
19863,1.7926637463811719
19864,0.5113282879628347
19865,1.1290390817810811
19866,0.261266339663088
19867,0.13624666653327822
19868,0.20706457461321676
19869,1.3324434122420628
19870,2.8403536607205697
19871,0.6507047763058028
19872,0.2073011538792856
19873,0.983148664909557
19874,0.6176702035842775
19875,1.1475963686106838
19876,0.625736850722574
19877,0.1950586985420194
19878,1.767294386730125
19879,1.5705745101815094
19880,0.027375157878562574
19881,1.0540606824853451
19882,0.5780051053241131
19883,0.5415855985374551
19884,1.6829696776032685
19885,1.5169057119307399
19886,0.8160594111254256
19887,0.2018453040632058
19888,5.094011964018916
19889,0.7712994684488167
19890,0.07334992595918333
19891,3.383402824782611
19892,0.6633479523276503
19893,0.7134910304410482
19894,0.2773702965066143
19895,0.3972206637649924
19896,0.10726136573096864
19897,0.41420275918339394
19898,0.2469539830107001
19899,47.001641549312794
19900,2.3882682731234803
19901,0.10738634477222159
19902,0.5384101155515301
19903,0.27570546673794993
19904,0.4499433645359901
19905,1.925034591235124
19906,2.9308787705917863
19907,0.6019196348195207
19908,1.7303806399805015
19909,0.5775092464262547
19910,0.8511710818208205
19911,1.0719795457077566
19912,0.11935464194023629
19913,0.4942778904018458
19914,1.4016109925510118
19915,1.3116506502684038
19916,3.4252872677328003
19917,0.3451678869492853
19918,0.19287111448525623
19919,0.09027760992243
19920,1.8383361386065076
19921,5.778200058085879
19922,7.978888624190672
19923,0.14889641515801275
19924,4.284446151215771
19925,6.405680242469215
19926,0.16132461516301616
19927,2.7758375402558806
19928,0.557368339023104
19929,0.0706529229926999
19930,0.0959307925923588
19931,0.2565324798827379
19932,1.194831996705445
19933,0.8200311342377237
19934,3.0913452208474146
19935,3.2666209978758505
19936,0.3742163110100674
19937,0.5727622732771854
19938,0.284888082164881
19939,1.3287779897601366
19940,0.3189056717043179
19941,0.32620488708715956
19942,1.317383465402121
19943,3.8117756726240657
19944,0.4905638623717355
19945,1.6357913304604188
19946,1.0633755255189274
19947,1.7817974618113055
19948,0.8165533584094871
19949,3.8594044115036654
19950,0.06374932442764436
19951,0.4316039278092754
19952,1.4522773405427007
19953,0.6058182082053826
19954,0.1960780589014237
19955,0.6973828294203491
19956,0.7324437163917823
19957,2.3255356057785104
19958,0.4524497507840513
19959,0.9395687926689037
19960,0.31341174559756146
19961,1.1397595948079748
19962,4.051906262347604
19963,0.2603566651722102
19964,0.055532121674000394
19965,1.3196968311777715
19966,2.0986112912359633
19967,0.5675238928778348
19968,0.36462885877519646
19969,1.3372911837298236
19970,2.259339452856395
19971,1.0518097607995995
19972,0.3859938396315288
19973,1.4304600795181754
19974,1.1088558231941839
19975,0.914374731154712
19976,1.0531730892359303
19977,0.6236441888671762
19978,0.5764956871972833
19979,0.09232609185899615
19980,1.874346317304245
19981,1.8303351962468257
19982,0.9501911539543046
19983,2.9933307273755383
19984,0.7569177072356612
19985,6.730109484451765
19986,1.2547214877351807
19987,0.2859088298174423
19988,0.4030531074943545
19989,3.826193271263999
19990,1.8041145160823906
19991,0.2056965320278149
19992,1.3777733334370244
19993,0.8251289464131728
19994,1.5506882267998103
19995,1.510006867316878
19996,0.9702597049736218
19997,0.791203444957455
19998,0.2137372700370806
19999,0.89829520907586
20000,0.09194509048877465
20001,0.8624474663840161
20002,1.5168218869842838
20003,1.7894250266408736
20004,1.2892134188928563
20005,0.6591405239185871
20006,0.6221821138059656
20007,0.6481668520268341
20008,1.8191489372310758
20009,3.094706167163955
20010,0.07134280358681698
20011,0.16585867919741434
20012,0.12090245213901957
20013,0.45908941554702093
20014,0.6186871098449841
20015,1.202257773787772
20016,0.16175454576118614
20017,0.2175771044377383
20018,0.2710768067911169
20019,1.3483595943164537
20020,1.4300489158844807
20021,1.9061214052201545
20022,0.05170088295523252
20023,0.9371575097103484
20024,0.9681224239993903
20025,0.7226313750212203
20026,1.7935827929384491
20027,0.5741942090978535
20028,0.10541185606477471
20029,0.5388171546510655
20030,0.2719400553383788
20031,0.6069469059182144
20032,0.9303686659419945
20033,0.562340443932962
20034,1.0029002440108152
20035,0.3197469378905276
20036,0.895314971076298
20037,0.21635423377354185
20038,0.2387653265363966
20039,0.3370828267536681
20040,0.6755916233502429
20041,0.21986155542117167
20042,1.873891846236512
20043,1.3814868487662737
20044,1.0072762901875525
20045,2.0078394456658994
20046,0.577556018492677
20047,4.541140735806208
20048,0.33563673369435615
20049,0.6433758189464157
20050,1.491797901950885
20051,0.20078123966509298
20052,1.4504721011831467
20053,6.637151049687503
20054,4.834819323869338
20055,3.83643886991342
20056,0.38551049219489475
20057,0.6469687958226151
20058,6.40233041218372
20059,0.31231989358444184
20060,1.5251137545129043
20061,1.8592430379139628
20062,1.5766873979058227
20063,4.6888736648182014
20064,0.32951752739216156
20065,1.2258920277613465
20066,1.0843284558592767
20067,1.9906462571328718
20068,0.1915258116376493
20069,8.665241627897842
20070,1.2160640783657837
20071,0.10209152682054609
20072,0.30536341525880595
20073,0.08689057057499734
20074,1.192089981477476
20075,1.06158049989338
20076,0.0978353402468398
20077,0.7256507263634075
20078,0.6297077680814747
20079,1.4231096363117595
20080,1.3740549623388973
20081,0.4991663108395904
20082,0.17733624307398074
20083,1.1387919791433387
20084,1.3962836302510975
20085,0.0677565730257122
20086,0.2869133921796049
20087,1.1637214502211277
20088,1.4045921736385374
20089,3.888033372180661
20090,1.7634152061250987
20091,0.4554545883555884
20092,0.11266815847983634
20093,0.27657424438221956
20094,15.659904534869623
20095,0.8304725620895751
20096,0.7237361071111381
20097,0.41622519224377935
20098,1.6430347862020573
20099,1.064091366419266
20100,1.6784442151544852
20101,0.5142595168505609
20102,1.1607543775135511
20103,0.17317353622480133
20104,0.5567450061795276
20105,50.97581209317252
20106,0.10517206651594982
20107,1.9428589462798238
20108,0.3162054439102758
20109,2.3186327646420324
20110,0.23478657332882322
20111,1.5998329434018375
20112,0.3237108713151984
20113,1.749650797938575
20114,0.8232957866066964
20115,0.7138884190096346
20116,5.216442724449877
20117,2.267925996350075
20118,0.9613838782628771
20119,0.6696671828535113
20120,0.32153455323564134
20121,0.40410669880040323
20122,2.1185528944744605
20123,0.9705347207642645
20124,1.2486957351981418
20125,6.094031814962492
20126,0.9598283487631777
20127,8.654291613032544
20128,0.081715524459922
20129,0.5368272996974557
20130,0.3133342583904644
20131,0.8550551865300402
20132,3.8859137074065333
20133,0.2998952034807481
20134,0.7230174957079105
20135,0.08384174706869138
20136,2.0155193247968475
20137,0.8093061254028016
20138,0.8528638496640965
20139,0.16318692895767023
20140,0.19706430691904217
20141,0.043688763986928614
20142,0.1260572861414436
20143,0.35593818860153015
20144,1.1918782889870674
20145,1.1360038806621398
20146,1.37148351626609
20147,0.12734742455890147
20148,1.068117578240151
20149,1.215245944251155
20150,0.43707874852621476
20151,0.3417726194542474
20152,0.4408959781574322
20153,0.2135945808242387
20154,4.0458859060566095
20155,1.908848467092153
20156,1.724993672020792
20157,0.1783898371393208
20158,1.0451201734287834
20159,0.9999343087866035
20160,0.14937688277409655
20161,0.42598381513480743
20162,2.0923904190030473
20163,0.748086745210401
20164,2.6838878999631905
20165,0.6817976496486521
20166,0.40826452659650475
20167,4.124545190732389
20168,0.2273425767319611
20169,2.7888849555672524
20170,1.6625261755807987
20171,11.411898943565548
20172,0.5851210423758383
20173,1.8552973222980573
20174,0.13804556860803904
20175,2.307020405577376
20176,0.20933218714188262
20177,0.08257143619385034
20178,3.397498819240322
20179,0.5141496144238041
20180,1.9770532793979063
20181,2.934183250319556
20182,2.5155665557830287
20183,0.3175311068173249
20184,0.6131519635860668
20185,0.5177463744935515
20186,0.12520758759554534
20187,1.116919780944642
20188,0.16831377329863825
20189,0.44116501752620285
20190,4.223284379464886
20191,0.3805220727174867
20192,0.1759266691105966
20193,0.3595314366954303
20194,0.15439092731665563
20195,0.668412793336742
20196,0.8939171086221127
20197,0.45011820090218474
20198,0.12676730478790327
20199,1.0000396008815944
20200,0.09047841338490596
20201,3.2942697094886975
20202,3.074975569532713
20203,0.5803433631515468
20204,2.890157479187126
20205,1.0370060465808522
20206,0.6536298567257464
20207,1.1802043085695264
20208,0.5020064129284478
20209,0.18247298393137848
20210,3.934457239345564
20211,1.0985010009170593
20212,0.39064370866846637
20213,0.35229485490420054
20214,3.7586107092165024
20215,1.9709725171929828
20216,1.767638504429549
20217,0.6041291589699458
20218,0.32158840680514766
20219,0.12593554687315464
20220,1.3882299713241297
20221,4.71375332553271
20222,3.6418349294058325
20223,1.092250649351897
20224,1.2578377976197037
20225,3.431767243785173
20226,2.21554784212463
20227,0.11369452062165349
20228,0.18458480081461653
20229,2.0261190078338824
20230,1.931161462275892
20231,2.7185223834414365
20232,0.2993909034689068
20233,0.8175423386697596
20234,0.499577759536286
20235,1.0661044758914413
20236,0.09063897795457042
20237,3.6121985616689027
20238,0.5835931667094698
20239,0.2947149038975876
20240,0.11064672470586104
20241,1.0746718466142173
20242,0.40514551725328457
20243,0.6074665197691352
20244,0.703899390437448
20245,1.9198881268777006
20246,10.09168567226685
20247,0.07211554206019095
20248,0.3019252276820865
20249,1.363542118917299
20250,2.925689672746327
20251,0.6517788856776559
20252,3.1008349266462862
20253,0.2911312406280575
20254,0.08103078743934662
20255,0.3729650469422683
20256,2.3007612868032434
20257,0.7578633796240156
20258,0.08483135454301005
20259,0.09361572392575752
20260,0.062296469946041017
20261,0.4821726310914436
20262,3.1233227299765858
20263,2.1523511532709483
20264,8.301704439181197
20265,0.7278708394847462
20266,0.24431102623867917
20267,1.7400530585538738
20268,0.4913538909327727
20269,1.497430177851503
20270,0.4010086505424219
20271,5.3389794819350955
20272,1.5345993908890028
20273,1.5133658350443784
20274,0.33231225466114833
20275,0.26272817753450967
20276,0.8625456421988961
20277,1.4180303639335796
20278,0.3912369049800917
20279,5.60667034457601
20280,0.06377337189360414
20281,0.4268853990576549
20282,0.9667789696632584
20283,2.8951214616575887
20284,0.2195107029743563
20285,0.6829852604749369
20286,0.30085425659469023
20287,0.32777340998129106
20288,0.4457756087046695
20289,3.911348038815095
20290,0.1898583532253069
20291,0.16545732069223132
20292,0.4154774026884253
20293,1.3546015015654567
20294,1.2653555230071991
20295,4.09465404479121
20296,3.9656890398482334
20297,0.21824123912573182
20298,0.1976869666876441
20299,2.7842449438857138
20300,0.043806327965088855
20301,4.524660165950362
20302,0.09693958876286232
20303,0.5214117864714347
20304,1.145171507374997
20305,1.7906241343295728
20306,1.5591773548023522
20307,0.20087925654616776
20308,0.11485993107805574
20309,0.7775247734048881
20310,2.169132216903619
20311,0.6518016870984963
20312,0.6790553736074415
20313,0.03335354200910625
20314,0.8271844302197997
20315,0.14533172530223015
20316,0.46507439964785807
20317,0.23085093587912994
20318,0.6235302068130999
20319,0.7783979933571143
20320,2.148298576485795
20321,0.7699890590027852
20322,0.2636592032961327
20323,0.7602811309040278
20324,0.18889691865724478
20325,1.2542743905241283
20326,0.44786792472865716
20327,2.35030443375198
20328,0.6254436154074009
20329,0.4370274050253668
20330,0.9206766885607036
20331,0.6522041863992876
20332,0.7629241159309893
20333,0.42954014177314964
20334,1.7025501222548358
20335,0.6271347670399624
20336,0.1293711845808108
20337,0.8796802965651722
20338,0.29612766734261503
20339,0.21433999270628737
20340,0.9309190713015493
20341,0.8849297958064937
20342,1.67784540795045
20343,0.2928568193484429
20344,0.22518997598446042
20345,3.8185406802276156
20346,1.483649345775398
20347,0.39905339965042946
20348,0.617126041518616
20349,0.264324250467078
20350,0.7632735341601884
20351,1.372739056543261
20352,0.49916028828373243
20353,0.30781090221915836
20354,0.060559414248056255
20355,0.8412479977762449
20356,0.8828006545169488
20357,1.1648854712835046
20358,1.6751708472186846
20359,3.849086793901772
20360,0.7614071133851156
20361,0.5031357800258923
20362,0.23950609621902136
20363,0.13078905773809144
20364,0.6143938271079118
20365,0.8762653820581179
20366,0.4248007975729002
20367,1.2064345239271057
20368,2.757035013429809
20369,0.13877936358541482
20370,0.9405058729841773
20371,1.0298826444572542
20372,0.9184468664849152
20373,0.5190389949983726
20374,0.5181295327479448
20375,0.30092702803236804
20376,11.157247770017626
20377,2.0124061091166143
20378,0.3664912285461863
20379,0.06973235438079389
20380,2.171602660120724
20381,0.5700126502139735
20382,0.25811215106454033
20383,1.7576458115581508
20384,0.14164968822093246
20385,2.258597853932496
20386,0.44388689084181226
20387,6.512162830771096
20388,1.566103409376626
20389,1.0441716565592034
20390,0.018398524695826785
20391,0.483256545221362
20392,1.5615935470000482
20393,4.89732439606722
20394,3.0540029159736886
20395,2.2513815363888394
20396,0.5161367283619
20397,0.3713607116197574
20398,1.2248030837164807
20399,2.2518294009618773
20400,1.4566061862623603
20401,1.2648444110017978
20402,0.9968208536602121
20403,2.169425253272088
20404,0.4917069230824071
20405,0.4651835923445589
20406,0.9822541649973189
20407,6.8272405560432246
20408,0.3728766603995636
20409,1.1107888496311429
20410,0.9003334819455537
20411,1.0099851847902326
20412,1.1950510030752621
20413,2.4046875855723315
20414,1.0821693441749634
20415,0.06432966079424493
20416,0.14941279447129868
20417,0.8734938036058411
20418,0.09762671183788835
20419,3.3724937000724546
20420,0.7835349559233513
20421,1.5832860080639166
20422,1.5716375084392986
20423,2.652761359356146
20424,0.44044696340812556
20425,0.6763435095966022
20426,1.578300291121209
20427,0.13929048534337712
20428,3.189397280767849
20429,1.046458644876386
20430,0.3977363156231243
20431,0.30249297129555325
20432,2.6778315981790217
20433,0.5542162770520931
20434,1.094573545071355
20435,0.9540461362791958
20436,0.9938362389096063
20437,0.11541848666998415
20438,0.9941377537613465
20439,0.40328635614266656
20440,0.9404423083160718
20441,0.10408021693353939
20442,2.8707773242545054
20443,1.289975671786386
20444,0.6938849145290391
20445,0.6878172024246771
20446,13.052033040481273
20447,3.9369622955593746
20448,0.9713787839671509
20449,1.2124274611695576
20450,2.1173577938762818
20451,0.4733923228338908
20452,0.8140945196338146
20453,2.12970509059721
20454,0.36659921506872223
20455,2.9258591037546595
20456,0.24105564455858539
20457,0.5014917582338839
20458,0.4141735842036367
20459,2.0531388761209985
20460,2.3751470107622463
20461,1.6037372302820025
20462,0.1339590634528128
20463,0.16768512465700294
20464,0.6414652778723869
20465,3.099005093207245
20466,0.3058677998488556
20467,1.3463639493837811
20468,2.832807185860808
20469,3.2564052313135354
20470,1.1078169144224503
20471,1.1744561582647193
20472,0.9686097062080931
20473,1.4368433663464133
20474,0.08260884694701615
20475,1.4177769435534209
20476,0.9124422440291454
20477,0.5487372522553026
20478,0.703505430738256
20479,0.8226716344642334
20480,6.616606860478493
20481,3.0774571473109384
20482,1.2928667003502539
20483,3.1604494836882315
20484,6.022935543197876
20485,0.2361898143350358
20486,2.556065463674822
20487,1.6390578937557834
20488,0.24809566627790958
20489,0.9284716314919919
20490,2.5836646016473868
20491,0.5917123537671698
20492,0.8010245275073241
20493,0.1849658682837309
20494,0.3384826836635867
20495,2.621135078787861
20496,5.5761198376970516
20497,0.17420303192365705
20498,1.381691008836183
20499,0.2764294401529115
20500,2.184613061276157
20501,0.33568931686392445
20502,0.6819815831767687
20503,3.7312055803764745
20504,2.1572740969740285
20505,1.2630107211358512
20506,0.26541799576151004
20507,1.839618220113868
20508,0.5636888013069967
20509,2.3164634071943166
20510,0.709112989436644
20511,2.8252696469353435
20512,0.5899271866716997
20513,0.055255991235919844
20514,0.16282718524259815
20515,1.0689106710852982
20516,0.9716553922933818
20517,4.628277856702128
20518,0.6177286747213176
20519,0.7462842615578533
20520,0.43126270377072407
20521,0.8292185645632394
20522,0.051690346304387326
20523,0.7758183217038114
20524,2.452292731690138
20525,4.1149992087638365
20526,0.04431319027857208
20527,0.37939913228682526
20528,0.4056436881032208
20529,0.16539126660953796
20530,3.841149040436654
20531,0.13939800620218998
20532,0.13431599328090074
20533,1.508457985773248
20534,1.6316678755637526
20535,4.322173710915392
20536,0.6554589401100545
20537,0.3969855859840762
20538,1.578781960609994
20539,5.36294740287345
20540,1.6078514570372602
20541,2.38456995508323
20542,3.034585014869481
20543,1.8445123259283125
20544,0.19624182877770333
20545,0.42671456694308263
20546,0.6420722752698245
20547,0.5346357626645419
20548,0.20641505817024247
20549,3.178056918706644
20550,2.8647539889995133
20551,0.47113817052186846
20552,0.5236636819977452
20553,6.218806704592945
20554,0.682482911628701
20555,5.013256543534949
20556,0.11192836335342174
20557,0.565798070506896
20558,0.2745972363180798
20559,0.4152090341036237
20560,2.239595352359473
20561,2.1638631508343837
20562,1.426923824557074
20563,1.9277760114756295
20564,2.3004366895818142
20565,0.33748570000653244
20566,0.5955118772777472
20567,0.6047480073649651
20568,1.7990408255458283
20569,2.3018576787146166
20570,1.1940352686713898
20571,1.9387456416845126
20572,1.992068883945281
20573,0.1048372508431492
20574,0.13947039219706328
20575,0.34652816331536057
20576,0.6000269194559682
20577,1.3444905572042694
20578,0.37674685184907086
20579,0.5261971076671735
20580,0.668507561046129
20581,1.1724331776652615
20582,2.807948306648252
20583,0.27433140656610044
20584,0.1124812437800035
20585,0.7729074873520475
20586,0.38355905921358185
20587,0.32239629801224506
20588,0.805410899140441
20589,0.2127536149007459
20590,0.6255151343757908
20591,0.2281369524678364
20592,1.2566641447485238
20593,0.5886111835533195
20594,0.4847372479666948
20595,1.0458962604078108
20596,0.20059295406799926
20597,0.5670587453990862
20598,1.9421816635201505
20599,1.7832794671388985
20600,1.2554463349046794
20601,0.027341636687284076
20602,0.3820074918427838
20603,0.07433408945438627
20604,2.9194440438599494
20605,1.4947966831776878
20606,1.8675973595993072
20607,0.25039683380314465
20608,0.8407895840437205
20609,0.7463642222764485
20610,0.34643927454451123
20611,18.16679853895566
20612,4.281287728493861
20613,0.12865627307520788
20614,0.9311149915645537
20615,0.5742987050842521
20616,0.6079358446267882
20617,0.17005654734988923
20618,2.0297242006332974
20619,1.6189426042187254
20620,0.4938167124993862
20621,0.13754092589469621
20622,2.149433139497088
20623,0.6133157777512918
20624,3.253633538830322
20625,0.6723791403445274
20626,0.9264527217650507
20627,0.4623136139783754
20628,0.551464302714562
20629,0.2813393502920879
20630,0.510636112137427
20631,0.3944707070985758
20632,2.660430910988551
20633,5.278754934401574
20634,1.1053482532566596
20635,1.3726326776190811
20636,1.3880190578055065
20637,0.8848855838844534
20638,0.3183412843235602
20639,0.9678611499830766
20640,3.9096688565670585
20641,0.523570953567161
20642,0.3493460183465545
20643,2.909778068055852
20644,0.18225677410267138
20645,1.164874691070727
20646,1.016681353907154
20647,7.164401047109964
20648,0.08085427760209421
20649,103.59977729985583
20650,0.21794369356910911
20651,0.37727709054552744
20652,0.4709642262177349
20653,1.0052930688668444
20654,3.768396061155736
20655,1.1437493137911385
20656,2.1190448639963266
20657,0.26847474655646636
20658,0.376666463678522
20659,0.6673310870853042
20660,3.016491243687816
20661,0.2840010934358879
20662,0.7038427385467076
20663,2.2352477042927656
20664,0.9962831128314602
20665,0.12412439872269374
20666,1.9501008010184686
20667,0.14375719451887403
20668,0.09661569384229236
20669,1.2374806269013745
20670,1.8901556482666335
20671,1.1839249900511404
20672,0.9275187094376514
20673,0.96722103204787
20674,3.632258643498141
20675,2.7586120851576785
20676,0.046715994958476025
20677,0.2965593687772725
20678,0.9270400198932128
20679,1.2237162178082577
20680,1.0690947707559055
20681,1.1448637397412202
20682,0.9728574195925519
20683,0.2391905629467749
20684,1.2852851171463406
20685,0.7458874734276271
20686,2.649544184814858
20687,1.7538935635995023
20688,1.015370859961578
20689,3.1977733014078913
20690,1.0085754968205753
20691,3.763218809481904
20692,11.501479896381458
20693,2.011691007578264
20694,0.43538305374544206
20695,0.2801578142973877
20696,0.320057791707676
20697,0.3860365048465011
20698,0.8696651239206419
20699,0.1824619271185972
20700,1.4650935686170623
20701,1.8673210657040125
20702,0.2623376719992849
20703,0.13064170632344937
20704,2.4512765796705223
20705,0.05300616440170293
20706,0.07654013428209619
20707,0.1384767865686966
20708,0.17121396908001307
20709,0.18522259569616836
20710,0.897103674946443
20711,0.7943273506930701
20712,1.2021204146469981
20713,0.9452520899917404
20714,0.33957962076403614
20715,6.220560681459959
20716,3.739003666727468
20717,1.5243081735243322
20718,0.7387025641233257
20719,1.1567112272810516
20720,0.10054989501422079
20721,0.6553086399770687
20722,0.021032259866517758
20723,0.5415013670222426
20724,1.4759356225386537
20725,2.3034965167746106
20726,1.3332633408752694
20727,6.378110962204617
20728,0.22466895202000567
20729,2.3264841874155864
20730,1.1546865766067294
20731,2.143361555343321
20732,1.0478155924052708
20733,0.08408215590760783
20734,0.5323070910426058
20735,1.9470183774642793
20736,0.28131990606933543
20737,2.462434471393843
20738,0.6178033782116584
20739,0.5219418879950029
20740,4.572479563325448
20741,0.11272549894231645
20742,0.5464083844198442
20743,1.9453785186281094
20744,6.326103498237913
20745,2.224829300750845
20746,3.4837646481640516
20747,0.4668555405772574
20748,0.49305536094714003
20749,1.4664251736471043
20750,0.8534819876348786
20751,2.767416549629854
20752,0.42428817992575873
20753,0.9366925860882044
20754,0.43048797389852955
20755,0.5514624245056439
20756,1.4430443963485544
20757,0.8181676519819167
20758,1.9573845480620455
20759,0.07221003136402908
20760,0.8866372271825884
20761,0.4180177274528569
20762,0.37353753296772724
20763,0.15995176595008082
20764,3.5031838393819705
20765,0.3001067771263364
20766,0.4088685791274028
20767,0.9890453124658595
20768,0.38483754316491053
20769,1.7794508208525108
20770,0.09319394864764645
20771,1.1314904860294097
20772,3.077531824101573
20773,2.104561642456292
20774,0.28923042619064454
20775,0.43948023174149653
20776,2.210119814423276
20777,0.3856909241326571
20778,0.13066028251030995
20779,1.2189192269731217
20780,0.707683794531976
20781,0.06595143563473671
20782,0.6356332935355705
20783,0.4877535289981264
20784,0.1500605037209063
20785,0.350847277669225
20786,1.5643628730786217
20787,1.2801345441767569
20788,0.499663761163432
20789,0.4769069070256302
20790,2.005857304258685
20791,1.3947588439221255
20792,0.8838223800020086
20793,1.7946320563827587
20794,2.1444481084193776
20795,9.825472310410154
20796,0.26199669572694406
20797,0.03602191862133256
20798,0.3445299686900525
20799,1.5178138917942752
20800,0.2916329509930641
20801,0.4306219434008354
20802,0.3088783580490329
20803,0.21301764539907017
20804,0.1372800360300751
20805,0.09366033932737068
20806,0.5265187735193517
20807,0.2814573421732428
20808,0.3639535493709817
20809,0.9014381221746245
20810,1.1990751332743286
20811,1.033311930845273
20812,0.164329266861489
20813,1.5615984123834443
20814,0.1187267803968631
20815,0.6977832084999437
20816,1.6985983062352705
20817,0.3616567006691589
20818,0.5042438093628421
20819,0.23923641665855563
20820,0.33900026294134716
20821,1.0326001381543515
20822,1.639108947176015
20823,0.5922370589500842
20824,0.7385761584895176
20825,5.113394593669451
20826,1.7165841994337872
20827,0.3899874548534046
20828,0.8289869534728108
20829,0.31933979977166116
20830,2.0164126645912166
20831,0.5096747168389534
20832,1.2638631809253205
20833,0.6541195030773393
20834,2.0804702743195285
20835,0.9062925114736922
20836,0.1679427979020363
20837,3.711237674633072
20838,0.1472709828515044
20839,0.16707600591413008
20840,0.3238167455340029
20841,0.4153499148478533
20842,3.2223035798745494
20843,2.5785256574167184
20844,0.08492442421085811
20845,0.7434132597904327
20846,3.056714636308833
20847,1.7234920859340541
20848,0.3689533520069488
20849,0.5063081338550094
20850,0.18077215201530564
20851,0.2420672915850684
20852,1.4538133556637587
20853,0.20842876934090343
20854,2.2745652884154417
20855,0.6695568391012504
20856,2.0316451764333023
20857,0.7895867721981279
20858,0.26551245008340263
20859,1.3734896700986066
20860,0.8131082352901267
20861,0.7136068491675069
20862,0.05912125860584921
20863,0.760988950216133
20864,0.3661405939798267
20865,0.923256458255983
20866,0.8527686684471292
20867,1.0470883300597642
20868,0.5959810118878571
20869,0.7286099490413669
20870,0.8624181977692575
20871,0.3214322560500262
20872,0.5062943588962072
20873,0.6550819181879619
20874,0.5297209518038554
20875,0.6269509876679398
20876,5.311022445559857
20877,2.788522156636194
20878,0.18178917518611837
20879,0.7322042999340875
20880,0.18419129353561556
20881,0.48647593203132583
20882,3.4798656520933857
20883,3.686762266686884
20884,6.700292974391889
20885,0.23898671137525399
20886,0.9553078639763536
20887,0.32632659343950177
20888,0.9769661304470432
20889,3.1716883976521837
20890,0.3748018905757312
20891,4.606596680387143
20892,0.13232544963499576
20893,0.8510572809023746
20894,0.12042508241640153
20895,1.1303072282520994
20896,0.13266871987682913
20897,0.6506705950961524
20898,0.1653247505485616
20899,1.5352205022373357
20900,0.027564258714490093
20901,0.668414657758027
20902,2.448593380970537
20903,0.506520135515611
20904,0.7459657967794551
20905,0.46631907050558763
20906,0.6746148577583229
20907,1.6584286708508669
20908,0.08055251415899078
20909,1.3620178758568884
20910,1.1143584928576464
20911,0.10563674133742837
20912,0.593084496100275
20913,0.8952233202754072
20914,1.0044138457768093
20915,2.434574408674313
20916,2.6408897771201665
20917,0.37714215513062854
20918,0.545587572012017
20919,0.5410197969881165
20920,0.448310867662856
20921,1.63185915833492
20922,2.0106032246820167
20923,0.1891543499701366
20924,0.7532607665529056
20925,0.10073363516943518
20926,1.1789160208593807
20927,0.5354214068414918
20928,0.07155330032447133
20929,2.0448338169899825
20930,1.2056312890204868
20931,1.5422717853931365
20932,1.8377455753494603
20933,0.4794015971919809
20934,0.35207700440942324
20935,0.03759231840524889
20936,0.2706892635278298
20937,0.05909821708214912
20938,3.367249647404386
20939,5.627469826141227
20940,11.820639251067734
20941,1.4995448270103795
20942,1.1219248677628393
20943,1.0326606755389376
20944,0.2350101408275103
20945,0.29628861983578686
20946,1.1780102014675948
20947,0.5863596818160299
20948,1.1817950197868003
20949,3.404185951443263
20950,1.4727369348287689
20951,0.6679443924448822
20952,0.5655918324276219
20953,0.23527216890854663
20954,0.679984486057938
20955,0.9346347640818238
20956,1.9276255966459988
20957,0.23489022034715007
20958,0.825622092243878
20959,0.6566859108594729
20960,0.8922808619230463
20961,0.15739252305804924
20962,0.6715340177288528
20963,0.37834728186092587
20964,0.4851215696704743
20965,2.3398006308369266
20966,0.25678023489263024
20967,0.3564880506504046
20968,0.7246512505829722
20969,3.1858346612027715
20970,0.348635194029161
20971,0.11905176074825152
20972,0.6730915778931049
20973,0.779868510891828
20974,0.24614229897738427
20975,0.08527740159313102
20976,6.4679380548377114
20977,4.925160401101633
20978,15.864165643100314
20979,1.1283710653174728
20980,0.08885284754102972
20981,1.861197239682578
20982,1.9650063801120319
20983,0.6646239624533312
20984,0.8241177363824619
20985,1.2394718393955175
20986,1.3999814473126886
20987,0.19349603183730918
20988,0.8553770854295003
20989,0.6451380510293394
20990,0.47593072938952724
20991,2.8085618856580363
20992,0.7054847993399918
20993,1.2296316202151008
20994,3.2605143971647386
20995,0.049364050172769784
20996,1.113522794675366
20997,0.3920697217204495
20998,0.23952450296183422
20999,10.745346957088408
21000,0.12238033930858619
21001,0.4374101121941852
21002,0.6067365793854161
21003,0.29029112786881456
21004,12.478562888862806
21005,0.43029964158063977
21006,0.46862709576274275
21007,0.17520901374479358
21008,0.9305336297766169
21009,1.2026772201452962
21010,1.1542893467563662
21011,1.3003785693965333
21012,1.8909965202824155
21013,1.919312051838652
21014,1.3993787790901677
21015,2.054322422713037
21016,7.823515002288727
21017,0.6416560018057051
21018,1.8393031413677097
21019,1.5038638818595498
21020,2.025967156108155
21021,1.8598923249756552
21022,0.14017910700766234
21023,1.97268622959768
21024,0.9789887038703966
21025,2.813389018577977
21026,1.694417611583888
21027,0.5358063181315287
21028,1.696085827644124
21029,0.7603635191534887
21030,0.7694882384879043
21031,0.9161290996261173
21032,2.0466527131471555
21033,0.25350605651814717
21034,8.723538634141416
21035,0.8734668100978793
21036,0.732572544041448
21037,2.3559913299915904
21038,0.36902687625101765
21039,0.11512895433893633
21040,1.408449990005834
21041,0.13400412349381882
21042,0.44168444162283244
21043,0.875679380408979
21044,0.2796676716994257
21045,1.303738238442659
21046,0.9939002456290605
21047,1.0406860131524953
21048,0.9504154253275101
21049,14.919720159860498
21050,2.51356770120765
21051,1.2909533502089747
21052,0.20675232443466252
21053,0.5183986244533202
21054,0.6845342013617396
21055,1.3528357923117234
21056,1.9404951893013163
21057,1.5194500198593839
21058,0.5157395763297989
21059,0.05165696182121364
21060,0.28460539126765005
21061,2.645098564208427
21062,0.1457908495943679
21063,0.33991102894009206
21064,0.45588636493942924
21065,0.14830994655876173
21066,0.7544695299716614
21067,1.451664618010867
21068,0.45953072732616224
21069,0.27661509173295074
21070,0.653978566502152
21071,8.64388571451791
21072,1.706631326593698
21073,3.6187128261522674
21074,0.08318644642687045
21075,0.09041854461626798
21076,5.039563917018511
21077,0.68307363636984
21078,2.198444472720015
21079,1.047142213806886
21080,0.153475978444171
21081,1.186355044920664
21082,0.17931560694547588
21083,3.4291633359091556
21084,0.22735359466943464
21085,4.5252506153711884
21086,5.987812201986169
21087,0.948937140494443
21088,0.7546615316932456
21089,3.5662811476464276
21090,1.1087873197761693
21091,0.7508806757317267
21092,0.5254880001839389
21093,2.5145862607054483
21094,2.661170776028007
21095,1.436684835443991
21096,6.027469341346302
21097,1.3206723140328718
21098,1.494124070224987
21099,0.1929961724319016
21100,0.45662863909844426
21101,0.4407973486219609
21102,2.554588519609748
21103,0.09554117526047703
21104,0.9674685539500482
21105,0.8941000736980493
21106,0.8082114416736413
21107,3.7966487928301995
21108,0.1359808626258314
21109,0.798451249097219
21110,0.4929690944871378
21111,2.4810890561154624
21112,0.055499697660356645
21113,1.4465244804859514
21114,0.20703417396269064
21115,0.545972924750738
21116,0.1454484094708095
21117,0.6616405322555909
21118,1.4339699568760516
21119,0.4908270425261441
21120,0.7710108058343613
21121,0.040877123547852716
21122,2.3047921016089723
21123,0.2120238052551743
21124,0.7420385385193325
21125,1.0478927346223335
21126,5.651577001530081
21127,1.3472023426156394
21128,0.4886210332442114
21129,0.9566656886198269
21130,0.19234335582257678
21131,0.8229879644485646
21132,0.6979790363043712
21133,1.2997210490866988
21134,0.2763203877751123
21135,1.7526908727947874
21136,0.292247363816489
21137,0.9275588546144564
21138,1.8539243085820565
21139,2.0257418655291124
21140,0.6564136407809626
21141,0.1457088030464693
21142,2.6713683885624375
21143,0.7232968805841877
21144,0.3080760736415477
21145,1.0721418867446866
21146,0.3277436027266958
21147,0.4708983676519675
21148,8.061353777257969
21149,3.2337855006521683
21150,3.73774359598394
21151,0.4969423970781803
21152,1.3437070899865902
21153,0.7737149775409634
21154,1.7284878082918713
21155,2.7837182931052378
21156,1.016420530184605
21157,1.2619768809832568
21158,1.1996035463353605
21159,0.7268073979982695
21160,1.373814767519181
21161,1.66249326473541
21162,0.7408965921953743
21163,0.5830954765191991
21164,1.8735241050527454
21165,0.03595071806377513
21166,0.571832547039154
21167,2.525690079573241
21168,0.4066633424125755
21169,0.34836030614763464
21170,0.22728958330083843
21171,0.34773939198220555
21172,0.11987493893197894
21173,0.1531751686482164
21174,2.890340170057522
21175,0.2845095941205744
21176,6.429212815270366
21177,2.912223657098057
21178,1.010264807406772
21179,15.678708787101655
21180,2.136497735043687
21181,0.0953567685030147
21182,0.32331841097518427
21183,0.4028675947374628
21184,0.7184276723830677
21185,0.245037521343546
21186,0.688133962534881
21187,1.06312828326593
21188,0.5138125420054739
21189,4.528948331127795
21190,2.7027220108741634
21191,0.11940778022875559
21192,2.3831152678330265
21193,2.05401313433245
21194,0.07603811464378923
21195,0.2194654365410363
21196,1.2749339172340424
21197,2.028162145892676
21198,0.3234110401894288
21199,4.9146055504397905
21200,1.3488676770067238
21201,0.7127337674465664
21202,0.9646539236691306
21203,0.03984448082572882
21204,0.3641267856455565
21205,0.2218953837841204
21206,0.1659931913678655
21207,2.2940529396541485
21208,0.14498858660332442
21209,5.851227251074122
21210,0.059927053915774964
21211,0.9676512816552763
21212,0.5960562812653168
21213,2.2823318472560765
21214,0.40747572733999426
21215,0.22890340552261326
21216,0.11662928962755063
21217,1.7503484098852018
21218,2.5747620825785296
21219,1.6728326180815927
21220,0.43510461029159253
21221,0.26124236567251957
21222,1.856711935202973
21223,1.482663218139268
21224,2.7445400103870448
21225,7.412135631938134
21226,1.1936793842687314
21227,1.0936431277199967
21228,0.9261525481202082
21229,0.23409080436464713
21230,1.4284813089003423
21231,0.6475959681882699
21232,3.7311832669082743
21233,10.253404559664409
21234,0.1830355864012448
21235,0.17263041126341944
21236,0.40187390945792834
21237,1.5254716290543064
21238,1.0756873547627073
21239,0.22345875674517407
21240,0.4810510150522208
21241,0.3510659320128434
21242,0.3618229069887293
21243,0.33655893461344116
21244,0.05888827168580911
21245,0.7832640104635805
21246,0.10045077979983334
21247,0.6800369478880446
21248,0.531921641216839
21249,1.6585848967596846
21250,0.9507849499808682
21251,1.3393472734777623
21252,0.14567195800885288
21253,1.1802981428001897
21254,0.1481356190314498
21255,0.15852087231631995
21256,1.2228187089116918
21257,0.03293433415228283
21258,1.0681661316620954
21259,2.38399810133652
21260,0.6615421759868292
21261,0.20242611402634048
21262,0.07181363352546477
21263,1.2315719849730669
21264,1.0618564618577253
21265,0.4061386590696704
21266,1.2258883594586096
21267,6.269275745883932
21268,0.3856935282303489
21269,0.09309312593069176
21270,0.5125899384082997
21271,1.0929260663393368
21272,0.21414899029386508
21273,1.1173981246565092
21274,1.4356253949965037
21275,0.4390544045973472
21276,0.8105686345012075
21277,0.36728473159697445
21278,0.03646795760738045
21279,1.1313977851867236
21280,0.10313345463659865
21281,2.0149927339547102
21282,2.8094032969020657
21283,0.714316477495313
21284,2.2090746094058766
21285,0.7906473967059537
21286,1.495703664097613
21287,3.5406518596839494
21288,1.034876738092732
21289,3.060953437558695
21290,0.19838256056446643
21291,1.8422870633624056
21292,0.4341098111869552
21293,2.827338295248741
21294,0.4246483520160926
21295,0.18880635614777774
21296,0.47667327045660157
21297,1.983773571480519
21298,0.3918948444893418
21299,2.2904137765938963
21300,0.33326380034293657
21301,0.2796828150399848
21302,1.3350015578298762
21303,0.5500181213789093
21304,0.9335818670503062
21305,0.5249038495482764
21306,0.26393237369998424
21307,0.3322974555909147
21308,0.7749808033028758
21309,2.568095411883722
21310,1.9935808294092336
21311,0.3476130432807365
21312,1.0794153729258167
21313,0.9163726660551479
21314,0.9263805448348683
21315,0.7786563616660552
21316,0.12311673473089922
21317,0.3062301549872818
21318,0.27023827227308933
21319,1.0930411223609067
21320,0.18545809976425975
21321,0.21564737725691352
21322,0.15789882304841216
21323,1.4735488613269543
21324,0.751315447788659
21325,1.3408423602593766
21326,0.2920124318257245
21327,1.1241906123904086
21328,0.23196263395302863
21329,2.941341539008625
21330,0.9532729802874291
21331,0.06434552757501014
21332,0.4216408333802338
21333,0.6113006592035829
21334,0.6809882535123969
21335,0.4733245861243665
21336,2.2599475623896073
21337,0.3146464671138385
21338,0.8606477975084642
21339,3.0093116595981217
21340,1.94855737182333
21341,0.1852158210116183
21342,1.2837134804447397
21343,0.4962825034271735
21344,2.516624810978209
21345,1.3736598733551904
21346,0.7396059775259136
21347,0.07965414854142851
21348,0.19583334658852242
21349,1.0686088744642235
21350,0.23389677810437048
21351,0.6792243194516394
21352,0.13526506809668679
21353,0.22954542538905756
21354,1.487010059144076
21355,0.4628536977499725
21356,1.1342620826281191
21357,1.0838582164961894
21358,1.2719438325062498
21359,1.2681529326575691
21360,0.9497023538921543
21361,0.4303285623065321
21362,0.8969674197731791
21363,0.18044551001585543
21364,0.18141119903757275
21365,1.1452238843674205
21366,0.34064824991057013
21367,1.4722116488766666
21368,10.188034379449846
21369,1.1999402640407064
21370,3.1391478073458887
21371,3.156713904586005
21372,0.6033596326717643
21373,0.14407174641515624
21374,0.14828757136158266
21375,0.9079984014757965
21376,0.32126622289448353
21377,1.2505602372015976
21378,0.12870706045026264
21379,1.9296105161866939
21380,2.507967452284343
21381,0.39347048320003436
21382,0.587588056152278
21383,2.0130404637184953
21384,2.2242636748478657
21385,0.8098445138778152
21386,1.083343707718426
21387,0.5294224914745886
21388,1.079970459253635
21389,0.25622342755817834
21390,0.2973787152568682
21391,0.18037580216548954
21392,0.10611484226187258
21393,6.082561939675615
21394,5.146452968996016
21395,0.09143398253029814
21396,1.6733740626063098
21397,0.30846600468013
21398,0.3903521924782313
21399,1.3073615211815823
21400,0.592808275165345
21401,0.19176136350445586
21402,2.7498588958217036
21403,0.17592426934262168
21404,0.646774510514093
21405,2.5401802291825755
21406,0.7503363391312025
21407,1.5207386094521143
21408,0.17449872298426197
21409,1.9014838850558666
21410,1.076280148715754
21411,1.0031766905064639
21412,1.2130533005014397
21413,2.200705556610026
21414,1.2108594147453995
21415,0.9431041055860276
21416,2.196074471484396
21417,0.2828031870879106
21418,1.4306441619836174
21419,0.9426796417459596
21420,0.929884115354779
21421,1.1712627238964728
21422,0.2834265338591688
21423,1.361371773521034
21424,0.4792768054055489
21425,0.48371513799057025
21426,0.5273041492034976
21427,0.869140910917077
21428,4.487314639521035
21429,1.0895028623265557
21430,0.6602974866759214
21431,0.7882267861879922
21432,4.2910533329633305
21433,0.08761942832943416
21434,1.060510593897215
21435,2.563184456556521
21436,0.4061458563030009
21437,0.07415039471828265
21438,0.11427242790371765
21439,0.8449071001567102
21440,0.07795170237700057
21441,0.7495003150026985
21442,0.7321447547050781
21443,5.432762315620501
21444,0.1456393829899555
21445,0.7643348700332799
21446,0.5252137917753589
21447,1.0654761275061406
21448,5.150090202010379
21449,0.7279420572816884
21450,1.2419814369085997
21451,0.2994625734090492
21452,1.741170140169329
21453,0.9587694288688848
21454,1.3803085734349059
21455,0.09354555819034086
21456,0.11114088565371036
21457,0.3233238317475281
21458,0.9863777292354412
21459,3.256912942743799
21460,2.805601990122969
21461,0.5400371390907721
21462,0.25014667056411893
21463,0.407342866794381
21464,0.4170885492604187
21465,1.4237847475331917
21466,0.5587962892001124
21467,0.8257643279130596
21468,7.329962609418712
21469,1.9386705385708816
21470,0.30715136172922547
21471,0.2645113080520558
21472,1.5810235670255481
21473,2.1640233637565545
21474,0.7088778710559052
21475,0.07847835183912732
21476,1.903966569666258
21477,1.0953838825426698
21478,1.447627788875753
21479,3.9217447774366385
21480,70.44138031437984
21481,0.5700438191941218
21482,0.6546569431837886
21483,0.3695337406137028
21484,1.766664672256404
21485,0.1355303492680952
21486,0.5950433773523834
21487,1.192129527358314
21488,0.15854130398267055
21489,0.20668279397305903
21490,1.5152706547320596
21491,3.5213562233299562
21492,0.9545400352661219
21493,0.15694054844437505
21494,0.6005640409911457
21495,0.22828351362353874
21496,0.7379682207092819
21497,0.6070331075485682
21498,0.06941928026715485
21499,0.07147226870319999
21500,1.1291352150421592
21501,30.703121002069047
21502,0.6787626424175522
21503,0.12942334474544656
21504,0.1175574050870175
21505,0.7758085655551369
21506,17.894393123695178
21507,0.8726904622937997
21508,9.94104081212807
21509,6.3131948051540006
21510,1.3234784219354434
21511,0.9402563540325934
21512,1.334910673473222
21513,0.8712247593678724
21514,2.0727627376888664
21515,0.17535356553781847
21516,0.6186571111009745
21517,1.4954730574303317
21518,0.09745413710801122
21519,0.09031838327538383
21520,1.5123166558317394
21521,0.4088080510068921
21522,0.12964838226781322
21523,0.8894436034904384
21524,0.31361665990974336
21525,1.683113065430632
21526,1.4410298393665537
21527,0.10905593207051323
21528,1.541205150684988
21529,0.4020569253452108
21530,4.604770086050758
21531,0.5209213666948014
21532,0.08536303686386795
21533,0.8740223520484929
21534,1.8446483125679056
21535,0.795895159186818
21536,2.0301745196170065
21537,0.5348328949785137
21538,0.3385739802809933
21539,0.20107632226758781
21540,0.23661214210955028
21541,2.209325256131548
21542,1.0598011367747067
21543,2.916721511238002
21544,1.5396588717159834
21545,1.175842427308965
21546,0.18107880409048288
21547,0.27208906149943735
21548,2.5335781597390166
21549,0.30370609670840715
21550,1.0100824620398878
21551,1.0689846118266344
21552,0.8526573023282751
21553,0.0875176757357536
21554,3.5505288129383623
21555,1.942898334793172
21556,9.472109151571345
21557,0.2509424874394403
21558,0.9819588061020195
21559,0.24022407160521034
21560,0.9212182260825528
21561,0.96298814530464
21562,0.19085611475314498
21563,0.47920814197586337
21564,0.19834295389829285
21565,0.36878878100533885
21566,0.8871160926447195
21567,2.451505323577721
21568,1.320053773932038
21569,2.183249280755481
21570,2.617544341928662
21571,1.420063084896882
21572,1.2561146204994005
21573,1.6709078520740372
21574,3.819782898185285
21575,0.09260452474151656
21576,1.681196109186129
21577,0.6554159826007365
21578,0.12441343583271416
21579,2.017141850620901
21580,1.0493518312367216
21581,1.6724894268609096
21582,2.2908441155476647
21583,0.5913526483539392
21584,0.22909967353600302
21585,5.985074415019207
21586,0.631114389840727
21587,0.2997509158966399
21588,0.08697974380579566
21589,0.4076686988120779
21590,0.44229635511925164
21591,0.6405926649798439
21592,0.8377311939536449
21593,4.160756886490752
21594,0.2371684220639878
21595,2.021592574995369
21596,0.4392055770796413
21597,1.2190052195861019
21598,0.9531114862636508
21599,1.3046616939979205
21600,0.6309485133090542
21601,0.7429672626006026
21602,1.3531501150496283
21603,3.3676636107405913
21604,0.10427909285475898
21605,0.1659071512253248
21606,0.3165919350764971
21607,0.058809918800947616
21608,0.7091917259921393
21609,0.25636474491587746
21610,1.8865928752477203
21611,2.4758727037868025
21612,0.7662214031299448
21613,0.23804952492032094
21614,4.821982981941651
21615,1.2551803399222614
21616,2.466776643908931
21617,0.36462003224844447
21618,1.3903056854254965
21619,4.808426074617914
21620,0.6416746010152882
21621,1.1411653165663787
21622,1.3354166266656218
21623,0.4852315248640453
21624,0.1666733394963897
21625,0.5839572320669261
21626,0.5340387208785948
21627,0.25685139091205134
21628,0.3076893590689835
21629,0.8042506693137104
21630,0.12469650185724931
21631,1.729797471025941
21632,0.6303733076428675
21633,1.4552930276419025
21634,0.8010977230691493
21635,0.06431954033588638
21636,0.20727541679231656
21637,0.7231166895027696
21638,0.5046143412227746
21639,0.6200250271744892
21640,0.2859792496716987
21641,0.6868096769996606
21642,1.9573410501471997
21643,2.3295258723652035
21644,1.0304336820677686
21645,1.166376082585618
21646,0.8112638798688973
21647,1.0319589624702137
21648,0.18450146814937118
21649,5.143804416753673
21650,1.1413828570645146
21651,1.5202038710535295
21652,0.2593489858877374
21653,1.636093479305534
21654,0.059160130875588975
21655,1.0097883052004515
21656,2.761124816195258
21657,1.41595908197085
21658,3.2290049217484746
21659,0.20198244203966806
21660,2.8559735504136383
21661,0.6424085136828912
21662,1.5059455920583087
21663,1.1443480457316488
21664,0.1317910913644934
21665,1.403077384483986
21666,0.960539852411368
21667,0.28502978818053354
21668,6.873375569483617
21669,0.3833528018551393
21670,1.0515239316094944
21671,0.4550863404528539
21672,0.4276719817947465
21673,0.8999341445143011
21674,0.4646006767970525
21675,22.23735719624569
21676,3.202366273517409
21677,0.3930807286616278
21678,0.7303411638307169
21679,0.7424870967868233
21680,1.6341468583600232
21681,6.214275197565303
21682,1.3823662085534165
21683,0.49260992288151756
21684,0.17328392552239358
21685,1.439971336878962
21686,0.7849291766907001
21687,9.649092707329425
21688,1.142519753406072
21689,0.9890260939134081
21690,0.28502269707864164
21691,1.0755323430959647
21692,0.5708307043171815
21693,1.4842970167932317
21694,2.252580665227453
21695,5.291330358454415
21696,0.31723631651783635
21697,1.736695422143062
21698,0.10985526656817755
21699,1.6508602604302605
21700,0.2501023083997599
21701,0.9162665496141856
21702,1.9746528563596217
21703,0.32808697909051704
21704,0.6056055008939286
21705,1.5681693883727221
21706,0.4559484723659508
21707,1.2224183233981185
21708,1.8944504997425644
21709,0.2593588687557612
21710,11.139955390466147
21711,0.2907410467062648
21712,0.8794158245606681
21713,23.98406318885693
21714,2.1155179356711638
21715,1.3543509709745858
21716,16.221169855680657
21717,0.1295142620494203
21718,2.8429608205828765
21719,0.1170808500464056
21720,1.222752672582072
21721,0.22202220823947824
21722,1.1141776462465414
21723,0.7062458464653213
21724,2.892995460202676
21725,1.5128985063246032
21726,0.09945682718540776
21727,0.17792981232125596
21728,0.08423711868347608
21729,0.2557656946700015
21730,0.8178089565684631
21731,0.3221334915530064
21732,5.791685005941844
21733,0.9121908776572271
21734,0.2718982955138629
21735,3.823264765436095
21736,0.7278317988682524
21737,1.3234114894030538
21738,0.2002534164642153
21739,0.48443770276346804
21740,0.28874544287373366
21741,0.6051744403629283
21742,1.1024301373176064
21743,0.3246344756772814
21744,0.08532030190361166
21745,2.5852462178698583
21746,0.06611416514461271
21747,4.797837005489904
21748,22.78148322944392
21749,1.8481600306003676
21750,5.762833807089427
21751,2.273420395175206
21752,1.262464815786779
21753,0.69557574678587
21754,0.10652438383494679
21755,1.7720594313805302
21756,0.9084907407743122
21757,1.4962474138773112
21758,0.8840995506271594
21759,1.2774762978552276
21760,0.2575082601885207
21761,0.5517970152492397
21762,0.1521667106187869
21763,4.004217648081571
21764,2.2424680473405445
21765,2.8181668983709347
21766,1.4903733098607266
21767,0.5577763479708516
21768,0.3944635762020425
21769,0.11740265410403622
21770,0.13015119358214164
21771,1.0610042852557164
21772,0.4243057209635451
21773,6.844795152420325
21774,1.1815547692914925
21775,0.2505817379330198
21776,0.9995706861006677
21777,0.26749048452909474
21778,0.310213135379357
21779,0.6684075954829395
21780,0.7387372303914961
21781,0.26055204237726026
21782,2.488460050990721
21783,1.84518969133782
21784,1.3199030223755606
21785,2.1032585593448414
21786,0.7015202834818957
21787,0.39540635984421146
21788,1.0900563918962454
21789,1.84015211880334
21790,1.4413244177922033
21791,1.8733192972935266
21792,0.7923603100444515
21793,0.30174583593054594
21794,0.23900209693481672
21795,0.8148049172250665
21796,0.9304253004587427
21797,4.670090868196025
21798,3.2039364350385275
21799,0.25698883690220625
21800,1.1848185369362692
21801,3.6152358092560006
21802,0.9983556701107795
21803,1.5417498234433484
21804,3.3194254167946635
21805,2.072550686804909
21806,0.374717258769513
21807,0.346653285248084
21808,2.1390687622525264
21809,0.4443701463339816
21810,5.713294678002328
21811,0.6197585297433656
21812,3.2633560488173052
21813,0.3971019773635277
21814,1.231715487030186
21815,0.42264333113173524
21816,0.1989700001555172
21817,2.048238720435749
21818,0.4634855128748089
21819,0.43116390410861294
21820,0.25853319234132077
21821,0.4742886725968422
21822,0.27335652162866786
21823,1.0604985974733263
21824,1.2407652315857687
21825,8.406003722021227
21826,0.7283845960598766
21827,0.39154252887576035
21828,0.2639962887449438
21829,1.4647107819365786
21830,0.619603304757916
21831,3.2068135514786116
21832,0.36537157579843443
21833,0.04356962824935639
21834,0.5680441620196975
21835,0.36173191941706806
21836,0.4348087547783956
21837,2.0409715588315285
21838,2.9075059789740125
21839,0.12175612062543219
21840,0.5623629286590635
21841,0.24144367121077848
21842,0.24691116238807026
21843,3.6087358595673926
21844,0.24418706592670858
21845,0.033347198283602365
21846,1.4299464572385203
21847,0.5513361114345608
21848,0.27263265087206734
21849,0.2181596671401545
21850,0.13860084367190795
21851,0.09821570839680974
21852,1.299993944520892
21853,0.2312805137584764
21854,0.8818862209741216
21855,0.4443877627621601
21856,0.6713649065442222
21857,1.6961570253502067
21858,0.3243826435909342
21859,0.08659914619389798
21860,0.09966677639055743
21861,0.21310355762111127
21862,0.7105787354998161
21863,0.5364270382100407
21864,0.94326273769487
21865,1.262055057883941
21866,1.0395001917247149
21867,0.587365775506842
21868,0.31213146937756037
21869,0.3493496160632746
21870,1.2568922448169522
21871,0.15609930132078406
21872,0.6718432721680976
21873,1.029641998828351
21874,0.909041930124745
21875,2.2372211855912414
21876,1.2554413078998596
21877,2.352576179654531
21878,4.188341451279202
21879,0.7702147194034654
21880,17.370563962717384
21881,0.24944730014061334
21882,0.9199560564669544
21883,0.38241308830375875
21884,0.9957888098057348
21885,0.38945648126176785
21886,1.8222665413779133
21887,0.34118914965208613
21888,0.8159507177315548
21889,0.8942236378456994
21890,0.12596181158577577
21891,0.8847977387572008
21892,5.404788093941337
21893,0.6572380043558321
21894,1.7889950110955917
21895,0.18924437966068272
21896,3.6812642380812584
21897,0.8473821315378938
21898,0.8685442247975388
21899,0.45367603903156256
21900,0.8889097089313112
21901,1.3877202389033871
21902,0.7270305907047132
21903,5.766166689584754
21904,0.29995192073155547
21905,1.247747993902241
21906,2.708098361493562
21907,3.5655373680682474
21908,4.4132269865415354
21909,0.6890577492631395
21910,0.9289314295733926
21911,6.028318860267861
21912,6.463895354876703
21913,0.3334820374507931
21914,1.3781387681619586
21915,1.0553164766214866
21916,0.08305686412524298
21917,6.426444327141307
21918,0.5447819550113535
21919,0.17704335856022504
21920,1.4745532859742767
21921,0.24524237146131483
21922,0.7540422358397352
21923,2.4158869342931437
21924,0.2706247028167726
21925,1.0135628368599459
21926,3.1173854820609517
21927,0.5029860210585333
21928,1.268752358530561
21929,0.06951419295246472
21930,0.24185304564363608
21931,0.6942408337342221
21932,0.18370396395625352
21933,0.21373074454165514
21934,0.3343809893699046
21935,1.2008222205035806
21936,1.3906342791604938
21937,2.4578851158769153
21938,0.12688032422517387
21939,1.1758557952996602
21940,24.43674728145789
21941,0.507998790230805
21942,0.1075315941310025
21943,0.48091389267348367
21944,1.6243082141460965
21945,5.1685725229659685
21946,0.7802003887193227
21947,0.10684996732867039
21948,1.082049597932345
21949,5.571535315902638
21950,0.6036493167291671
21951,0.4496364520566809
21952,0.07511289402339721
21953,0.7241181508586283
21954,1.0888161895386528
21955,1.567067055230957
21956,2.473160846906605
21957,3.199196685444615
21958,1.1238966846244614
21959,0.1562945719714882
21960,0.20554498663127688
21961,1.0562005416216846
21962,2.73401288220169
21963,4.691813008610829
21964,2.8256879676059063
21965,0.11732458639668172
21966,0.46796883940801703
21967,0.38589607447828767
21968,0.36250763091803684
21969,2.2363887527593733
21970,0.7607410892915834
21971,0.29086067602628396
21972,0.3880659000629521
21973,0.8122473847147998
21974,3.3946839594585274
21975,0.3436695636152132
21976,0.22659370945743715
21977,0.3515471590974568
21978,1.315637294086174
21979,21.025943746110375
21980,1.191471243153528
21981,2.6668029341730293
21982,0.35262442716529097
21983,0.2618149159711305
21984,0.5839443069095724
21985,0.51428175502195
21986,0.16890854676482667
21987,2.1612255559456535
21988,0.3710196649852997
21989,1.7300910388248008
21990,0.9383569788661962
21991,0.9127332132485766
21992,2.4974752235136184
21993,1.04855013626103
21994,1.2131729837801053
21995,0.2113152064717415
21996,0.49750435136099824
21997,0.7192409270161185
21998,0.3930361472473437
21999,0.4088878209293601
22000,0.4073722484854713
22001,1.4393821506956448
22002,0.17807393892424508
22003,1.6488858194235712
22004,1.197673084874145
22005,1.0046939533745274
22006,2.2352538539838873
22007,0.2076442006352422
22008,1.6098762116292702
22009,1.904218664642374
22010,0.19624645917385067
22011,0.18089887618189532
22012,0.585227719720387
22013,1.9847625477469624
22014,1.1320455552871218
22015,0.39632727923438665
22016,0.7023092536707031
22017,2.961366890041048
22018,0.9731849226769786
22019,0.44866392575564706
22020,0.6037522535559443
22021,2.9441525862967226
22022,1.0982346824681348
22023,2.5198692125283704
22024,0.13318570957477618
22025,0.2578327174543428
22026,1.285033538341157
22027,0.6927323513767287
22028,1.889894971643945
22029,5.878884417739722
22030,0.25070937034848045
22031,0.23342858058484883
22032,2.361473066703081
22033,0.2842066786738256
22034,0.6324952523112358
22035,0.3392830402969771
22036,1.0173997768185732
22037,1.5932144151846488
22038,0.013514139526400636
22039,1.5333922422720068
22040,0.7434970992015362
22041,0.35509057831185675
22042,0.37546095661547124
22043,0.3990364965036219
22044,0.2854647267218016
22045,0.8761115128244682
22046,0.5827781031734732
22047,0.09602161619081805
22048,1.3777239998777968
22049,1.1358570429301418
22050,7.085981361252904
22051,1.1078105740980957
22052,1.2553234331026533
22053,1.32331724890415
22054,0.26464376058397393
22055,0.17600937668910863
22056,2.3242131479342167
22057,0.09441087963500654
22058,0.13413181609289931
22059,0.6987094826813813
22060,0.07677409349264847
22061,0.6621660876908919
22062,4.021312102416888
22063,0.4423972108036117
22064,0.08745791940775881
22065,0.7903050651411969
22066,0.7093867607642638
22067,0.9528132432286981
22068,0.20481539162288903
22069,4.482998837897812
22070,1.5445995065178442
22071,0.5978155162591265
22072,2.792095779351788
22073,0.3268290698443593
22074,2.8524137860016494
22075,8.393887163106564
22076,0.37920008109956904
22077,0.14409628772742056
22078,8.323059300307081
22079,0.8387739992680812
22080,0.9434365292567356
22081,0.46649907463753437
22082,3.978879928108443
22083,0.39857652286923395
22084,0.2644737728166935
22085,2.3781711206806375
22086,1.2457592358457563
22087,2.0047591678210748
22088,4.632335191124339
22089,0.13469711142797966
22090,1.459078515874741
22091,0.2330384918297832
22092,2.1062227361223336
22093,4.850284446380354
22094,0.4712498485482871
22095,12.702341931988956
22096,13.002648553508859
22097,0.11390672979619712
22098,1.474812764682779
22099,0.11766548451212414
22100,1.5660270848065274
22101,1.2561369975171373
22102,0.40666818690521445
22103,0.20845507981798422
22104,2.920312747603761
22105,0.18409406956392382
22106,0.059190594997571684
22107,1.4984206538478815
22108,2.8033707465529165
22109,3.871829898462964
22110,0.2722371681881719
22111,2.6324550114499776
22112,5.111403119243958
22113,0.6958727198244307
22114,0.06303266724116525
22115,1.1405835972580236
22116,1.864455932234154
22117,0.45685460286276824
22118,3.0678989916883634
22119,0.9156358383153337
22120,0.6826281989270098
22121,0.3062414723509052
22122,1.2513207059533615
22123,0.7957171137766815
22124,0.6847592135818819
22125,1.9076701224301515
22126,0.10929523507793207
22127,1.7478620469541497
22128,0.44672210820420877
22129,0.6850247123828795
22130,2.1831658905998013
22131,2.895587879790047
22132,0.10624168315522592
22133,1.2068889713896602
22134,3.051283546038056
22135,0.11980739564786813
22136,0.7794802720931888
22137,0.6191245667152737
22138,0.7829587786016461
22139,1.3905041299006762
22140,1.313309946242082
22141,0.22354672572328912
22142,2.040130602936896
22143,0.5203387822090416
22144,0.5004458495243098
22145,0.27738291504136997
22146,4.210227906227893
22147,0.2382071193482876
22148,2.8985395935027043
22149,2.5332736110272354
22150,0.5434231035218958
22151,1.6221708745420247
22152,2.7382771789801894
22153,1.88743486511855
22154,1.3651259963453581
22155,0.8165392335379704
22156,0.6661430159426676
22157,0.08915714134846102
22158,0.7091557530719322
22159,0.9386057833337202
22160,0.38304917133297856
22161,2.820008392316808
22162,2.113077732220735
22163,0.49428267261880365
22164,0.8861672796579488
22165,0.9230762057761025
22166,0.35328155156463553
22167,1.464869589958691
22168,0.45995576178855313
22169,0.28229224302654327
22170,0.7908672041987506
22171,3.9014524600615665
22172,1.3952808522812044
22173,1.4967078518891248
22174,1.5430069867561365
22175,0.10247928407448607
22176,2.4178422929864003
22177,0.16751364335171928
22178,0.3627406939503598
22179,0.10884494327290067
22180,2.878432905774769
22181,0.23782916467772586
22182,3.3542192255190524
22183,0.18314687991053993
22184,1.7125981105470025
22185,1.6340203342530568
22186,1.40127252053179
22187,0.4479389956480785
22188,0.7654810756366738
22189,0.10878126634277537
22190,0.24532552976530175
22191,0.23191987086662763
22192,2.7628272050738185
22193,1.4224806747157674
22194,0.140973879938956
22195,0.1436037293391532
22196,0.6957490281036959
22197,3.456733277966454
22198,0.5346846379260219
22199,0.9594707933423094
22200,0.6559371119574582
22201,1.5951523130540595
22202,0.5126339162825007
22203,1.3241438249848319
22204,3.2518684742271335
22205,0.6082496350562847
22206,0.15625637955960922
22207,0.9583313536511799
22208,1.752296890557636
22209,0.05912949950745951
22210,5.591385344351954
22211,4.278241724739056
22212,0.7731221628072886
22213,0.075383681962387
22214,0.566077659637762
22215,1.5417284267683746
22216,2.856716789933714
22217,0.9903115873655073
22218,1.925092322045288
22219,0.716363035312881
22220,1.1443047825956394
22221,0.4481525997097196
22222,1.0551901331504214
22223,1.288341674194803
22224,0.7763437944226527
22225,0.26856652592668623
22226,1.2016986126358655
22227,2.6022154386390204
22228,0.11076878238996855
22229,0.6473927712844271
22230,0.7026935257001087
22231,2.93231469529676
22232,0.6404198293047688
22233,0.703696786950659
22234,3.842790783237188
22235,1.0712968773986826
22236,0.4991902481911102
22237,1.6016311392823632
22238,0.6732206910435712
22239,1.279957375459625
22240,1.6155855081174983
22241,2.680357930427295
22242,0.05268835900754601
22243,0.3561672480832129
22244,0.32734464190754214
22245,3.692803052195991
22246,1.240705627011823
22247,1.2354656487463553
22248,0.3511916068187337
22249,2.05100036425891
22250,0.5405576597788303
22251,0.3144580708900549
22252,0.9337510986465021
22253,0.12825819174627323
22254,0.13328437857110648
22255,1.4821649706632782
22256,7.266760342783946
22257,1.8448897737939502
22258,3.4996244016121305
22259,0.6058118923991456
22260,2.27453543141778
22261,0.26809914651009664
22262,0.7946474862691735
22263,4.001502875181489
22264,0.15263060532593895
22265,1.3985580387589815
22266,0.18697024189256464
22267,0.2574337163451839
22268,0.32588330158911394
22269,0.10945954254563404
22270,0.3698518147812891
22271,0.36663518361151065
22272,0.500949911363763
22273,1.4920369696294944
22274,0.22982388638309037
22275,0.77118552175895
22276,0.5922717585674778
22277,0.9074574323356491
22278,3.7776837494029447
22279,1.123665503501281
22280,0.5239398508874411
22281,0.19069155967019114
22282,0.6097141527354001
22283,0.06967465385972492
22284,0.6209763484650999
22285,2.352661957570827
22286,3.5343537169618924
22287,2.393668060894966
22288,1.5095581680657393
22289,0.3792534042364714
22290,1.9897008808489238
22291,1.300525338024677
22292,0.8468313053111663
22293,0.34306596446431276
22294,0.8893261091272536
22295,32.69859475436565
22296,1.2478044260981294
22297,11.930128594444346
22298,1.3944181613164002
22299,1.9923170774783348
22300,6.750974588234456
22301,0.4443821226041398
22302,0.6051305928376955
22303,2.1645527302593357
22304,0.35330080411229337
22305,0.1151060028381112
22306,1.6545356589333533
22307,0.27440867394098883
22308,0.1653248848431643
22309,0.9180935232510777
22310,0.5487415823350713
22311,0.0171663086455175
22312,1.4746368110817858
22313,4.412371369906622
22314,3.1899683463699304
22315,0.09359689895989023
22316,1.0488954468678708
22317,3.9406469896022207
22318,0.3570670167535032
22319,0.2854855796554047
22320,1.0564410978607182
22321,0.39278335235428335
22322,0.7513002073444468
22323,0.4324901923699968
22324,0.18041044981205456
22325,0.0631965924402066
22326,0.27040777547469685
22327,0.30539757305909665
22328,1.480825594216531
22329,0.10929377104331542
22330,0.3484166584143744
22331,1.5257948346718897
22332,0.12232925826910232
22333,0.6615157831506947
22334,0.7731585267816268
22335,0.2974350598824598
22336,1.4895911351094455
22337,1.6043139777354125
22338,0.16251217199758855
22339,1.016270041784461
22340,1.3878660357212655
22341,2.4924604682760267
22342,0.3609543361592964
22343,6.535047131360034
22344,0.7164446931463475
22345,0.3114419683275483
22346,0.6992076621929758
22347,0.5514922785700056
22348,0.2839935148865429
22349,38.716678548590735
22350,3.2357496202072333
22351,0.1886912318263546
22352,0.695318862230422
22353,1.7059641254196278
22354,2.507081315027545
22355,0.4893565717916178
22356,0.504140049407984
22357,1.1584889815421584
22358,1.5664563135489784
22359,0.43653424197849405
22360,0.27994727674798925
22361,0.49259210856768
22362,0.4057416140497476
22363,9.324864096771622
22364,1.5329807798356359
22365,3.3012243122175735
22366,1.1179310916401708
22367,3.6850333870176173
22368,0.9165792450054993
22369,2.834452603362554
22370,1.6093954124233352
22371,2.8108276726733754
22372,1.6510213722899176
22373,0.922783408899052
22374,0.41521084644980943
22375,1.1659957691963714
22376,1.4238119756192538
22377,0.22519797046820905
22378,0.0992953306094321
22379,1.221188724567986
22380,1.0185479924742864
22381,1.2174763748718136
22382,0.3190282961995607
22383,0.6293134813944953
22384,27.415431047516034
22385,1.044135214090434
22386,4.1546436186712254
22387,4.623733568385027
22388,1.7468427166839546
22389,1.5686789043990335
22390,1.0615927821091322
22391,1.0581035634622793
22392,2.084055146480763
22393,0.47175155887474535
22394,6.928620598807006
22395,0.16845594272275988
22396,0.960505119029035
22397,0.38406151268218786
22398,0.138995628215221
22399,0.5346913529417007
22400,2.610906170835066
22401,5.695180932641155
22402,0.4890820540014412
22403,0.16325746987710701
22404,0.21936941986388142
22405,0.8764514652696384
22406,10.975094669307637
22407,0.719673596236627
22408,0.16917001531082568
22409,0.30674307484676583
22410,2.5838970406010167
22411,8.291363067892519
22412,0.5820372235820153
22413,1.3831913943312126
22414,1.9555131198341216
22415,0.9071874103799634
22416,1.4420729688958946
22417,0.5962570734307551
22418,1.1440263034674034
22419,0.18214044285209838
22420,1.6404907586711064
22421,0.12524703480079336
22422,0.16273114426161267
22423,1.184907586842539
22424,1.1046726703641225
22425,0.696533849538902
22426,0.08710965486000072
22427,2.155950940415869
22428,2.696161178460155
22429,0.2988968325348826
22430,0.44366330441122365
22431,3.6043035489089195
22432,0.9928127462484732
22433,2.4706483967891653
22434,1.1619809405439034
22435,0.7910740221019161
22436,0.601533326636798
22437,1.3492350142309344
22438,3.0840676379561667
22439,0.9720600231982741
22440,5.039401953873668
22441,4.1936391840037075
22442,0.9006799360899895
22443,1.028143150110651
22444,0.4819030245818114
22445,2.5895765355092717
22446,0.04226181500875244
22447,0.12698894905393407
22448,0.9041717760073117
22449,0.24410256506516223
22450,1.142180474785516
22451,1.9567395280207152
22452,3.0080002071160026
22453,0.2614711564045421
22454,0.1481694635541098
22455,5.736097870827488
22456,0.9240552221287196
22457,2.0439052684605468
22458,0.5557658667768748
22459,2.2684908901424414
22460,0.37995009815446507
22461,1.821868508906658
22462,1.1175711846354899
22463,0.39798818078629145
22464,2.012677659246239
22465,7.110534551690842
22466,2.6637137760114378
22467,7.424593066467604
22468,0.30740538904443837
22469,0.2967501616578259
22470,0.35766000516534924
22471,1.6856685557543056
22472,0.6618999319384455
22473,1.0152182001480643
22474,1.0359466947639384
22475,0.5727851070413813
22476,0.16975466895696054
22477,1.4627482989338305
22478,0.0829686166273764
22479,0.5663208276347411
22480,0.47048328838807557
22481,4.4412714797419275
22482,0.6484445078272928
22483,2.2425208396609895
22484,0.9457750906908744
22485,1.0498730264151586
22486,2.0503415435751684
22487,0.7397322223213924
22488,0.7676945936337993
22489,0.21380150548434232
22490,0.8057359003283894
22491,0.9295298760715454
22492,0.3746482100920216
22493,0.13243890929683788
22494,0.10645884364458345
22495,1.3647393235128502
22496,0.6298359958949936
22497,0.2271624372808097
22498,0.40227215555229573
22499,0.08001790707133222
22500,1.1035007897103852
22501,0.3705902601649765
22502,0.34876446320386056
22503,1.3115295061975352
22504,0.5608931823405591
22505,1.4917659482510737
22506,0.8958587343810893
22507,1.1777537634785398
22508,0.7412838187599726
22509,3.0498669993799563
22510,0.9438166180546711
22511,0.2977023813350291
22512,0.3260822405542159
22513,0.6655169110626303
22514,1.7186991314317557
22515,1.9663195888950151
22516,1.2480216996515576
22517,0.07989832639637091
22518,0.34527722981994424
22519,0.7041829060146256
22520,1.4044926109690945
22521,0.16713487517535522
22522,1.2655461512333843
22523,0.2249951252640585
22524,0.6513192775493526
22525,0.7895821290211175
22526,0.3765688331160171
22527,0.1608117248321173
22528,0.1822948496334297
22529,0.24441633588047335
22530,2.2102495469737633
22531,0.19850195615991462
22532,1.111409048557903
22533,1.8061854636506995
22534,0.9784272148072706
22535,1.3409693007666879
22536,0.39509933153093924
22537,0.11853250552888718
22538,0.20436010674779725
22539,7.038500328484284
22540,1.4156062595797387
22541,0.3253512868518533
22542,3.426906975413904
22543,0.43377883821756297
22544,0.10491893935128932
22545,1.485338496512612
22546,1.6577177614660106
22547,0.1387562431547738
22548,0.49825301172672376
22549,2.948450956629768
22550,1.1690801405124485
22551,0.6952343910197434
22552,0.9536141520903934
22553,0.32967724967231893
22554,1.0166486835472275
22555,5.686814754863537
22556,6.568975756797391
22557,2.3283564985736147
22558,0.2887574899664558
22559,2.113617801810039
22560,2.298520214607183
22561,0.8558855996002231
22562,1.2013244104736172
22563,0.9055444304621203
22564,1.4866091049789292
22565,0.08504517017807182
22566,0.19790152858690205
22567,0.5020027362242309
22568,0.16113666985552633
22569,2.7686948284214488
22570,0.3559769285539027
22571,0.3416987003044328
22572,0.5330829081171753
22573,0.59509048068538
22574,0.9222281360952355
22575,0.413731552617706
22576,1.0191303090099648
22577,1.1568775643145304
22578,0.0791989695968819
22579,0.6030344233491665
22580,2.4870932093147378
22581,1.09329364343395
22582,3.1384538678724256
22583,1.8118786865783179
22584,0.5358661689592699
22585,2.039755706976411
22586,0.6759510721482208
22587,0.11940778022875559
22588,0.736073311322299
22589,0.37653908898949223
22590,0.08804984780999221
22591,1.6179911595140868
22592,1.7127467982635232
22593,1.117260944779357
22594,4.926561286744183
22595,0.5704360466825762
22596,0.9890798080910662
22597,0.3995498079496022
22598,0.16350482697535298
22599,0.5167789721668665
22600,0.11523550057184687
22601,0.4257335941539846
22602,0.4118098865131446
22603,3.672221646403048
22604,0.6183861052175674
22605,0.9654938224246536
22606,0.4475827480950752
22607,0.4073853337358171
22608,1.8425222130118346
22609,0.7559642247217567
22610,0.12531208702985072
22611,2.231984575658332
22612,0.03390986846007759
22613,0.15858154721937728
22614,0.37752340669228857
22615,0.9748856045646977
22616,0.44560446311177615
22617,1.3013859067012938
22618,0.5877326555354524
22619,0.06383441287514162
22620,6.083758504853827
22621,2.185915000471727
22622,0.7477681129635552
22623,0.5860937841877399
22624,1.781630751601236
22625,4.411303461796323
22626,1.390134531177956
22627,4.187638222487548
22628,8.397486968519496
22629,0.2673181193161638
22630,0.7111918062560977
22631,0.9062616157313563
22632,1.078403846508988
22633,0.1608787469811703
22634,11.417965575429324
22635,0.4059004671559897
22636,0.1578212062799821
22637,1.8668058166371069
22638,0.06583404917940519
22639,0.24836175065614927
22640,0.29219754278332644
22641,1.5002204592859534
22642,0.3582255608204173
22643,1.6966719625692661
22644,0.08902015131067188
22645,2.558275818409323
22646,0.07789358958773251
22647,2.9001716372750117
22648,1.2134145879963654
22649,1.0906257520895388
22650,4.981177903676697
22651,0.5422482402610915
22652,1.6758455356488136
22653,0.20396114653966044
22654,1.0804681202943813
22655,0.22149251089062855
22656,0.18522603107925217
22657,4.345547226021924
22658,0.25086430576251983
22659,0.6088403611591888
22660,1.1946257294866045
22661,0.6919228915817348
22662,0.8879709554112243
22663,0.5530765020844693
22664,1.574849145334902
22665,0.2335154405506973
22666,0.33161798527420777
22667,1.509354418634679
22668,0.5853240810091013
22669,3.966271260796963
22670,2.3125744248026763
22671,1.5753314131965492
22672,14.984398586190729
22673,0.7353322530245774
22674,1.911420386479109
22675,0.4270883522769639
22676,0.5744779053897453
22677,0.5324807879382668
22678,1.1158207631528572
22679,0.20387156434184425
22680,0.0809800798662014
22681,1.2419713368354144
22682,1.414977946193892
22683,0.35974342213063876
22684,63.937221126813476
22685,0.103818380963696
22686,0.7427969481281071
22687,1.6499136142567863
22688,1.0977699925826843
22689,2.791418574096223
22690,1.1191082251168825
22691,5.819457096399593
22692,2.9004962673093417
22693,0.275373761959088
22694,5.260349552912836
22695,2.222359143072219
22696,0.5499425547649183
22697,1.285252148343611
22698,0.48092218108853607
22699,18.50050845537399
22700,0.20963759089996273
22701,0.17801549502830927
22702,0.409381092891
22703,0.19827865748949453
22704,0.14878364390986945
22705,2.145216836777228
22706,0.5669827373695283
22707,0.06531278861523852
22708,0.30838482366457826
22709,0.20282682872248306
22710,5.447434775612603
22711,0.23800552865725044
22712,0.22049711091506652
22713,1.783543251673924
22714,0.43369645040500754
22715,0.16015190670802615
22716,0.3324951502970593
22717,1.360157077827057
22718,4.435392972811454
22719,8.737623111834264
22720,0.6527275888762749
22721,0.1644783553981832
22722,1.0094946419720778
22723,1.2277398515316134
22724,1.2098068562206565
22725,1.5580675655043246
22726,0.4103970508244284
22727,0.4490548422886632
22728,3.878878450713287
22729,1.8357393151491928
22730,1.0328253192607593
22731,0.8133982254122136
22732,0.16815535713238905
22733,0.10512036220718966
22734,1.2544713291349465
22735,1.3926918032995428
22736,1.3131954577631106
22737,0.5212712411169046
22738,0.17049542400683954
22739,0.393316284993902
22740,0.7930590571789491
22741,1.6033428226372994
22742,0.2438050599492516
22743,5.360368254210928
22744,1.1570561317606665
22745,1.5750762831309775
22746,0.21705727591743043
22747,0.9983586527582702
22748,1.5868191027142593
22749,0.12706368211785316
22750,2.1480108569533702
22751,1.4303320138117988
22752,0.19811913959183483
22753,2.8928073397829976
22754,0.529771623780148
22755,1.0712959465438672
22756,1.6021791558545095
22757,1.6860979098277966
22758,2.5457761333341176
22759,0.3451646936599184
22760,0.26728502272001814
22761,1.160321252116387
22762,0.3324554584425702
22763,0.13754262020370994
22764,0.21571025614626374
22765,1.273021046937638
22766,0.1907285853737167
22767,9.739004256976768
22768,0.48990538021706037
22769,0.4214685071171494
22770,0.4899090272311023
22771,2.7080498043857055
22772,1.4539444369478312
22773,1.6970147546526801
22774,0.12050674436751503
22775,3.9049483506158906
22776,0.21689564412719478
22777,0.6539026607166795
22778,0.7536218751207358
22779,3.6609024966441632
22780,3.318603122879516
22781,0.32035368343220594
22782,0.97206364412996
22783,1.9904404307128254
22784,0.3467997577419656
22785,0.12613815126599684
22786,0.6233906684542261
22787,0.9897401893345444
22788,1.6163874425644151
22789,0.4369457328623341
22790,1.4632472926055782
22791,0.5293573100922413
22792,1.2559398238987471
22793,3.7042579668751467
22794,0.38014116922155045
22795,0.1946921528879637
22796,0.6925513252565522
22797,2.334191332153599
22798,0.2675187552707347
22799,4.566609144695748
22800,0.13088852084488828
22801,0.4288572724497217
22802,0.10582684051005493
22803,0.036544689035379885
22804,0.9656243704641608
22805,3.8641295554398924
22806,2.146116497753313
22807,1.736914442494668
22808,0.9246566032806248
22809,2.454259887164814
22810,0.5790533020508587
22811,0.7660022721992273
22812,1.1914176378947863
22813,0.49611848700448613
22814,1.2820707490187822
22815,0.10215079395789056
22816,0.5088128287355642
22817,1.5230670743821666
22818,0.6824200925032035
22819,0.36857821255039946
22820,0.15724308999716366
22821,1.7058461465441719
22822,0.5104359849522907
22823,0.7315356205769624
22824,3.444951725676017
22825,1.0485540403620135
22826,3.175705498216666
22827,0.17473727537092243
22828,0.14203710616545867
22829,0.5346974342757791
22830,0.6291702331426758
22831,11.867577016619824
22832,0.11224649958753385
22833,1.776597271067979
22834,2.1894851519435994
22835,2.967209381268913
22836,4.257654258058219
22837,0.15578779760565348
22838,0.23126866254420575
22839,0.5217578503118184
22840,2.3551957377497827
22841,0.2641751160313032
22842,0.5077563308331645
22843,4.080242180410975
22844,1.6271412040810493
22845,0.3995278023924646
22846,0.09012268418359676
22847,2.5822108052355426
22848,4.468915031924833
22849,0.15593901073908772
22850,0.5651419244236073
22851,0.722041502330245
22852,0.870855181801288
22853,0.4124663829846154
22854,0.4938143838356633
22855,0.9982206442098039
22856,1.677209125062722
22857,3.9847186535447774
22858,0.3633802279217942
22859,2.4514345181782367
22860,1.8694609154155086
22861,0.25233337519274557
22862,4.433925313645736
22863,1.2153501907940982
22864,2.724255587119589
22865,1.290181172023721
22866,3.647011015611555
22867,1.2771367318569253
22868,0.811465035301326
22869,4.216732661914247
22870,0.8633275378784188
22871,0.7648388366812753
22872,0.3967263126578956
22873,0.037196555683941035
22874,0.9619684295522372
22875,0.4217850582511092
22876,0.22225546947018057
22877,2.3052840887987722
22878,1.5505188275957176
22879,0.573899502229106
22880,0.7864248725160965
22881,1.5055527422978354
22882,1.9442796284294601
22883,0.14106058803728952
22884,3.56111987410843
22885,0.9000595065078338
22886,0.3463504963335175
22887,0.668442936164944
22888,0.4303514021709
22889,2.9118979834172305
22890,0.5916854484291987
22891,0.6907758204996549
22892,2.283975285496174
22893,0.527277138212379
22894,0.1742880699627784
22895,1.3999802098039553
22896,2.937657179055749
22897,1.1055794717377754
22898,0.40842494608179425
22899,0.8497151037524631
22900,0.07760207592437487
22901,1.5470466261971316
22902,0.677282525276531
22903,1.006722793180946
22904,0.18368070166553968
22905,4.0538956964292785
22906,0.47425792976993475
22907,1.2035823159416925
22908,1.4858430829990115
22909,3.5473976777560696
22910,0.32920247978880035
22911,0.1827259054420472
22912,4.409070805637117
22913,0.41493440141547366
22914,0.27067760354880865
22915,0.6215111300676749
22916,2.2146728882124673
22917,0.9194056561504642
22918,2.247741393321394
22919,0.29849456449699346
22920,3.4527613391510017
22921,1.1646642400011458
22922,0.12649250808009316
22923,2.944487261897216
22924,0.5451049926932665
22925,0.6084600328369282
22926,0.5252395962603263
22927,1.5919927844587256
22928,0.6192776545429238
22929,1.9249490498973558
22930,0.5627775817097842
22931,1.4100070882935167
22932,1.837856973555339
22933,1.4059732587059628
22934,0.45163860005754075
22935,0.19460444439068844
22936,0.19505897750341425
22937,0.3628062801962361
22938,1.3271365973827542
22939,0.9367932611033065
22940,0.2847789508580519
22941,0.6169329205536657
22942,0.6833794756733115
22943,2.4089352163725257
22944,0.18418803201489045
22945,2.8261292751221565
22946,0.4921008449429518
22947,0.21532513996886707
22948,2.078083914761678
22949,0.28561873564817397
22950,0.8528693802501726
22951,0.3088961906106057
22952,0.675160168980956
22953,2.844706298977714
22954,2.2769845255043335
22955,1.5433505751890664
22956,2.424672879335373
22957,0.7140868948135644
22958,6.292626040298639
22959,1.5962998369269168
22960,1.6032239083949318
22961,0.7591537979330356
22962,0.23271354860818916
22963,0.8340681798161097
22964,1.7980174306325656
22965,0.0824917275524902
22966,0.17376803394323004
22967,0.13554511934514202
22968,0.23811004643095668
22969,1.9351744000880238
22970,1.8989694551090046
22971,1.8396507795324624
22972,0.49293442650980723
22973,0.8138705314734614
22974,0.44448490403456686
22975,0.2608827801385191
22976,2.2825694426588377
22977,0.7924043177066732
22978,0.9864023422567251
22979,1.0165792271286687
22980,1.048553325147807
22981,1.3855705861518388
22982,0.3930244273424617
22983,1.1401492268932087
22984,0.7172952412317198
22985,0.2859535580401082
22986,0.26902312551883645
22987,0.6115166366144907
22988,13.133252451359363
22989,0.23238383722043024
22990,0.8705197872042673
22991,0.5138626490742192
22992,0.6539778120218498
22993,0.33237001749324974
22994,0.8153111383865276
22995,0.04385859359478191
22996,3.4675281908434905
22997,4.206431690084372
22998,2.542885721773106
22999,1.4030010779997062
23000,0.41567225815627235
23001,0.1351241956221522
23002,1.4859015334151615
23003,0.08650193646020177
23004,0.34704017847731256
23005,0.5710126094706425
23006,0.15243899158632088
23007,0.08516956577212698
23008,1.2858914124653487
23009,0.34372658057679784
23010,0.46086652376406934
23011,0.6445021134181546
23012,0.8757742891915743
23013,2.625098055011253
23014,0.6566458243918009
23015,0.18500846740708893
23016,0.2172938738520096
23017,0.5079965480240872
23018,0.21279709845960956
23019,0.4143900849271822
23020,0.49473302650587936
23021,1.3964933827056858
23022,0.4469254816004857
23023,0.6741001006984121
23024,0.7343835671515138
23025,0.2898263607521869
23026,0.12896982406439758
23027,0.3545560015399548
23028,0.17035013214202857
23029,1.1168935681441428
23030,1.0672809656065736
23031,0.6071297590595057
23032,0.5492251718504321
23033,0.4872489217134759
23034,0.25126114495080476
23035,0.41997271159228927
23036,0.2332022053073144
23037,1.5682329977962135
23038,0.3781416672333541
23039,0.6435034639094628
23040,1.8207570617942017
23041,0.4278099521414261
23042,1.4983317570392312
23043,0.28115235027226465
23044,7.281191935089468
23045,1.231755577712586
23046,0.24885756517870664
23047,0.494107699450501
23048,0.539765324829257
23049,2.401231023628059
23050,1.8875595495517175
23051,1.1268615531255426
23052,3.1289963380942267
23053,1.3974472471043107
23054,0.4749126039899232
23055,0.5628973365459287
23056,0.4210613142412474
23057,0.13109174787195418
23058,0.9050114288428395
23059,1.070497165647939
23060,0.8400469911696051
23061,0.3827802104944269
23062,0.29160530009005153
23063,0.5860952322896567
23064,0.1910109382749979
23065,1.3982334502894935
23066,1.5307425256710974
23067,0.675777905921291
23068,0.7746971247232505
23069,0.9180820164153439
23070,0.27536240292392694
23071,0.6881881063831371
23072,0.6629988734151867
23073,0.08524723745218712
23074,1.1574793764634326
23075,0.034408012037295634
23076,1.0381058918600714
23077,1.22023865571983
23078,1.149893475622576
23079,0.502497529231766
23080,0.30727081328627526
23081,1.576377247736658
23082,0.8735330459126193
23083,0.30447711852136694
23084,4.332261281506801
23085,2.361915798396298
23086,2.226074719071738
23087,0.5389940684362322
23088,0.49088779839733826
23089,0.8983121817293611
23090,11.981774926998272
23091,3.6611618011401994
23092,2.9709513761498707
23093,1.3670753627094991
23094,0.19839702399107492
23095,2.2763582764343844
23096,7.2431857992697966
23097,0.09906476525487126
23098,0.9112875259265838
23099,0.07361544229661558
23100,0.027843697240013236
23101,0.3726550946703639
23102,1.5384194658423966
23103,2.0850780352229084
23104,0.3375261960133074
23105,0.8084311330433999
23106,4.730437641811218
23107,0.8289862994745183
23108,0.2746029909964234
23109,0.8102602219089574
23110,1.3333369851594505
23111,1.7539565710413423
23112,0.743819351238756
23113,7.536990076868528
23114,0.15978438382132124
23115,1.4412907379246518
23116,0.44947712545944996
23117,0.07204217980855722
23118,1.5145055551021092
23119,1.5307952764474317
23120,3.3628352584568146
23121,2.5610686551963506
23122,1.2749047574449222
23123,1.2402662434081417
23124,2.2218891875946314
23125,0.3817362785664346
23126,0.07520038980069002
23127,0.712109201842942
23128,1.114924077027683
23129,2.1139148207258502
23130,0.9278097081031595
23131,0.4547563179366162
23132,0.650465973526419
23133,0.3603068366939169
23134,10.613633115219999
23135,1.4360976749308958
23136,1.8900644129474113
23137,0.8968245260173626
23138,0.17724610082680045
23139,0.2162454339957192
23140,0.980340451061399
23141,0.5586519840179384
23142,0.5784548926412809
23143,1.425176961023225
23144,4.2809728402719145
23145,1.0736480409334785
23146,1.2331864457952424
23147,0.5592713204736561
23148,0.1647625536436254
23149,0.28530290655015644
23150,0.5264867365451276
23151,2.4826073641471855
23152,0.17906873497386153
23153,1.8314010156310707
23154,0.5533634337032395
23155,0.5213111422080626
23156,0.6280009665054569
23157,6.27277768140034
23158,0.25320000664861014
23159,0.31440729311089344
23160,0.03126970272725919
23161,0.060614626811116
23162,1.9512633258637935
23163,1.5093862085730156
23164,2.2584093385476542
23165,2.516699540154731
23166,0.34123217882561724
23167,1.7392825675320016
23168,0.11460522182904659
23169,0.7675031358006028
23170,0.7299825048310272
23171,0.9807268390277432
23172,0.7602746693072738
23173,0.4646990614977495
23174,1.2114234781987192
23175,0.7968258774384434
23176,1.4430684711854425
23177,0.40933079146594376
23178,4.394361122889461
23179,0.669002331495232
23180,3.5571529668787187
23181,9.16790329192824
23182,5.18699874631842
23183,1.3980579395290746
23184,0.7126465474073223
23185,0.27157916701907514
23186,1.5404983417035842
23187,2.4966970625690594
23188,0.6279873877914393
23189,0.22016108692506522
23190,0.34707162774802597
23191,0.8132659987159941
23192,1.8807396565502115
23193,0.5753448172356356
23194,0.5326157667158862
23195,0.6078505879896547
23196,1.1176588405476875
23197,1.145083981647726
23198,3.4130499099270746
23199,0.586762775713229
23200,0.348673316532923
23201,0.27913626881719455
23202,0.42294013611000236
23203,0.3199384833321506
23204,1.2236660534392583
23205,1.3509825351154559
23206,0.6867330249721627
23207,0.06674251360422892
23208,0.5599264758023206
23209,0.25980731930652357
23210,0.3239240745378067
23211,0.6097171317203649
23212,3.577113186662596
23213,0.5441381361084652
23214,0.4638872141578979
23215,0.8962011158479773
23216,0.9907438823270399
23217,0.5004534837846382
23218,0.4109058709133542
23219,0.03551323810611431
23220,0.8918969976980751
23221,0.40907475264324944
23222,0.29112287960781186
23223,1.0546114179987294
23224,0.10032008031703224
23225,0.45923499069347873
23226,1.5043208203492873
23227,1.8096793173527075
23228,0.4277219918745082
23229,0.11494117301340624
23230,0.6733120188863366
23231,7.067809447568791
23232,5.035065843587798
23233,7.3413215358342345
23234,4.890697776366055
23235,4.0243190422971455
23236,0.38287586246071714
23237,0.19512153525396247
23238,0.3296610432461447
23239,0.18854412757200298
23240,0.32378779997208945
23241,0.26677953186451836
23242,0.2244456382461549
23243,0.5512971016728045
23244,0.2679651131958414
23245,0.3901372172431901
23246,3.538439051444587
23247,1.3264594239496195
23248,0.5290613741371651
23249,1.872880008364154
23250,2.2922419460844834
23251,0.15319971022256626
23252,0.9403225432414672
23253,0.1924862162757454
23254,0.750670108972702
23255,2.7801703245772744
23256,0.4933959787814288
23257,1.0099664263806754
23258,0.20392256465279687
23259,1.0676269157456062
23260,2.151017134088889
23261,0.804078079659841
23262,0.12946005411376074
23263,0.48753593473104184
23264,2.054344568087552
23265,3.6764608841580193
23266,1.7380976955525653
23267,1.6764872670832633
23268,1.7972817649645894
23269,0.8058436740759322
23270,0.11479645763707653
23271,0.07641134711992387
23272,0.35967338993560255
23273,0.6054475507345658
23274,0.7844802098041321
23275,2.3698477067150803
23276,2.5756088138328903
23277,1.513543883757214
23278,0.6579386559432996
23279,0.5770925018355257
23280,1.1837271539714782
23281,1.6705056048998443
23282,0.45405206666682824
23283,2.529893232234576
23284,0.14525675329993412
23285,0.28586233040938996
23286,0.6706729537777654
23287,1.7661194990363838
23288,1.3691277155380486
23289,0.16009460710235687
23290,0.304093702067241
23291,0.6962771031908492
23292,0.9412040597194379
23293,1.3392073412049674
23294,2.188963227545574
23295,0.3970781178845826
23296,0.9514895980799523
23297,0.8044785773773101
23298,0.29789886865466875
23299,0.9555225624919101
23300,0.5754957789956519
23301,1.260242694151931
23302,1.2067951792834992
23303,0.3204158556125333
23304,0.16857918714808828
23305,0.8812495243532795
23306,1.2597593362200947
23307,1.3584036325371376
23308,0.05537345373141582
23309,0.5745772132198901
23310,1.945705243784042
23311,1.4288571194677024
23312,0.29088734874284555
23313,1.443964716306661
23314,0.9143334370695206
23315,0.7920566560059757
23316,0.3979334237740616
23317,1.1746816293959466
23318,5.07934739754988
23319,1.4704317014624608
23320,0.5205406003421503
23321,0.9481332656107926
23322,0.13554857302733747
23323,0.6976074629279087
23324,1.3697945599710375
23325,0.6051749250807429
23326,0.40488961904699045
23327,0.10106088457460083
23328,1.4690164217011916
23329,0.1758993106287565
23330,1.0898123143931118
23331,0.7900395032867673
23332,1.0926609217092922
23333,0.3360344875403323
23334,10.280359297819926
23335,1.2072399380096475
23336,0.19089973371392696
23337,0.3734385492115329
23338,0.10588081484150592
23339,0.2283693263476561
23340,1.7882871868052674
23341,0.4114904105232288
23342,0.22049699949446594
23343,1.1410649295745086
23344,0.3454649895231186
23345,0.015775328879281368
23346,4.498874841935319
23347,0.441907045964198
23348,5.076701916071306
23349,0.2667347327977085
23350,1.1855250935692203
23351,0.8224003927197601
23352,3.480640645111464
23353,0.9458183745855903
23354,0.8543819561003533
23355,0.07172909889273733
23356,0.3529482521768907
23357,1.1386459883740838
23358,0.31727365059015844
23359,1.5899857749593256
23360,0.16794589395603196
23361,1.5759936600564985
23362,1.8108803046334396
23363,0.5853149076055959
23364,1.058637820446525
23365,0.6016943272046582
23366,0.6078042491833229
23367,0.06841621354767473
23368,0.4569249209228013
23369,0.4052424613841844
23370,0.806468464812552
23371,0.7097408504166224
23372,1.0018390327762638
23373,0.6721352923975714
23374,0.5934966559320196
23375,1.3121952293120291
23376,2.3873796594697847
23377,0.6552898017012528
23378,1.588271333662719
23379,1.4835800785608093
23380,2.222638926250595
23381,0.2558294433986136
23382,0.9391494952173683
23383,0.5621222663907103
23384,1.1212213895404886
23385,2.477856638425832
23386,0.6097033780456892
23387,0.08994807273723308
23388,0.7687904919413701
23389,1.407685260059825
23390,0.5247636201653864
23391,3.1305562717577047
23392,0.6726818178306787
23393,3.564960503178722
23394,2.5933507854617366
23395,2.980360920682028
23396,0.16786198746717218
23397,17.88726781066668
23398,9.453134926528595
23399,0.8863959527111545
23400,0.3881651688767288
23401,0.8644522160542244
23402,5.099855126289857
23403,1.4231271418761267
23404,1.9217796894137869
23405,0.25606381844389864
23406,1.438310397748164
23407,1.1163163347549905
23408,0.21108849328283427
23409,0.4913575189205
23410,0.2968214886659011
23411,1.7204119131354678
23412,0.42692932602605116
23413,0.15520455859011814
23414,4.67691236110821
23415,1.2829401923113024
23416,0.03267195067301257
23417,3.4033296063154785
23418,0.451865846897289
23419,0.5878901191411923
23420,1.3726663622130477
23421,0.448996753705632
23422,0.20465459449086207
23423,0.37195186601275676
23424,0.5153218092346202
23425,0.4324849327575143
23426,1.2222023668375788
23427,2.812068137878073
23428,0.1526248270791195
23429,0.14968295666642262
23430,1.140540230710754
23431,1.645443546081202
23432,0.09668045440571338
23433,0.040030347711428396
23434,0.18464252631325706
23435,0.051368403490491335
23436,0.42627480920046784
23437,2.067230468004613
23438,0.6604688391373098
23439,0.5250166976539001
23440,0.9909711120591614
23441,0.36198994156104664
23442,0.48023091196669493
23443,0.48830615910173203
23444,4.846422016671929
23445,0.5916047451478067
23446,3.114383292998641
23447,1.2628577024288836
23448,2.0526149445524364
23449,0.6415138890077575
23450,2.7221250173205904
23451,1.7786118706617144
23452,1.9139718007408804
23453,0.3164841419525032
23454,1.4320618665271756
23455,0.34689451693451934
23456,5.100037862757778
23457,2.5906600876965946
23458,0.3464245000571363
23459,0.03180277424165608
23460,1.1117421835984558
23461,0.9381851720269266
23462,0.6297633849583768
23463,0.4790211634437991
23464,1.2776920650969263
23465,0.41669881594693714
23466,5.912202693052966
23467,0.6116721606021461
23468,0.32193979511377446
23469,0.6555806492191247
23470,1.5954996580089753
23471,0.6015792905096911
23472,0.24756642139100493
23473,0.09179086633400353
23474,0.5285256741219456
23475,0.27325617790504003
23476,2.659234031015827
23477,0.4554099865688398
23478,2.4761928223160052
23479,3.0873696845987255
23480,0.31719102567359325
23481,0.8762472382333455
23482,0.8558868183724146
23483,0.6703613361127652
23484,0.4796977852111055
23485,3.5642453749448197
23486,0.3718304985078035
23487,1.1288249331193196
23488,9.505205462843842
23489,1.120577028912748
23490,1.325107720421463
23491,0.1605668966208784
23492,0.5447659916001742
23493,1.2647697056361797
23494,0.15548059265984798
23495,1.2089655189364255
23496,0.8335378735071066
23497,2.092309215343967
23498,1.1706942831979212
23499,0.11558942160080272
23500,1.8577221604392977
23501,0.10686984567558241
23502,0.1130449135142152
23503,1.4543311429975199
23504,0.2704244043565456
23505,0.514112775089034
23506,0.24596983803293904
23507,0.9866796075671678
23508,0.6114682174881498
23509,0.7925185991336966
23510,3.3573787156420436
23511,0.47655036323284466
23512,0.5438452829563459
23513,0.27958721236954137
23514,0.44958410076702326
23515,3.930702649771864
23516,0.6195403686614198
23517,0.7921037978943555
23518,0.32290450946438326
23519,1.7608203073790243
23520,0.28215217683300586
23521,0.5425263608624011
23522,1.6769224784979695
23523,0.7169659149541819
23524,6.456483236757778
23525,1.4871177626561072
23526,0.4228943862049315
23527,0.23060468190567776
23528,0.5712487539009852
23529,0.43482197759906505
23530,2.6282161764435665
23531,1.162752673542107
23532,1.145145758422466
23533,0.7724212611166913
23534,0.6380120570506039
23535,0.6563820930329484
23536,0.23776612555806795
23537,0.5199888293193037
23538,7.890825378070861
23539,1.129596395556834
23540,0.5869363810609198
23541,0.17451097347024008
23542,2.293457358296253
23543,0.5540070276678464
23544,0.12945593591152835
23545,0.902891271526693
23546,0.7011389975640994
23547,2.0738370596237754
23548,0.507954386520001
23549,12.033434098125078
23550,0.5234387678884418
23551,1.412036876934251
23552,0.3092312074265764
23553,1.0303558067603567
23554,4.094452547066872
23555,2.750757239955406
23556,1.2820156131391454
23557,0.6063117589457927
23558,0.583865306727649
23559,0.27678420331098436
23560,0.17268069252729626
23561,0.5827962513549397
23562,2.7009512270226526
23563,0.5025107639172185
23564,0.611689330338819
23565,1.9377580893965431
23566,0.46902736554079777
23567,1.7133495072454459
23568,0.22692793601338426
23569,2.3904289036297635
23570,1.9252267104961778
23571,0.3989607118533473
23572,0.49717457839860096
23573,1.4256478454611332
23574,2.5150159632529197
23575,0.7493440660023934
23576,1.9364159864079846
23577,1.0721669486917726
23578,0.19287450624254118
23579,0.9071647924005386
23580,0.13243097291532085
23581,0.3612344136680188
23582,1.4291006979415184
23583,1.2814150682015155
23584,0.3802078831401761
23585,0.5552055927422739
23586,0.15032325790499068
23587,0.48420942833731456
23588,0.6654498884441025
23589,0.5440509301099626
23590,0.16692617331886123
23591,0.8065246689850272
23592,1.7654503916399513
23593,0.23974162011858796
23594,0.8993794262764087
23595,0.14668764689958622
23596,0.4637378472505392
23597,0.3241404941422597
23598,0.5465668738019549
23599,0.8024810215387955
23600,0.5425622955926257
23601,0.6379518799433428
23602,3.808897720636195
23603,0.5217257114474892
23604,0.10139260118754681
23605,2.683325646037844
23606,0.46719569802265204
23607,0.5380206568349758
23608,1.5043397701921883
23609,4.735016381191504
23610,0.2253152994214719
23611,0.23835674670268936
23612,0.4307718012776198
23613,0.18703711258805658
23614,0.08203764767571352
23615,3.1797897928679126
23616,2.43424773236411
23617,0.4657621374939419
23618,3.423128237339014
23619,0.07107071529000612
23620,0.28307968515918913
23621,3.4682805745592553
23622,0.34942057887389005
23623,0.3825734960422224
23624,0.10466334646722851
23625,0.13200066391635074
23626,1.6108799570232213
23627,2.498702909982188
23628,1.0577310387398429
23629,3.4748816898374164
23630,1.3018081488189668
23631,0.20228708203144916
23632,0.6124432870467081
23633,0.06395157191105719
23634,0.0521002902161702
23635,2.725159405890561
23636,0.209302616609235
23637,0.54704209171847
23638,0.2542719857539904
23639,1.0123135966961447
23640,0.7603057582786341
23641,0.23532129021946477
23642,0.31113396968237156
23643,0.12567762665353957
23644,0.17112370502576038
23645,0.2414188206304133
23646,0.34003795453185665
23647,0.7621027573360653
23648,0.6394937135125959
23649,3.3562372685557094
23650,0.4694471492136675
23651,1.2494093498984031
23652,0.7799704720198891
23653,0.6232165373417319
23654,0.43854291137260815
23655,0.07962433711304284
23656,0.2153414429091197
23657,1.1171335218057004
23658,0.07011731919603384
23659,0.7703417213164514
23660,1.1164075277576235
23661,0.6237545837287828
23662,2.9248045877844313
23663,1.3327903491766377
23664,1.2637559152212872
23665,2.210968902390801
23666,0.7618414586523117
23667,2.1023593031476
23668,0.20334382497424286
23669,0.3879081833476903
23670,1.097006773351711
23671,2.2415652505514636
23672,2.1258488565954035
23673,1.179488093367954
23674,0.5855944757348639
23675,2.685381651194667
23676,1.395328323376931
23677,16.732003256956904
23678,1.499162225010151
23679,0.5034703095843011
23680,0.24218728579169657
23681,2.718823743202545
23682,1.459297572481408
23683,0.43157361633164776
23684,0.9687500698083746
23685,1.6040034511880412
23686,4.108918570667838
23687,2.9971599240779794
23688,0.43529973418944556
23689,0.41281109515149217
23690,0.5864118527402843
23691,1.6508094547027103
23692,0.7087981109264223
23693,1.0875836769150653
23694,0.5750243221559694
23695,14.314751874688268
23696,2.5192420727002234
23697,1.661977914300417
23698,0.37787417693211345
23699,1.3325764669779665
23700,261.95634783284765
23701,2.2243097721680734
23702,0.4244722359105165
23703,0.06696988285997872
23704,1.814772856656999
23705,0.2597320978687941
23706,0.8003082389543891
23707,1.6876471167524125
23708,0.44481123528769073
23709,1.1470960967317652
23710,0.9002910935094253
23711,6.7146868276077605
23712,0.7849208911392213
23713,1.1003915856614122
23714,0.06800062697540468
23715,1.3017954892377848
23716,0.07063248205643118
23717,2.6544520921548957
23718,0.20163299302132842
23719,6.911147784309516
23720,0.6419380052982997
23721,0.8910729445796046
23722,0.4934897372748945
23723,0.4924153556428302
23724,0.10268552481221781
23725,1.613243999925034
23726,3.556903387464516
23727,2.1566090403908693
23728,0.6522905981620347
23729,0.572102866812004
23730,0.8382663469099161
23731,0.4045783059577799
23732,1.3955927034332472
23733,0.1989345497105253
23734,0.4204144244974838
23735,0.25480059056839005
23736,0.2559352478545193
23737,0.8549881244363609
23738,0.6172541891587445
23739,3.5735118469667513
23740,0.9493413928809769
23741,0.6589135147986552
23742,1.86438267195002
23743,0.8204970142276692
23744,0.10340854315843696
23745,0.2410827521935208
23746,0.9848712779917169
23747,0.23540617928413657
23748,0.06500856056917557
23749,2.0298670362383255
23750,0.9802045747352905
23751,0.7700838750121681
23752,0.5710027882207936
23753,0.11156894941695308
23754,0.45494782471585143
23755,0.31068184050791736
23756,0.11708624789267992
23757,1.088830351112144
23758,0.45930834907713414
23759,0.3059862325079754
23760,6.286759925875703
23761,2.2786336208260134
23762,0.044396849824255916
23763,0.5265603204978778
23764,0.5681329273739596
23765,0.3805626547094785
23766,0.13041214207776874
23767,0.8582677220108796
23768,0.024427564621711334
23769,0.7688198650227775
23770,1.2765321463347539
23771,0.6885390445192523
23772,0.09674066826920333
23773,5.715611572378668
23774,0.36065906199714687
23775,3.248590958059297
23776,0.03563326503439626
23777,2.9372355073186305
23778,1.4823345598483624
23779,2.446293147574238
23780,0.7483674370980469
23781,1.104266085190334
23782,3.7060076595524896
23783,0.20368296068989764
23784,2.9957035753766026
23785,1.046283195935122
23786,8.667556335193094
23787,8.054538869005428
23788,0.39883250237624124
23789,2.9404072207508274
23790,1.0790283388839128
23791,1.2479378639800742
23792,2.2656580948119394
23793,3.257823173937569
23794,0.7879084142422457
23795,1.7103126913864959
23796,0.29580065573019276
23797,1.6783955788466487
23798,0.7607913031798855
23799,0.1186793255910654
23800,0.748595430067397
23801,1.1271833171662837
23802,0.913165436919125
23803,0.647446592973684
23804,9.783560968661993
23805,3.2987338521057668
23806,0.590572372466131
23807,0.3164734738601524
23808,0.49600427402844116
23809,0.7103973018322935
23810,0.8865781635831727
23811,0.5334140747881428
23812,3.1809172856021233
23813,0.206922822575217
23814,0.3972028732148854
23815,0.32084073587938033
23816,0.049244705500337736
23817,0.9690351852947946
23818,0.3158659889358774
23819,0.5885290006660138
23820,2.228219187798968
23821,0.9038280228650756
23822,0.20456844826733303
23823,1.6007620508033868
23824,0.6140058307956651
23825,0.17023621623969062
23826,3.078218225784101
23827,0.13009660820617983
23828,0.1902855405317371
23829,0.460069997017216
23830,0.14212556606169022
23831,1.2359483384446133
23832,0.0863769001912123
23833,0.510447636778031
23834,0.5113828014812638
23835,0.47980129628680723
23836,0.15767468945580243
23837,1.9617191714294249
23838,0.12193216372040078
23839,0.8207011766429586
23840,1.173161922834102
23841,0.7733365595121939
23842,0.1000745578012887
23843,5.447358680248877
23844,6.153845086116531
23845,0.7732501548634908
23846,1.206606139463332
23847,1.7522015568539824
23848,0.06756975622464141
23849,0.9710064565177661
23850,1.1399043890639216
23851,0.8222338839230399
23852,31.03349253053014
23853,0.2595735085905685
23854,1.56016296618152
23855,3.005377325011867
23856,0.6630764355574434
23857,1.538444763935391
23858,1.7580930414082907
23859,0.46065913638336187
23860,1.9212779535362643
23861,0.7252179541672904
23862,0.6464291741716668
23863,3.353084510705061
23864,0.05727104201669306
23865,0.8319638491026078
23866,0.10092971438801444
23867,1.6889773148277765
23868,0.18043808476508572
23869,0.42915227156646674
23870,0.17504938608339468
23871,0.20214835035534606
23872,4.853404984994624
23873,1.597852873682862
23874,0.3758511696737707
23875,0.34661522562525365
23876,0.3520579829902562
23877,0.5099003706553717
23878,0.2306289942412367
23879,0.928872852532685
23880,2.828184699901481
23881,0.44414196604593376
23882,4.946260342731604
23883,0.2858006609212086
23884,35.305496467554654
23885,0.8141420885791528
23886,1.182198184153346
23887,1.7388125694697523
23888,1.1238347683821426
23889,0.25293919540025317
23890,2.569443294381973
23891,2.5662912776709597
23892,1.8043255954609014
23893,0.5176529332412968
23894,0.2558394575818509
23895,6.919567104787716
23896,0.3435335208106173
23897,0.1378475556256751
23898,0.2381947370424445
23899,1.8844689318702976
23900,0.8515678287186601
23901,1.0919140500357518
23902,0.09519452946843736
23903,2.124982690786152
23904,1.563154042391494
23905,3.4614541736806723
23906,0.15548566333234112
23907,0.3545410339758514
23908,1.3512416550849393
23909,0.4039810831769631
23910,1.6717750071422226
23911,0.4358768109780177
23912,1.2338174054271063
23913,0.5000334239988751
23914,0.5411065965113373
23915,0.7306848054437809
23916,6.0195100077399015
23917,1.2318119533415994
23918,2.6616798330931544
23919,0.4107392946452046
23920,2.673029249426696
23921,0.08228795896691754
23922,0.22202653929974875
23923,0.19850832960829945
23924,0.915467474075084
23925,0.9172940058038779
23926,1.1269419239626457
23927,3.031125116346884
23928,1.703254893936351
23929,2.2303191646316027
23930,0.772880084312559
23931,5.3879030089345745
23932,0.36120278484509366
23933,0.1084370596629059
23934,8.07526205861879
23935,0.968149085659236
23936,0.05364101233780452
23937,1.1663857194457297
23938,2.654540134774396
23939,0.7051075984025591
23940,0.6666860739422551
23941,0.8021981210448362
23942,1.9290916353238599
23943,2.012439771499542
23944,0.8262140062839218
23945,1.5755259422985446
23946,0.21483619613720184
23947,0.4582296846670161
23948,1.1097140591216927
23949,2.642585080651778
23950,0.652370593508108
23951,2.2017121722967565
23952,0.9476404062759465
23953,0.11075858351870249
23954,0.6828560796157508
23955,0.218818982549515
23956,0.31850346340854696
23957,0.5705745464625117
23958,0.3348611978364079
23959,0.35252983309484964
23960,5.160957060481844
23961,0.18553170505193647
23962,0.3462383591048323
23963,1.384913303011789
23964,0.11678923934540603
23965,38.50099987355514
23966,0.8142736788194791
23967,0.10962601920341335
23968,1.2057595434090655
23969,1.8437495737775311
23970,0.05851599119498949
23971,2.102281502810854
23972,0.44520645731122976
23973,0.2967802219115136
23974,0.8007732206019444
23975,0.26874054193545144
23976,0.2503535381942979
23977,0.7588980731399732
23978,0.41241192034033175
23979,0.47606369473021715
23980,0.11327575761523953
23981,0.8705488857571061
23982,1.2022215731210584
23983,0.7743509986824283
23984,0.6883124826316787
23985,1.0034544203991207
23986,0.014969917250306351
23987,0.7430235682678136
23988,2.354503827068963
23989,0.13055952577541488
23990,1.4723673746602182
23991,0.715596245602844
23992,2.1148282462156427
23993,1.121612329508374
23994,0.9084869107172959
23995,0.3495230223402884
23996,2.7653787607262776
23997,0.35309759990349077
23998,0.3878327568588315
23999,0.2731822814274954
24000,3.191401945015188
24001,0.4020570459126575
24002,1.6850506574481718
24003,0.10341729479626137
24004,0.974491307356147
24005,1.065299020497331
24006,0.47868499749743104
24007,1.476200555988606
24008,0.6250859942682325
24009,0.5634753530804095
24010,2.2707943874127268
24011,3.208559426083436
24012,3.193708724152429
24013,4.2188492178393355
24014,3.031805648030803
24015,0.2050112572729585
24016,0.5197463431599509
24017,0.52184214722956
24018,1.53049478850382
24019,1.1530723085779973
24020,0.12562674092656617
24021,0.3750250770170501
24022,0.7762461622876765
24023,1.710313959587376
24024,0.2918908385754145
24025,0.8218909412587291
24026,1.082169113845245
24027,1.6493157562902931
24028,1.1620374056056932
24029,1.4639085865473451
24030,0.0640868489849138
24031,0.8149725242771044
24032,0.19411671928530524
24033,0.16804738195066238
24034,0.6611243277923944
24035,1.7935976259845687
24036,1.071511600049635
24037,1.1465796294949908
24038,1.113695526684462
24039,4.221769785914457
24040,1.0153314769423245
24041,0.637987315210936
24042,0.5502281118749704
24043,1.1158382133543427
24044,0.03699001089415239
24045,4.882482314774103
24046,2.718157201561076
24047,0.6524890162082257
24048,0.2873943525698015
24049,1.3790779013346353
24050,2.2536739899318166
24051,0.21633207751516415
24052,0.07538100786564449
24053,2.6944974654449814
24054,5.78011181959338
24055,1.2611032439546448
24056,0.4562121567654772
24057,1.7166364394707223
24058,1.5015867403457577
24059,0.4810382703593343
24060,2.3344498451234124
24061,3.0748369970360563
24062,0.4486625859833186
24063,0.4948448080944504
24064,0.22427824706258634
24065,0.7404582687793612
24066,0.9388246208138002
24067,3.265677039206735
24068,0.8243025992861557
24069,0.5682696130829549
24070,1.0504543984496972
24071,0.32066261299934923
24072,2.0807236368662405
24073,0.546996909523914
24074,2.5107722395228858
24075,0.5462557834277307
24076,0.5181764550780057
24077,0.5007965239679891
24078,0.3839355940924506
24079,0.22875573280806036
24080,3.530361128748236
24081,0.20932336721030276
24082,2.214394747394732
24083,0.2370259394989293
24084,0.544092732950576
24085,1.1367983797918297
24086,3.5211972481970215
24087,5.9815139328820335
24088,2.276849531728526
24089,0.11596392535579413
24090,0.5029290171367065
24091,1.156490257206283
24092,0.3808387082600026
24093,2.6701140916549266
24094,0.2975657261002806
24095,2.6103443533607593
24096,0.2076909508917516
24097,0.43552420170143485
24098,0.26837412115565634
24099,0.7378316995407034
24100,0.4539739770332167
24101,0.6233036795263851
24102,0.1957724554590102
24103,0.46417556904342006
24104,0.25974651482225986
24105,0.09380721309977032
24106,1.3615439635790598
24107,1.1513848203800723
24108,0.3192818889424377
24109,0.8857855827101697
24110,0.9189830972510917
24111,1.079125724579256
24112,1.039622162963913
24113,0.08693342249798813
24114,1.0947734176753934
24115,0.3258443405419311
24116,0.29904739788439744
24117,4.5989336545886
24118,0.21134720268100432
24119,0.11389608833471375
24120,0.496553452299411
24121,2.6787234060473644
24122,0.4594605552011371
24123,0.706132652926984
24124,0.2813717676755244
24125,0.3144234117591595
24126,0.7547695700187876
24127,1.8176323574866293
24128,0.5537132078474138
24129,1.0064496449571074
24130,0.870307038105009
24131,0.2258209597464316
24132,0.5386891952563168
24133,2.5357903724400024
24134,1.422239534091882
24135,0.2054086900287686
24136,1.6822976393355802
24137,0.3882242077140221
24138,0.5616939816144056
24139,0.7071462177661747
24140,2.0280536752552174
24141,3.110127169233104
24142,0.09278274226364182
24143,0.9795675127281434
24144,0.8305514017275981
24145,0.21459735582974782
24146,0.18151509440501024
24147,0.7234611977707482
24148,2.2923462334303033
24149,1.2667676624344486
24150,0.14547773655318888
24151,0.8731679730944701
24152,2.8013658298528785
24153,1.850470071704723
24154,0.7237042729714865
24155,0.17616962948622106
24156,1.1252177332203137
24157,0.4011393123171183
24158,1.7682914923302528
24159,0.2411825214192401
24160,0.4394479318688784
24161,1.952472375097442
24162,3.8256245939441467
24163,0.7547219952790889
24164,8.32703317491936
24165,1.0436646333981783
24166,0.2718195303007194
24167,1.6614909451250879
24168,1.1923945623880343
24169,0.8187574778833293
24170,0.15028202359509293
24171,0.5363706482104708
24172,1.5087502466116909
24173,0.29855017440087245
24174,0.1318102019636897
24175,0.4128294554515004
24176,0.9472211354798183
24177,0.787541976428159
24178,0.35760149370646016
24179,0.14096335365681273
24180,1.6620487358831177
24181,0.242390003374152
24182,0.44005153029511945
24183,1.065769892348688
24184,0.6959417379952416
24185,0.11847874039952336
24186,0.9226159535934639
24187,0.9698297325162798
24188,1.8985291683042314
24189,1.2052128089850207
24190,0.37486585556893054
24191,0.35967673347314816
24192,0.7240029736363242
24193,9.25042507310069
24194,0.5198517496658787
24195,3.864143249447704
24196,1.7952204286131832
24197,0.6218411153928598
24198,4.964198963237519
24199,1.0091337755549665
24200,0.6465417489216755
24201,0.06578680040122421
24202,0.08701152990407011
24203,1.6524976206115995
24204,1.7247712524807364
24205,1.7656508262811255
24206,0.05770498710025677
24207,0.2547690305139038
24208,1.640063485228521
24209,1.9899057616023013
24210,0.8864532281971672
24211,0.14112835869247764
24212,0.7954152462983564
24213,0.7790718520450013
24214,3.979997562061782
24215,0.08716976037534124
24216,1.4764243667684633
24217,0.47831517376536303
24218,0.7590318686751085
24219,11.055398564375567
24220,0.3732012485143203
24221,0.27033503046986895
24222,0.027514684055292747
24223,0.4049561365924609
24224,0.06914084149883377
24225,1.9290868713176577
24226,0.5544142051391132
24227,0.7520351255725732
24228,0.16316795799475162
24229,0.6358773509878304
24230,0.4871734414989543
24231,1.372438527089322
24232,0.4753437167446248
24233,1.1192132400594246
24234,1.2567957340768954
24235,0.833153016430348
24236,0.39884796121751737
24237,0.5042947809605065
24238,8.210849305756048
24239,5.030326849689754
24240,1.4737506107112595
24241,0.6648695022675087
24242,1.485159571414065
24243,1.4032394449484578
24244,2.395603912084366
24245,0.47713671532916163
24246,0.17237996543932382
24247,2.5623191504999845
24248,0.09833964234607379
24249,0.3725507973480672
24250,1.8909534525100753
24251,0.0679710300684242
24252,0.6152493453534038
24253,0.23667324534786244
24254,0.9142232205686082
24255,0.6969812487543403
24256,0.47574399930771627
24257,5.232536174108794
24258,0.10368641161675153
24259,0.6715773792758768
24260,0.3051429413788409
24261,1.4851189408997372
24262,1.5460687226247343
24263,0.6465993025892747
24264,0.44715564510486594
24265,0.42977154120678607
24266,0.9716474175724956
24267,0.1653996133768184
24268,1.4934154732341858
24269,0.1410841490441482
24270,1.5564227674146964
24271,0.7201202270750546
24272,0.823837213356483
24273,5.895912116891536
24274,0.5987354070288324
24275,0.2595085501906657
24276,1.5969610765115205
24277,3.381212319902452
24278,2.5834003263334124
24279,0.36565213685400666
24280,0.8108605425826555
24281,1.1012286778560683
24282,0.07717110575192593
24283,0.4605252972258075
24284,1.212943800971687
24285,0.1521455576681916
24286,0.8388406528636513
24287,0.3277360785487503
24288,0.3588378926212188
24289,1.1339664899287292
24290,4.212293182740172
24291,0.7812575536332256
24292,1.3524585641923892
24293,0.8711139963733896
24294,8.92136402107479
24295,0.4906287020836303
24296,1.4483884121169797
24297,4.414448367773886
24298,1.451558648546769
24299,0.9760303073052107
24300,0.5273439204369513
24301,0.48132190811710907
24302,0.6104035131881724
24303,0.6108441348910773
24304,2.936058159062757
24305,0.12538223386074715
24306,1.4216074090207391
24307,1.797900735874186
24308,2.0655246413655948
24309,1.3579952233028447
24310,0.5510532413163028
24311,0.4743199264821656
24312,0.2106207672372939
24313,0.4321355395322686
24314,0.49462918670133044
24315,1.4681796966633067
24316,0.19002758742010384
24317,1.3022990058294837
24318,1.308941712258411
24319,0.5761154617969926
24320,1.761795279935077
24321,0.73866902972193
24322,0.09143225933336753
24323,1.9473685904962799
24324,1.1893412800134806
24325,2.6490271100321707
24326,1.6040374047987531
24327,17.499125615650048
24328,0.5583659757932038
24329,0.64540144736743
24330,0.04786603029639622
24331,0.1469032400754604
24332,3.922148501925989
24333,0.7678578666247691
24334,0.8710538639606367
24335,0.9078498809655309
24336,2.034121187999448
24337,0.3028237022544528
24338,3.9359521608689887
24339,0.7935892426557507
24340,2.3951405332147675
24341,0.36370286852123745
24342,2.066162232779974
24343,6.946582276884993
24344,1.3033001284590617
24345,0.5214565200390996
24346,1.2396999150755041
24347,0.47420009397657614
24348,4.124026715448234
24349,1.2668677920992728
24350,0.22118746197879846
24351,0.3313051477704101
24352,0.17598123801653884
24353,1.412412845095835
24354,0.4129380686768235
24355,0.8559507351295954
24356,0.8511011064644406
24357,0.23719379176588862
24358,1.0591443347520826
24359,1.0376351868196467
24360,0.19620389312116424
24361,2.701148651164176
24362,0.444127751316521
24363,0.7607827566909195
24364,0.5917823265465937
24365,0.04895846657796901
24366,0.07562278573481611
24367,0.2664733057693379
24368,0.4565770313624596
24369,1.398440343494615
24370,0.37970797691629693
24371,0.35132530222311825
24372,1.2465437551247909
24373,0.32551525360715095
24374,0.21938128452749023
24375,0.09208601649423084
24376,0.6843709462600835
24377,0.10325029102296457
24378,1.0925728630093532
24379,1.7038038077155395
24380,0.4267181100591557
24381,0.34897699412182037
24382,3.114927526292464
24383,0.1363267464893059
24384,3.5569050941924063
24385,0.29436613044000665
24386,0.772442432377839
24387,6.096701188194749
24388,0.45541470426012937
24389,0.42428498555584276
24390,0.12500931225643663
24391,0.08032012032373383
24392,0.807634620641484
24393,0.5790997696013069
24394,0.26609731491507693
24395,0.7214142618294346
24396,0.3950800953945559
24397,1.1615362150248048
24398,1.6785129627060071
24399,0.5262576288067574
24400,0.1380841696379262
24401,0.6808737628400302
24402,2.413525548900553
24403,0.17205654109817803
24404,0.06920230042335311
24405,0.21196646488972
24406,0.5423226940682159
24407,0.36065451870917775
24408,1.0986095110679086
24409,2.6531805940054727
24410,0.058602778318880853
24411,0.4374695532285096
24412,0.23808976578907495
24413,6.609686811020004
24414,1.4974846945568576
24415,0.2048239948588637
24416,0.21745755574601255
24417,3.0266438479916413
24418,0.4013672162061935
24419,0.5445243439725718
24420,0.5845957201871979
24421,2.7121378688240942
24422,0.04437263065912215
24423,0.9648749420563357
24424,0.6582547147109952
24425,0.91417988065645
24426,4.147194593310704
24427,0.01567285664080455
24428,0.45731772294502243
24429,0.05504859931004176
24430,1.895028365348529
24431,0.40474436258548063
24432,0.8184627620458085
24433,5.436725258835869
24434,1.604391980584925
24435,0.3181833870919291
24436,1.5569675797129003
24437,3.324937954249256
24438,1.532606352461944
24439,0.8864294654359086
24440,0.15917775412447402
24441,1.4420761528982269
24442,0.21438057384881806
24443,0.12702497959998582
24444,2.935430753553695
24445,3.4690751076932345
24446,0.49370616403814316
24447,1.098234489371526
24448,1.210168933775579
24449,2.289518652979892
24450,0.2922899863362462
24451,0.7560236495000923
24452,0.21789705356867525
24453,0.7426413187068349
24454,0.18011689616569762
24455,2.7185396876182093
24456,3.94320100024154
24457,0.1867524252527851
24458,0.4801168240157989
24459,0.11072456841924748
24460,2.5794332933556774
24461,2.2946672372865997
24462,0.2565469113541625
24463,0.6300967753482507
24464,0.33942376788988565
24465,0.15783701658971608
24466,0.889802280316425
24467,0.06812581114520787
24468,2.8498329599831624
24469,0.08264297089859117
24470,1.5105449666930746
24471,0.4468812010820073
24472,0.5945914200376607
24473,0.23318118344408595
24474,1.3648111520183297
24475,5.097344795842948
24476,1.041729825861972
24477,2.4932291204159838
24478,0.2702825840118219
24479,1.619464992781491
24480,0.20917205690003987
24481,13.031408367279322
24482,0.12155367041888496
24483,0.9633478596249755
24484,3.9851158174120282
24485,0.24434698432842383
24486,4.011609248360905
24487,1.4795898919662802
24488,1.5254897247922594
24489,0.7097046733840999
24490,26.905475408155244
24491,0.31791585317184395
24492,1.4418689391793629
24493,1.1223738329518431
24494,1.2364539529339031
24495,2.1760518258985706
24496,0.3781896766567364
24497,0.8529282757590587
24498,0.14119370604535864
24499,0.34337302517807494
24500,0.3405509264924616
24501,1.761416825630578
24502,0.7718536258721109
24503,0.28463260265355567
24504,1.0011178452334046
24505,0.43108070108917224
24506,0.23618416902845607
24507,0.5119546987441445
24508,0.37415300600612317
24509,0.9409334805501425
24510,0.5275914184119955
24511,0.13249981158682594
24512,0.43102607488296585
24513,3.40871397352635
24514,0.19134864826162667
24515,0.1134855436204972
24516,1.4719797730266824
24517,3.490687924284998
24518,0.2608996780613767
24519,0.31119691738144883
24520,1.1308329564928548
24521,2.071928324226598
24522,1.6436247308329077
24523,0.7034324154176262
24524,7.120486106880465
24525,0.468026824354128
24526,1.90794202361485
24527,0.9640085180531983
24528,2.4730503619324744
24529,2.6458069864627696
24530,0.5046697617738065
24531,0.8038587748092653
24532,2.066970051447677
24533,0.11080653006777773
24534,5.598075585851837
24535,0.2800171539020323
24536,0.09976562765338325
24537,0.06888475173288233
24538,0.702064536545467
24539,1.1642980461877859
24540,2.5721823380116366
24541,2.5432370344245827
24542,1.172744730771858
24543,0.8590216321371412
24544,0.27880482139533597
24545,1.14215685827503
24546,0.32519750610938675
24547,1.0671066620035838
24548,3.2059645205373193
24549,0.7601897588208667
24550,0.17014687939497006
24551,3.5526638233258154
24552,11.002605513571213
24553,0.4588365774771979
24554,8.253342814810098
24555,0.18796330128326594
24556,0.5730404215010338
24557,0.9521316641561799
24558,0.8141376512963114
24559,1.6186442286707856
24560,1.2249276971878422
24561,0.13049308409254148
24562,0.6483714656212112
24563,0.5870998520808267
24564,0.9837706663503972
24565,0.1650562958499071
24566,0.6969141922074575
24567,0.43366265465740667
24568,0.6822729629865507
24569,0.6381938715161479
24570,1.46629190115345
24571,0.4393068990326628
24572,0.17381558352208115
24573,20.811645334153397
24574,0.4511314964282242
24575,0.3738813883313078
24576,0.9221876315827118
24577,0.24194182116586585
24578,0.1313549438223745
24579,0.183737759809921
24580,0.8470401633458116
24581,2.4794215733920133
24582,0.3030666469591463
24583,0.08537017270606795
24584,0.46085300587597205
24585,0.07960252978973632
24586,1.5380329508649548
24587,1.1844259241580137
24588,1.0880028805104938
24589,0.3796246847318283
24590,0.14161246808192274
24591,2.1097239560889323
24592,1.0052634786797352
24593,0.7698486232832531
24594,0.2966783664711528
24595,0.763361685936476
24596,2.2920183922242696
24597,0.16567066949446682
24598,6.010611260663885
24599,0.2525498311729707
24600,0.10191418811249597
24601,1.58639719879035
24602,2.3853038433981326
24603,1.0295331959676302
24604,0.7111369017469396
24605,0.48857451324826073
24606,3.059293457580883
24607,0.8629580911686672
24608,0.5517567888689974
24609,0.39461339223089714
24610,0.19876619059494022
24611,0.2897628197941876
24612,0.2475052004364526
24613,2.5624446988288017
24614,0.47455982297785787
24615,0.9403454730153112
24616,1.6051895433805938
24617,2.92956583536781
24618,0.27329079758135444
24619,0.5500024348502813
24620,13.128875889157866
24621,1.3251994498922786
24622,0.9521633175847939
24623,2.425352281880858
24624,0.9054279840241882
24625,1.3178043662930186
24626,0.6274723147104273
24627,0.14800793014507585
24628,2.224047134789762
24629,2.13703758678941
24630,0.8874944617173738
24631,1.864860160605773
24632,2.21938786728567
24633,1.069282833139294
24634,0.7551084629023975
24635,1.0733815981146553
24636,0.3476979759800565
24637,0.23589157193722274
24638,14.176194570230113
24639,2.0484179198947134
24640,2.1490930322405113
24641,0.4979158333093703
24642,0.5068962832194539
24643,0.3009315420449472
24644,1.3753176141358239
24645,1.078149893763721
24646,0.9881565142098931
24647,0.6877054421188057
24648,0.6322474423945396
24649,0.5092237895824375
24650,13.584947189039905
24651,0.1743437176153611
24652,0.3912890845634311
24653,0.41785768201326345
24654,1.1104780668130403
24655,0.06024345901281577
24656,1.8148529724154052
24657,1.2449246759941686
24658,0.9570266029582889
24659,1.437566188689135
24660,0.7150209786445635
24661,1.1488654456461873
24662,0.13124163077718
24663,0.38334803382310767
24664,0.32875087507755446
24665,1.009105316438708
24666,0.8304032889042468
24667,0.38598715407788425
24668,0.20231792143291863
24669,0.367378569901838
24670,0.20401624496236978
24671,1.892093516770184
24672,1.8388689268998621
24673,0.608614511848706
24674,1.4499698043693758
24675,1.7948604098607033
24676,1.0637333844691372
24677,1.9599068148553183
24678,0.5488519718073523
24679,0.6663362006945643
24680,0.5005179970371654
24681,0.37287923945844753
24682,0.9262206214029396
24683,51.01370155213651
24684,3.766488261553275
24685,0.10278267970859148
24686,2.636025556934975
24687,2.0495757331255895
24688,0.3236462539843459
24689,0.2000529354868349
24690,0.6296370330493017
24691,0.3482477973702384
24692,0.10944548903026374
24693,0.19736171971191077
24694,0.3745364633668619
24695,0.398550483287785
24696,0.6273994281474815
24697,3.279188951826799
24698,0.7851884450576987
24699,0.43622954214830617
24700,1.0645622430095163
24701,0.17417513975470172
24702,10.916304644311422
24703,0.7564119496500299
24704,0.38549194268191406
24705,0.7243230903945574
24706,1.8609624639230606
24707,0.2927290000948079
24708,4.029266176021473
24709,1.0407565541873458
24710,0.4821593781499023
24711,7.813882694694707
24712,0.8794344258970169
24713,0.7277353381818105
24714,0.4064391250529955
24715,1.4038979601804926
24716,2.622219559903102
24717,0.6373737082009029
24718,1.6827740601368602
24719,0.33106221598839547
24720,1.0495553918838638
24721,0.14547561608723952
24722,4.239488752639021
24723,0.44883784428930346
24724,3.1170867857032403
24725,3.1257672148934748
24726,9.271400640803835
24727,1.221507435256612
24728,1.2745752872582494
24729,0.920959923052185
24730,1.787415387415233
24731,0.9149125551703446
24732,0.20786035213531406
24733,7.0827091273660745
24734,0.4989175544552332
24735,3.135943471047447
24736,16.048348537104562
24737,2.1791690738787173
24738,0.6794997289919052
24739,1.3274464493517775
24740,0.6151029240896326
24741,0.4465238184093584
24742,0.07098336933748382
24743,0.8490285522409353
24744,0.1771989690517651
24745,0.16697664680326732
24746,2.0333098620724943
24747,2.1771359849908407
24748,0.7424586376078764
24749,0.5290413915773878
24750,0.7452389464507914
24751,0.8131450475653323
24752,1.695900267343685
24753,0.0605342498133473
24754,3.4279042508300166
24755,0.24567177606741328
24756,0.26680644238326545
24757,2.0543046551185515
24758,0.7233337527475082
24759,0.9342159776936099
24760,0.2798771117610907
24761,0.24655450286562472
24762,1.0851513116226241
24763,0.3059156608336802
24764,10.551458716123312
24765,0.8111252981820267
24766,23.711835155966956
24767,0.13993331283497207
24768,1.3622889384978876
24769,0.9926636425527561
24770,0.22781864940894922
24771,0.1730412271165481
24772,0.48002206395948643
24773,1.058559254677912
24774,0.7589098287431117
24775,0.24658040073594545
24776,0.2154141055169453
24777,0.43111061697922143
24778,0.9880352653617773
24779,0.6868189634311878
24780,0.21512868991190054
24781,10.488106200518672
24782,0.12489202199871073
24783,0.7500752909259064
24784,3.215919040362442
24785,0.387959423017919
24786,0.5931281494005557
24787,1.9341162059932164
24788,0.7635037026978428
24789,0.8678197864202846
24790,2.7256392670764455
24791,0.2729889469182729
24792,0.3643345745638763
24793,0.3232857051242877
24794,1.073411374577692
24795,1.3221056822168191
24796,0.7181776846828768
24797,0.5645262701642261
24798,0.9468516091462419
24799,155.83047979830113
24800,0.26124586534751804
24801,123.51081596808115
24802,0.7359059083263376
24803,5.921866371294465
24804,1.90631588405431
24805,0.8974687093934242
24806,0.5759240649293422
24807,0.39058570706665835
24808,0.8924810393651513
24809,0.0714380725494394
24810,1.474083202653805
24811,0.2562455541441518
24812,0.3017279600188056
24813,0.8351160883102278
24814,0.45680418977495085
24815,5.890076837365979
24816,0.10494959079175084
24817,3.8479529397660444
24818,0.23516240447382075
24819,1.164135267181586
24820,0.9022650735888599
24821,1.1437045115061066
24822,0.2380428175504
24823,0.5750193229326251
24824,0.39449016213311816
24825,0.8585427896704837
24826,0.8829412821516536
24827,0.18493670540712115
24828,0.1492281243540493
24829,0.16100616707776738
24830,0.7244748948539738
24831,0.7882437134076761
24832,0.4563667516073649
24833,1.9710063090609533
24834,0.27198915356609993
24835,2.381122017764912
24836,0.5227934165400633
24837,1.56612746790592
24838,0.4748501736778264
24839,0.36084038900747595
24840,0.2743365985113069
24841,0.47375515317550354
24842,0.366257266957454
24843,0.4676473959225716
24844,1.1088990560198346
24845,0.19158026136634668
24846,0.45324171490819637
24847,0.47472710495754705
24848,0.39823478865814366
24849,0.7704218599694668
24850,0.42345005635343264
24851,5.382832885679398
24852,0.51466386463136
24853,0.5549941788648397
24854,1.3566121400068476
24855,0.24379293960335557
24856,0.39583176309387696
24857,0.9408361468510702
24858,1.259866423605814
24859,1.5967433905023527
24860,0.6757871230865166
24861,0.5766238950020413
24862,0.03657787032628567
24863,0.5223678235006142
24864,1.0421657231892905
24865,0.8029967828261734
24866,0.12120433126795466
24867,0.20434512789952725
24868,0.5355038743761448
24869,0.3849432394906682
24870,2.4404666735448637
24871,3.5580050425630945
24872,1.4399560332068104
24873,0.36006226012584164
24874,2.0498214281402722
24875,0.08061449483940782
24876,0.06184709468924486
24877,0.14354767027289594
24878,0.366091651849713
24879,1.247752185915924
24880,0.7611727775013244
24881,0.38667389294829474
24882,0.4180509786062897
24883,2.7409884718636346
24884,0.5633207900689023
24885,1.0310775131678658
24886,0.21326464461449218
24887,0.2731124960750844
24888,4.968741642275697
24889,1.1751052759883822
24890,0.14147521070702412
24891,0.5943904379857514
24892,1.9159786335442983
24893,1.2424203466199808
24894,0.46423574113393634
24895,1.059135114087957
24896,9.600270181812615
24897,1.541991032484968
24898,2.686560419734626
24899,1.1796107887063945
24900,0.35564687458447186
24901,2.616310799561069
24902,0.04055712782030684
24903,1.805475513126015
24904,0.23335031668764436
24905,1.5191900336477049
24906,0.17038669122979563
24907,0.47608688905139485
24908,1.9922394126737302
24909,3.841774796061326
24910,2.34979002470349
24911,0.1589590610506784
24912,1.9933678458005766
24913,0.11514485422948967
24914,3.253910040043505
24915,2.1349658061359245
24916,0.7639691670760437
24917,0.8109254361440341
24918,0.37051140308510383
24919,0.9369358676610816
24920,3.4382684455757113
24921,2.583632056389482
24922,0.6865579533643589
24923,2.8221893069039248
24924,1.033675902162242
24925,1.1242320744423806
24926,1.5906980117083613
24927,2.103632771363639
24928,1.3432227712124483
24929,1.6916542733009399
24930,0.2794385899716175
24931,0.39864265664740245
24932,0.3411194269651862
24933,0.11383101123294384
24934,0.23056331900744725
24935,1.6292294823055693
24936,2.9140134041794012
24937,0.23485141552696479
24938,0.8368397942888506
24939,0.4488891408275136
24940,0.42293297919588574
24941,2.3394570640850736
24942,0.24124760234647868
24943,1.4786508870519657
24944,0.18724198375201556
24945,4.781335661439896
24946,0.9211630306025826
24947,0.7992977202437288
24948,1.6076904579204694
24949,0.3114054790498361
24950,1.0438541808199409
24951,1.1646868166772737
24952,2.972224697617289
24953,0.49526718011217225
24954,0.5479393068501508
24955,2.639417144180232
24956,0.9893339184448092
24957,2.232488017527212
24958,1.345284363439766
24959,3.104951975794797
24960,1.8735330819701819
24961,0.9457642674084923
24962,0.47296704373546483
24963,0.2338508410444956
24964,0.9049781478997184
24965,0.22093532565011503
24966,0.20579516146738175
24967,0.7113876535879965
24968,2.2872180193553944
24969,1.0719617535096457
24970,1.9833030766293174
24971,2.730903902546845
24972,0.6695239299917239
24973,0.8994253476505669
24974,1.6356977767184975
24975,1.8227277540305606
24976,0.47263760331429217
24977,0.5618357552210309
24978,1.2984770037835562
24979,0.13753085648171484
24980,0.7087323296833963
24981,0.35801828352674575
24982,0.7461735169963883
24983,1.1619447169919566
24984,0.28699015106285564
24985,2.58957461567336
24986,0.8904808142083027
24987,0.22588334905388008
24988,1.871310108665928
24989,0.3062042330793666
24990,0.4332647877182752
24991,0.7558975175896843
24992,0.4322035892155136
24993,0.473525784198663
24994,1.0635559183211654
24995,0.6906988072973715
24996,1.2186892135728016
24997,0.29717028562795683
24998,0.18116511437446753
24999,1.7552344747246589
25000,1.3705728882635484
25001,0.21390804045281447
25002,0.9583399668025943
25003,1.053763184827829
25004,0.5074303978137071
25005,0.11226791813819563
25006,0.41744798552893625
25007,0.732314816124651
25008,0.08404715693967017
25009,4.308473880008496
25010,1.1360015264669214
25011,0.037376982063082306
25012,3.4473687913849274
25013,0.5810558662992021
25014,0.42986189573222694
25015,0.10301862814741307
25016,1.296429091971015
25017,0.6046191969116909
25018,1.561686553547168
25019,0.3506565437392939
25020,1.1995275949650084
25021,0.9099519380476369
25022,0.13705465849955253
25023,1.6692008897526955
25024,3.0322264629773117
25025,1.7102837967779898
25026,0.9609988885692138
25027,10.626085385818374
25028,0.4643060019425093
25029,0.38552878601425616
25030,2.190347285661204
25031,0.2992529911900342
25032,0.44755273233374576
25033,5.289028807773934
25034,0.15060050518152654
25035,0.4260091028611994
25036,0.17533116106734506
25037,1.1595248893235381
25038,1.164667117370485
25039,0.16452914477573435
25040,0.03561266315260854
25041,0.10086767504815097
25042,2.316402787873115
25043,0.7776303750067203
25044,2.0698466539775935
25045,1.079890790676581
25046,0.3055869168246457
25047,0.8624069410855278
25048,1.9932305962675154
25049,0.3439749613015251
25050,0.8638651096974875
25051,2.025289953525123
25052,0.7710099912414289
25053,7.436094229746018
25054,0.11852062057330431
25055,0.26531324416849567
25056,1.1355854005732138
25057,0.06581014940969576
25058,0.37162523453843666
25059,3.078832387054044
25060,0.6884526160887354
25061,0.43589034088362155
25062,0.36016832004419363
25063,0.5769701940175846
25064,1.878363048912015
25065,5.0683137920717405
25066,0.6385096538819823
25067,0.8387316751298439
25068,0.13621540695605877
25069,0.045871371014316834
25070,1.3450740226105278
25071,1.3190231904735996
25072,0.4026507475350774
25073,1.328063212609991
25074,0.9390569977310967
25075,0.6236901804325452
25076,0.8061856022682031
25077,5.026871046280319
25078,0.3600833842784581
25079,1.58068933435666
25080,0.5048506258093924
25081,3.181469590248713
25082,0.08540899923720562
25083,33.18296824835931
25084,1.2693023977213749
25085,0.15393152191962148
25086,2.1241270374457812
25087,2.387576398454131
25088,9.54270552678591
25089,0.12618017784050187
25090,0.712877798807754
25091,1.6955401639273875
25092,1.441849148656803
25093,0.2279444229353497
25094,0.2532997685672184
25095,0.5824747491201143
25096,0.28015640263132785
25097,0.6444992095672779
25098,0.1801589218507991
25099,2.0674458208960926
25100,1.2599071091246046
25101,0.07766404512687151
25102,0.1253619649866079
25103,0.6435918097401148
25104,0.4701184213286878
25105,0.6683490955034912
25106,1.4209908523582804
25107,0.4573337543182283
25108,0.2955101962415061
25109,0.343479596797711
25110,1.104855555509246
25111,2.100548310894853
25112,8.758581281234342
25113,2.8352773845034815
25114,1.888208062414273
25115,1.6706408663445917
25116,0.779286421776648
25117,0.3197905822307578
25118,0.15791097593124823
25119,2.505492250734112
25120,0.727801864689726
25121,1.0624660200452267
25122,0.0721818188937278
25123,2.3741855331660573
25124,0.44526258624775267
25125,1.109265965446482
25126,1.042196970621053
25127,5.253440934320755
25128,0.8617060782790809
25129,1.0568549674215149
25130,0.4426494794590587
25131,4.1260679695150655
25132,5.930712044222769
25133,0.47307645418900063
25134,0.4202586652501967
25135,0.5995070966234878
25136,0.9079720317824389
25137,2.1002982910983525
25138,1.177885362979756
25139,4.2617487793215965
25140,0.47342207630022826
25141,1.5250037125778468
25142,1.2211474040826562
25143,1.1886090935802653
25144,0.09813813685609321
25145,0.3355683528276621
25146,0.936052691353407
25147,0.07727753329189163
25148,0.10004245865602157
25149,0.1580954719735588
25150,2.2451000390703983
25151,0.3991930397467941
25152,3.6210658755250513
25153,0.7231187477749149
25154,0.1850596736234234
25155,0.22795069890653466
25156,0.6182854219436537
25157,1.118166918231683
25158,0.21057562749144718
25159,0.2924119772622523
25160,0.6125504000504601
25161,0.4803484769641276
25162,1.8346303293471309
25163,1.2940105058382696
25164,1.81838819611673
25165,1.0105474460046853
25166,0.14118657670985588
25167,1.9072774451003103
25168,0.5332006977405409
25169,0.5778760654153787
25170,0.12095550578752318
25171,0.7866924393975507
25172,0.4031591738017102
25173,0.7992361243517283
25174,0.4379667578179134
25175,1.4808704496915912
25176,0.8522998405975699
25177,0.06461352132136469
25178,0.6137145718454314
25179,0.22385734746416192
25180,0.7890693591467244
25181,0.2836250374059791
25182,1.5639162311458112
25183,0.5458883674146058
25184,3.4912983149151664
25185,5.003896898486951
25186,1.1926457756068938
25187,0.15356995073829913
25188,2.7198591207507183
25189,1.1143839142160765
25190,0.4031851342445295
25191,0.12049206585306489
25192,1.28092744156396
25193,0.4820880200930619
25194,0.35660105329565395
25195,0.17566255434406414
25196,0.5617852433868353
25197,2.8001816316135395
25198,0.30844730744005283
25199,0.05568787926993215
25200,0.9781649534445611
25201,1.0661560750739645
25202,0.7619161350948452
25203,2.4693433380942342
25204,1.26501323909331
25205,0.14177448011201604
25206,0.22119693009704547
25207,2.549888476765748
25208,0.594403189680617
25209,0.5953215349229852
25210,2.875112152567982
25211,1.122295166544757
25212,0.3191180182786973
25213,2.277216443596775
25214,3.1369083220774767
25215,0.5545281520040376
25216,0.12833090554555968
25217,0.16362668625515078
25218,0.12088370230089028
25219,0.7712707923534112
25220,0.5696097985772686
25221,0.24824831476192172
25222,0.44510447922930313
25223,0.594523743127857
25224,1.05817554237763
25225,0.17928780963832638
25226,0.28800232349424193
25227,0.9044313778323039
25228,0.7555397572435956
25229,1.3853900888600026
25230,0.2163798229053585
25231,0.9997808297506063
25232,0.31424108686227215
25233,0.6306173827769768
25234,0.7245759450199303
25235,0.6102862469876618
25236,0.9493728681711756
25237,1.7117970904493884
25238,1.6178796816193521
25239,1.1676356104982308
25240,0.23053363171121483
25241,0.9930978826706804
25242,0.2029451655026903
25243,1.7865911580017908
25244,0.2425971958966348
25245,2.5071183852492034
25246,2.138253117153765
25247,0.3092296285394878
25248,1.0619147734148844
25249,1.5385656073216853
25250,1.4016767095820593
25251,1.4037435629628832
25252,0.34271220929500157
25253,3.562379449594093
25254,0.6549993324595731
25255,1.102396713052772
25256,2.661075879957719
25257,2.000707355030651
25258,0.8538940459280551
25259,0.7057613912179989
25260,0.119984493980095
25261,0.34082061400931796
25262,0.46362239136176797
25263,1.492700207928795
25264,0.2901552043035713
25265,0.2303672798825711
25266,0.9272401189682725
25267,0.19484767321311253
25268,0.09789865162189655
25269,0.20121024829790637
25270,0.5429404158676568
25271,0.7048231144356973
25272,0.620819743496586
25273,0.1673510116192135
25274,1.5176687901039148
25275,2.3550285874115744
25276,0.27920522207174653
25277,0.8627355537151314
25278,0.4776019487332726
25279,3.276882577428942
25280,0.22018469828277965
25281,0.26347077536806796
25282,0.5993894473749176
25283,0.9027279338857861
25284,0.3987578853031677
25285,0.30304049611172834
25286,0.1200806251517666
25287,0.28639326645748486
25288,0.2734305940650814
25289,2.177664294324515
25290,0.588194737664076
25291,0.6359244935414393
25292,5.086588661714213
25293,1.4875397685535077
25294,3.933383979918259
25295,0.5870116800133462
25296,4.072225986693518
25297,1.0032652255652321
25298,0.22124455299922616
25299,0.43380326793876145
25300,1.4668442114322615
25301,0.4165112958021945
25302,0.5368124390883948
25303,1.6932129894078938
25304,1.782368836806139
25305,1.4246972570494694
25306,0.8272422403790092
25307,0.7666454903987
25308,0.4286767454073374
25309,3.3215841144586555
25310,0.8761924734906004
25311,0.34339693601123367
25312,0.18920166749264547
25313,3.096618205251742
25314,1.248666052764862
25315,0.6734991019010546
25316,0.3838148146071679
25317,0.3507083540020074
25318,1.1070331762704175
25319,0.2619237663930098
25320,7.508043499833883
25321,0.33915598403717584
25322,0.52760375962491
25323,0.10851547352552839
25324,0.1500257212714201
25325,1.414411203007062
25326,1.5348311781811468
25327,4.969146188001517
25328,0.760965592080712
25329,0.4433122065211475
25330,2.3673326506559693
25331,0.7333702315227492
25332,1.254661853636428
25333,0.2666477134910443
25334,1.638762451267211
25335,0.2185975145524292
25336,1.2456604922022545
25337,2.3753899558366425
25338,2.8590884680255044
25339,1.6660471539882218
25340,224.87002135562656
25341,0.3151081269516615
25342,0.09965510856645579
25343,0.4184450500759243
25344,0.4671418731636113
25345,0.15063241904402533
25346,3.369137258261223
25347,3.98308381752633
25348,1.6906716399389463
25349,0.2294722441612966
25350,1.4998712595864752
25351,0.23145922884285466
25352,3.317380005229678
25353,1.0751648055911383
25354,0.7127921515789319
25355,1.277612556577292
25356,0.22032423045325725
25357,1.064780027368777
25358,1.9341120208373797
25359,1.5251845715757955
25360,0.39381887614131317
25361,1.0456321561617836
25362,0.2696147825910613
25363,0.4821880315307661
25364,0.3769940408777051
25365,1.1107564908329048
25366,4.637840130468448
25367,0.6700436131151837
25368,2.2017469752369787
25369,1.3932775959887818
25370,0.34707719128346837
25371,0.11424380923519853
25372,1.2492060324937304
25373,2.7934165657292858
25374,0.4911119187893767
25375,2.2850424328416055
25376,0.35736427835793255
25377,0.5642029914745268
25378,0.6553537230110799
25379,2.8639808309167254
25380,0.4339496736177219
25381,1.0521719465936283
25382,2.5505974724138647
25383,1.700881054608891
25384,1.4731104925041534
25385,0.3020094667461716
25386,16.109040901728967
25387,0.4982193001150362
25388,0.5531630612789475
25389,2.2067447876332964
25390,1.0753774382622425
25391,2.5309423446524026
25392,0.18107697862387
25393,1.0866551298857996
25394,0.23534780684375872
25395,0.5767079465660919
25396,0.28983362507916155
25397,0.5759476810645346
25398,0.7149741170538411
25399,0.9312526618203181
25400,0.349371066922121
25401,2.5062166320306374
25402,0.7674046670007454
25403,1.7730065449906158
25404,1.969767427417308
25405,0.7100246489763101
25406,0.41508568204620233
25407,3.33074773486998
25408,0.4040831734085751
25409,1.4766861525265937
25410,2.7880989994358774
25411,0.2698586514057226
25412,1.7683481501608878
25413,0.5574911983135601
25414,0.1450262142533681
25415,70.98697009890118
25416,0.16866783996611728
25417,0.16472395437289522
25418,0.48595087491816635
25419,1.1904001717515584
25420,0.28648300821654166
25421,1.2266552431941224
25422,0.15563802360767146
25423,0.4895054255879304
25424,2.2359688275191845
25425,1.0910331392496164
25426,1.5623058621691521
25427,1.4051392756518344
25428,0.7205842471668552
25429,0.7237077859543292
25430,0.09498117213544356
25431,0.29979062531432515
25432,0.4266710429315226
25433,1.5897349470050994
25434,0.3310423387193289
25435,1.8509216151109922
25436,1.339768244979698
25437,1.528212862387316
25438,0.9553438704125576
25439,0.40160288063268706
25440,0.9036949056077642
25441,16.334030161619125
25442,1.9554334023192972
25443,0.28227620564562633
25444,8.13965102506133
25445,0.08698258633806366
25446,1.9052720232124585
25447,1.0392679268432254
25448,0.7363572083613421
25449,2.260199020678097
25450,1.1955498392226132
25451,0.5850380044230863
25452,0.38877464476991175
25453,1.6367035785606119
25454,0.537740684944236
25455,0.14104842755467006
25456,0.576217443029183
25457,2.3526837247817767
25458,2.7527928004139945
25459,3.6272763649223214
25460,0.605146956981364
25461,3.0950832618790667
25462,0.04407271639757993
25463,2.013025490781511
25464,0.4362734722758982
25465,0.7470334597929646
25466,0.6518381672055941
25467,0.5499575569413939
25468,1.9366250290216642
25469,6.292596853282701
25470,0.16765763388759136
25471,0.08527369450830019
25472,1.1363659594472209
25473,1.620044113340303
25474,0.3772575860080925
25475,5.1479859733432445
25476,0.22183677558098422
25477,0.8476627067602055
25478,0.7908394664836566
25479,0.7773305003628228
25480,0.5195683102676364
25481,2.58364392801128
25482,0.1815498566863445
25483,0.19369477213215644
25484,1.9307429234979312
25485,1.1391450315092122
25486,0.08279479008363014
25487,4.8981334529287475
25488,0.16470193548323253
25489,0.9260863563551376
25490,2.9202268467369685
25491,1.4039219706195172
25492,1.654578698552637
25493,0.24071189976321003
25494,1.8955174449333652
25495,2.121277828754956
25496,0.8984569823906376
25497,0.3022331005445805
25498,0.25779525876776865
25499,0.10753162926971128
25500,2.478337859197446
25501,0.36014408666839914
25502,0.7157182369358293
25503,0.8278186748655413
25504,0.049957224715913844
25505,0.34230158043244535
25506,0.28644956898800134
25507,0.2143956363520624
25508,1.416665970921344
25509,0.6110847724228851
25510,1.2646025653710775
25511,6.04969586113855
25512,0.13714942893096757
25513,0.747642672159817
25514,0.3443319653886656
25515,0.45456613512061783
25516,1.209229956966019
25517,0.38690303533327386
25518,0.7231547373206532
25519,1.233870686303132
25520,0.5431553965208984
25521,0.1164434357932026
25522,0.8989957547303968
25523,4.229278198257934
25524,0.16174550426722353
25525,0.12271939309720703
25526,0.5556917348562497
25527,0.40323346705655905
25528,0.2326303653058928
25529,1.80872682455891
25530,0.5536437108486169
25531,0.38179564417255824
25532,0.2141772306205672
25533,0.3488910380353587
25534,0.7640834960833628
25535,0.593371726351064
25536,1.3311989904595232
25537,1.5376963414029912
25538,0.1991809687117299
25539,0.2961966325027986
25540,0.5023034123387649
25541,0.17241512049305716
25542,1.3166194084495624
25543,0.7356623692244892
25544,0.08331226086540337
25545,0.37822595276161036
25546,0.45972625662767436
25547,0.3081200758539811
25548,4.126766930583799
25549,0.35764171837630154
25550,0.5271960590417413
25551,2.2604925979415653
25552,0.8313328753134601
25553,0.7055439402634065
25554,0.9099240101472877
25555,0.23996136728902498
25556,2.129591509679295
25557,0.3977218458622961
25558,0.5933698071964508
25559,3.932760338914833
25560,1.209315199546963
25561,0.4009294751925842
25562,1.2342550567646153
25563,1.6373956027939784
25564,0.8687062476860659
25565,0.8734796968512452
25566,2.13512295575861
25567,0.2734112896525056
25568,0.22015261277932593
25569,0.11429358341861114
25570,1.7603490206537107
25571,4.450733353836568
25572,0.14449646725972012
25573,0.2834482147194993
25574,0.8542044700935562
25575,11.304750950983362
25576,3.464948327894744
25577,0.7381622611070834
25578,1.2675199975310398
25579,0.759602286827687
25580,0.8305026241713112
25581,0.1896427263475962
25582,0.8803537762351835
25583,0.2662394019378477
25584,1.3489326116227833
25585,0.6771816181747408
25586,0.5866197162496181
25587,0.7581423185264631
25588,1.363414533043424
25589,0.8083900588194324
25590,0.5714833596997736
25591,1.8164229784094286
25592,1.0109750320897122
25593,0.5454320640222268
25594,4.126253928446154
25595,1.3278719059625792
25596,0.1658631074556557
25597,0.6827102606718032
25598,4.5841328760745785
25599,1.687548401083336
25600,1.4467598860191078
25601,0.5537457123243059
25602,0.29220852896327115
25603,0.9803975165507887
25604,1.647671069699773
25605,1.5817745446357194
25606,2.660087914223484
25607,1.2357488751402481
25608,1.2586555207743169
25609,2.2569262385112836
25610,1.4233952477061107
25611,1.244933508482188
25612,0.5924703349811679
25613,1.4281202086823692
25614,0.3235736501774329
25615,0.0804772921464506
25616,1.2204879333758898
25617,0.29275966319576624
25618,0.9721761891914072
25619,2.1745296158367964
25620,2.547920663084932
25621,0.14076367229252174
25622,0.5067064975818076
25623,6.156292518406545
25624,0.045584108242316956
25625,0.39116871249171836
25626,2.140179114279201
25627,0.045631182476325374
25628,1.00543666922276
25629,0.3075526604952774
25630,0.8297146514871407
25631,0.33153607268298857
25632,2.429885318006859
25633,0.11425193492521836
25634,0.9719066774143483
25635,0.9945940058988039
25636,0.6449928444510412
25637,1.154287777310762
25638,0.36816827397877283
25639,1.96925000383244
25640,0.43566443034960123
25641,0.21823522189270225
25642,0.47587167897340554
25643,0.6629142350335586
25644,18.77148103630254
25645,3.6185488080554586
25646,0.13571878020764838
25647,0.6679923577192859
25648,1.062138504019873
25649,0.2193269730255263
25650,1.0157351796663203
25651,0.17995810722167885
25652,2.4488863994366734
25653,1.2878627641879792
25654,0.20500192787682622
25655,0.34124236873008323
25656,1.2416440145998784
25657,0.8082951270546009
25658,0.5420682787731796
25659,1.3171408233567188
25660,1.2853724785838325
25661,0.452462686591806
25662,0.1896441863034771
25663,0.6335668976727711
25664,7.078332610489771
25665,0.17620992472773625
25666,0.9868678130231482
25667,1.7640735389198854
25668,0.936180796834659
25669,0.24859835990765475
25670,1.8676767823748301
25671,0.07699997516276301
25672,0.09592214905718648
25673,0.5188965091476709
25674,0.10982556527518324
25675,1.438791576721695
25676,0.2027628966386008
25677,0.8160802672555751
25678,0.6910801040345561
25679,0.9159612048042107
25680,1.309727508116953
25681,1.1356595415474884
25682,0.2917197154775399
25683,1.3208961644603616
25684,3.5043294970709535
25685,1.7353064036423111
25686,0.26383731871268706
25687,2.113845603723619
25688,1.0241007804406657
25689,0.223061624618172
25690,1.135440714595719
25691,0.20672043724628628
25692,1.7152131980334193
25693,0.43769230567609635
25694,3.8070795764187197
25695,0.5091397461234
25696,0.5098692503668534
25697,0.9234855440338464
25698,1.8457043893887284
25699,2.9114552455636735
25700,0.07860791261952789
25701,0.7040830769519164
25702,0.057700670028996946
25703,13.292673794375194
25704,0.3350208331382698
25705,3.738669012449842
25706,0.6775499721868916
25707,2.145974338033151
25708,1.895262982199001
25709,0.2200494119081014
25710,0.15655327838807992
25711,1.3634282207246893
25712,1.3386349532113355
25713,0.17197624280244553
25714,0.49534238208894066
25715,1.3373292332223161
25716,3.606849107441141
25717,1.5552873355017263
25718,1.2285936723444726
25719,0.32178969660074136
25720,3.036537536597822
25721,0.1435177499963821
25722,0.06189629087500872
25723,0.6821787994064461
25724,0.16175636010442718
25725,0.7465062979154253
25726,1.1867832178305462
25727,1.0908545361691757
25728,1.1512987524439644
25729,0.8530122381553367
25730,0.10104374397494247
25731,0.12486902252710837
25732,3.7336850977312275
25733,0.6353947273342159
25734,0.21996215866947172
25735,1.2013895648495734
25736,8.302681466137027
25737,4.9164522019500225
25738,0.7809532571742472
25739,0.359752504347924
25740,2.71988975012288
25741,2.4094814577346177
25742,0.6619651022996694
25743,5.060239352273601
25744,7.1063815044733465
25745,1.4697583439197894
25746,0.8913200713888607
25747,3.883851092185533
25748,4.373670642536125
25749,0.5777601058583443
25750,0.2974401146102467
25751,0.212751708223398
25752,0.17118111614363773
25753,1.177946346050204
25754,0.08340179457769119
25755,1.5145838050506701
25756,1.8270396481230287
25757,1.0376027442024771
25758,2.4882221824686113
25759,0.40395572899329224
25760,0.882832007343527
25761,2.100408804834576
25762,1.4791294216681141
25763,2.908064544175426
25764,0.5555215683828314
25765,1.334173141181103
25766,0.1498367653627117
25767,0.09240488302829694
25768,1.766138610081496
25769,2.071199778004382
25770,0.10214597067389174
25771,1.4032531128758834
25772,5.5663774220138125
25773,0.7115788350547665
25774,0.0654862008637243
25775,0.2227480458017911
25776,1.7231926277671306
25777,0.8719453768327167
25778,0.12645417433175798
25779,0.4347304827887078
25780,8.724621904774128
25781,0.660932966502031
25782,0.34830730680593663
25783,0.5463704404949281
25784,0.8479765728210853
25785,1.0516919545480834
25786,0.2223758802690955
25787,1.2718159262178705
25788,1.3011236869102283
25789,2.5535205835153105
25790,0.5329432346049296
25791,1.4329415971644517
25792,0.6188967186233868
25793,0.52295479438222
25794,0.8362257997783389
25795,0.17210286244381057
25796,2.376672718974177
25797,0.5615986608409007
25798,1.1026683705105191
25799,2.2110079421852924
25800,0.8788256311216227
25801,0.16647046175085342
25802,0.7118458599345312
25803,2.7801163429922977
25804,3.36101154332453
25805,2.2362136895230273
25806,0.17978574135568876
25807,0.8783565894960873
25808,0.27070338265227684
25809,0.19621465569100247
25810,0.1376116477533375
25811,6.151407124728916
25812,0.130527340684398
25813,0.045688689340046384
25814,3.877016992327195
25815,1.0902765780558539
25816,2.601261672074989
25817,1.5990816143121878
25818,1.4371030587980558
25819,0.41861322584351207
25820,0.9201412774859975
25821,2.149942847619614
25822,1.8909777696405863
25823,0.10337329805076712
25824,13.37532727809677
25825,0.03665645778792721
25826,5.566284839214011
25827,0.38321781337462724
25828,0.168011276035905
25829,1.6502962047033352
25830,2.3032913582273
25831,0.9895904984583063
25832,0.3622970494078135
25833,0.14719625698656288
25834,0.3253636792752714
25835,0.7024621239449331
25836,0.4820018931307394
25837,2.054847990154986
25838,0.6876585270289385
25839,1.508944636681629
25840,0.1736727913776094
25841,0.49911165995750895
25842,0.6312771807188808
25843,1.7562298168788084
25844,1.2638038865159833
25845,0.3964313129386911
25846,0.8148617403168664
25847,1.0010892489476584
25848,1.2312372673758933
25849,0.5338038216372104
25850,0.2856984429524586
25851,0.5550210421751497
25852,0.22164586192514937
25853,3.1866711795636373
25854,0.6580760773362923
25855,0.6606740885873198
25856,0.9674296525475623
25857,0.8198621658908383
25858,1.699585609347043
25859,1.147343961078725
25860,0.6542958279518591
25861,0.6113998964733488
25862,0.06667386475975917
25863,0.07204758857609378
25864,89.0439351094047
25865,1.2786826173577654
25866,0.633578915218223
25867,0.32005980483006635
25868,1.6731024202490727
25869,0.7012789155182864
25870,1.4529018262328124
25871,0.9002261322030327
25872,0.958364954013658
25873,0.07218291164270017
25874,0.3610209445517268
25875,0.47229130571124195
25876,0.5276777425581433
25877,1.1646044668158242
25878,1.3249016662533086
25879,0.10905853724921304
25880,1.013302401043066
25881,1.0049818492813518
25882,1.6491107956727733
25883,0.9907673968935629
25884,3.9220815408041685
25885,0.701223871555508
25886,0.11951715766879438
25887,0.3138689278589241
25888,0.9844321616622388
25889,1.0066578247001465
25890,4.225660298231909
25891,3.066385648390206
25892,1.914008696306649
25893,1.5821680600297667
25894,8.88432066012533
25895,1.1699060969827688
25896,0.13783412230123546
25897,1.5742210917811161
25898,0.25893340361287476
25899,0.13798089616256748
25900,0.706210653612711
25901,0.14276886056587826
25902,0.49617065155469237
25903,1.1535683521403086
25904,0.7042590976816211
25905,1.0305895697993959
25906,1.6775977851486494
25907,0.7786520571002278
25908,1.4559647642029256
25909,0.2287838042392426
25910,1.3746417758430325
25911,0.06368001537029981
25912,0.6548548585648278
25913,0.2524297894931782
25914,2.7524750355885006
25915,0.06313794806167587
25916,0.04525821680221975
25917,0.5903554521561497
25918,0.19094571649536493
25919,0.37341387096200246
25920,10.198297586746602
25921,0.3422797086900879
25922,0.468312726435398
25923,0.8869760952539757
25924,2.034312086253468
25925,0.2717775190135782
25926,0.2087379714205098
25927,1.953685412948836
25928,0.0677864930842142
25929,0.5611446152388769
25930,1.1413748000799515
25931,8.159963741944164
25932,1.6614304886017321
25933,0.1759280031664592
25934,0.1128990831180926
25935,4.6610329916147055
25936,2.708547944788944
25937,2.7619939451502105
25938,0.086741409014911
25939,0.5599468951362653
25940,0.4078372964074903
25941,0.255933177462838
25942,1.210675637753196
25943,0.3151656695235503
25944,2.0320323737526773
25945,0.8603577834887091
25946,1.8303190355591057
25947,0.46298980152469693
25948,1.247053895269902
25949,7.3654866558316945
25950,0.2699189327129691
25951,1.0666587873258724
25952,0.7259072898649831
25953,0.7952440012422644
25954,0.208681409850596
25955,2.069690529228669
25956,0.31790674388772777
25957,0.8151724566275589
25958,0.3237843228134754
25959,0.474882866631617
25960,2.6825892049259243
25961,0.8130343987687229
25962,1.3321256534136818
25963,1.1699954267617276
25964,0.06144742125514293
25965,0.536008045997285
25966,2.926036716065381
25967,0.40662454308833207
25968,1.879653519074312
25969,1.2045908780924965
25970,1.8011508485214553
25971,0.20280278997725112
25972,0.7319014644698372
25973,2.3126918835009906
25974,1.4967504908840834
25975,0.3295416244135677
25976,1.8178997321087353
25977,0.10834743557941467
25978,1.4752784453709558
25979,0.2434743827009481
25980,0.9756132058198629
25981,1.6598680145367932
25982,1.2699394302219194
25983,0.6764649583823389
25984,1.0447115261366375
25985,1.3091099821398924
25986,2.2469340307093693
25987,2.5138466556143952
25988,0.4179403625364178
25989,0.676386825548699
25990,1.7952802534525596
25991,1.381930694212915
25992,2.7022236912253117
25993,1.2845824923854678
25994,0.4272085223582644
25995,0.3621495861592332
25996,0.4984085683078361
25997,0.1263983336766228
25998,0.6129182833115333
25999,0.25777280679386977
26000,4.479910064989499
26001,0.30076491083508433
26002,0.5180104266127395
26003,0.38245423764472203
26004,0.37279813508676407
26005,1.6143808016901937
26006,0.5397130729149663
26007,0.2647873369502235
26008,0.2580668068210823
26009,1.1354037031020046
26010,1.9771294063203664
26011,0.7402663662914036
26012,0.8061578652074292
26013,0.727358622093191
26014,1.9748294662887549
26015,0.9172525327389047
26016,3.2573822880466667
26017,2.287791455421081
26018,0.7538273960155634
26019,1.3527652547788542
26020,0.6547466633430066
26021,1.7099289425081672
26022,0.5808852314444855
26023,0.23447087237876035
26024,0.28851898852837143
26025,0.05902878114902738
26026,0.17202591165637926
26027,0.196490883983952
26028,0.18518833725292402
26029,0.4230840157692306
26030,0.36612567005941954
26031,0.09586310185657858
26032,11.106231255618399
26033,13.714182925825725
26034,0.4485657365666113
26035,0.5423479298893069
26036,4.416016021754779
26037,0.7245909256384402
26038,0.6876592886811728
26039,1.9142826159409685
26040,0.3890307782320331
26041,1.4633196411235745
26042,0.8034115131552693
26043,1.9246910361353
26044,0.19076679317506023
26045,0.6906227734199404
26046,2.3827408238234455
26047,2.067478857227119
26048,0.3379548122798397
26049,0.15041477913881796
26050,4.441815106119908
26051,0.2532264906282941
26052,0.6930986056627289
26053,0.18495164653836402
26054,0.07120739543643737
26055,0.10183335448799181
26056,0.2831013457218566
26057,0.47616517955221216
26058,0.29075486034951803
26059,0.1928864929745764
26060,1.34829496170736
26061,3.582039498790652
26062,0.6534745196756375
26063,2.1252955391121167
26064,2.039381358552742
26065,1.108993587657415
26066,0.39493925774989264
26067,0.6902555399335355
26068,0.5947193695159563
26069,0.6573581563951324
26070,1.7819436506143258
26071,1.3037207750649544
26072,0.12207858282861433
26073,0.9866314924121279
26074,1.4030181421756416
26075,0.3012142222611042
26076,0.1658816242941246
26077,0.7635053060957245
26078,2.8517224176950187
26079,0.16239735904733213
26080,2.760064871885883
26081,1.7083776919080167
26082,1.0794189742894778
26083,1.4583750523795151
26084,1.569560431256225
26085,9.785647841559697
26086,6.384965332477251
26087,3.4653801079370057
26088,0.37418768998100155
26089,0.5228804320069613
26090,0.21663716196484803
26091,6.160986630820026
26092,1.3273294676338012
26093,0.06112744977325237
26094,6.125490910613203
26095,0.5908927929392851
26096,0.6296069494132785
26097,0.7672306231985753
26098,1.8485717453492727
26099,0.9802149709299006
26100,0.965625626418385
26101,2.276647738529593
26102,0.324328734242327
26103,0.7240180573287875
26104,2.9162493663723135
26105,1.9554708679163169
26106,0.37221038063233286
26107,0.1819021787334455
26108,1.224295373246622
26109,2.8157838055727042
26110,0.48600314246323567
26111,0.7552413088713272
26112,2.346091562983582
26113,0.9587189502231908
26114,1.1301844313920717
26115,0.16144139307705271
26116,0.5017620905640822
26117,1.8018676008628867
26118,0.32790307621448866
26119,1.0507445186201627
26120,0.5237730941127703
26121,0.8939967840960998
26122,0.9643338608081169
26123,0.4761993881857166
26124,1.9982750500382844
26125,0.8384155785812206
26126,0.6086438555626815
26127,1.3322930499603802
26128,2.7827539627820985
26129,0.5682316895075917
26130,1.8700667484778277
26131,0.178545194624161
26132,0.5093802620744476
26133,2.1467180719267076
26134,0.4048279740511688
26135,0.23643795528434933
26136,1.2897449404641894
26137,0.20035833742493567
26138,6.603133147324822
26139,1.3815438215409028
26140,0.7698151599161662
26141,1.2533901296154824
26142,0.4895917884361003
26143,0.20103254821082783
26144,0.8292319130846246
26145,1.2042657502016256
26146,0.10625520446097902
26147,0.3400151382332931
26148,0.3530715603132326
26149,0.17414516052590226
26150,2.3137491272345274
26151,0.5354971123810616
26152,0.2598583981780816
26153,0.4578004291566939
26154,1.070921921620935
26155,2.424898106637753
26156,0.17939325195434336
26157,2.9654899581241523
26158,0.673492932374005
26159,10.401942975916963
26160,0.03944011908591157
26161,0.25197659439652115
26162,1.4395130382892796
26163,1.6231880844795374
26164,0.9880076354150917
26165,1.0561694448384256
26166,0.6566627306072933
26167,1.1070654572638274
26168,2.742166523638928
26169,0.4928461235276482
26170,0.6031054539787267
26171,10.811035590101174
26172,0.09054434740033203
26173,0.3662936229301934
26174,0.6343606639254167
26175,0.630195709005312
26176,1.0134369348335934
26177,0.35868133143839837
26178,0.2502526596765868
26179,0.08187522277332845
26180,1.6994079470397463
26181,0.7772803882748545
26182,0.5438764428839896
26183,0.7895014480352728
26184,0.7068147561399192
26185,1.3720815715386865
26186,0.15747761801908788
26187,0.36070230362507344
26188,2.9032067694017627
26189,0.6551948507929541
26190,2.3950616816625576
26191,1.3944258937398317
26192,0.20893605239282878
26193,0.9956652483671804
26194,0.5576453687951354
26195,0.3157101992433473
26196,0.5649148876815322
26197,0.21120743701531236
26198,0.2636443053109563
26199,0.29919549701698817
26200,0.26458345842274744
26201,1.0958666214914314
26202,1.7810226252136325
26203,2.446109679922906
26204,0.21289290215581422
26205,2.5130424099398727
26206,1.0484410015411862
26207,0.6456686987512563
26208,0.6322599258452578
26209,0.41875874895711707
26210,0.21640252153128436
26211,2.122337701967353
26212,0.4065738050561845
26213,0.10057092167923372
26214,3.1047449133227882
26215,0.11527236896831028
26216,1.440908088269546
26217,0.6962309948863228
26218,0.34654392542761475
26219,3.4375054033640047
26220,0.08675173829045704
26221,0.8736102703233455
26222,0.5386012769636676
26223,0.6903089523021403
26224,0.5569436101215981
26225,0.3020631981664836
26226,3.7602941792168383
26227,0.4362339145739246
26228,0.44733346784409245
26229,0.6243170906303676
26230,0.9419039470562321
26231,3.06546136455379
26232,0.28877412191730617
26233,0.15939127796157518
26234,4.8095235746382405
26235,0.06656523538101583
26236,0.24009256898126757
26237,0.479167930397107
26238,2.664803575129807
26239,6.641223952969985
26240,1.431738167009164
26241,5.64718329912152
26242,0.13533105407441814
26243,0.9339148685433852
26244,0.5398815746134253
26245,3.9525285287000904
26246,0.9370369033616195
26247,0.9106788321447497
26248,6.476840801600706
26249,0.4594831339501921
26250,1.4038529541057496
26251,0.9089663426796204
26252,9.946305027180212
26253,0.7050133246540087
26254,0.765824962980349
26255,13.774959686403399
26256,11.881109193581045
26257,0.30177967603484784
26258,0.8150902475080729
26259,1.4367813674300964
26260,0.5823240910786205
26261,1.142567419683087
26262,2.0203120593993593
26263,0.2093974520864044
26264,0.5605475435762672
26265,0.8184782229646855
26266,1.1879019396626835
26267,3.6034856015424603
26268,9.087373265928449
26269,1.8056704913252482
26270,0.9333387095863742
26271,4.405566308769602
26272,2.1347640724865036
26273,2.4265046626403293
26274,4.697281224662581
26275,0.8407424739555295
26276,0.43073550925594695
26277,0.9889316922352894
26278,1.0031453577648408
26279,0.0996354697849311
26280,4.249497185623225
26281,0.3275154246611998
26282,2.4137248020879376
26283,0.5307549656961688
26284,1.851810537559874
26285,0.514381750345362
26286,0.7243963876268741
26287,1.3026545152952682
26288,1.0138933823576126
26289,5.2832655469013305
26290,1.9049295262535784
26291,0.44744846583912845
26292,1.1418210929423704
26293,1.4977012931192426
26294,0.3786192846004954
26295,1.21268345926146
26296,0.5133040714263195
26297,2.8058238243462976
26298,0.5745687928412195
26299,7.149232848935185
26300,2.88970548232323
26301,0.904389470716328
26302,0.9536146465146771
26303,1.342395744774859
26304,1.4434363493156712
26305,0.30925647698125924
26306,0.43482049782422433
26307,0.912893207158509
26308,0.6617228693071779
26309,1.6743967583285642
26310,0.3901409011704951
26311,0.9664658650259035
26312,0.14141187786235954
26313,1.381601159305046
26314,2.9317192118664472
26315,0.29724872369622596
26316,0.7469832806001591
26317,2.3423920493877533
26318,1.2769936892627853
26319,1.025999552886014
26320,1.5443330101954218
26321,3.2944850394048215
26322,1.2878854837988702
26323,0.21117378966809228
26324,1.5012683147668615
26325,0.28122434948376585
26326,0.1658983026553944
26327,0.05779881516800557
26328,0.05512158424523379
26329,0.8180915858681754
26330,0.5562593916088593
26331,10.654288328643995
26332,0.6707354276960942
26333,1.4550227607170265
26334,0.4040573207603388
26335,0.4992532770421802
26336,1.5760547275629926
26337,0.846483612580839
26338,0.1400895507923719
26339,3.5075210750177335
26340,2.6817163189866524
26341,0.40204337468339896
26342,0.46405287037472337
26343,0.35442246887724627
26344,4.344195386151437
26345,0.542894600620503
26346,2.2055869466197473
26347,4.954492374177588
26348,1.6707272421934123
26349,0.20793826645391184
26350,0.23838757909959588
26351,2.1829184220752786
26352,1.5182961908719985
26353,0.33261035999676103
26354,0.2504713990994759
26355,9.013865497736191
26356,0.8740323402508047
26357,2.79606673750217
26358,1.698909263305208
26359,0.9104229263480421
26360,12.239365531931847
26361,0.7175611578730299
26362,0.9597008334833045
26363,1.007147933445115
26364,1.4679852901902672
26365,1.0785066615411771
26366,3.8064113030745954
26367,0.16020725417368847
26368,0.10087282920410395
26369,1.9998363919500752
26370,0.6445407862754107
26371,1.2076604131063269
26372,0.09780811702595718
26373,0.1154830033611238
26374,1.1362619986567077
26375,0.18639331694990632
26376,2.242693698157958
26377,1.673175613360984
26378,1.424206298616559
26379,1.099906344019121
26380,2.27465651675097
26381,0.46683608576339414
26382,0.5086414053626762
26383,1.1094569355464499
26384,0.9008903566798547
26385,0.13137858478156586
26386,1.415473461536442
26387,0.29310801470704156
26388,0.40433433723343504
26389,1.2609090739585471
26390,0.8414456291274366
26391,1.6163682105865507
26392,1.7106712354570677
26393,8.620939633870078
26394,0.5872037318637668
26395,1.6427196113526974
26396,0.137005033877746
26397,0.6620691803850508
26398,0.1793959144721254
26399,0.32934519565869635
26400,1.9324102655358015
26401,0.07308058914654868
26402,3.596049997244353
26403,0.6632733385704311
26404,0.6998427132018021
26405,0.23614354466595064
26406,0.09062292399998761
26407,1.1238733697854957
26408,1.9219600993530577
26409,1.1595334808230973
26410,0.9754389660960026
26411,1.9894470613348931
26412,0.5316065718266108
26413,0.1816906484545332
26414,0.9034650375959831
26415,0.20075033368326928
26416,0.5483149564051053
26417,0.9256935963499568
26418,0.22519738295017866
26419,0.9688718637774353
26420,0.3486333456199576
26421,0.09990588682748894
26422,1.9901620770011537
26423,0.6217442580260506
26424,0.7949058453704205
26425,1.0520796859196446
26426,2.2385507611496767
26427,0.3127283120741165
26428,0.6086269195430986
26429,12.443212084318217
26430,0.7727569551804266
26431,0.885559050307583
26432,0.4976341569691678
26433,0.9369302620224679
26434,0.194854047307409
26435,1.867229691194276
26436,0.1936622465158293
26437,0.07611457269204337
26438,1.2569169932423114
26439,0.8585037876965088
26440,1.2923450515815642
26441,0.7214721797614292
26442,0.5529216144842596
26443,2.752759147485413
26444,0.5770002399308775
26445,0.62154965317411
26446,0.36142592471953433
26447,2.475953609762923
26448,2.3809171798582955
26449,2.0076328960974696
26450,0.1759172236605356
26451,0.14827046373014266
26452,0.960436846507238
26453,0.8848293228488591
26454,0.027679203252702362
26455,0.9175071363100832
26456,0.38973741293621605
26457,0.8863678677451355
26458,0.8961661152196453
26459,2.4541156638431
26460,1.9981366075144793
26461,0.1361811787685519
26462,2.8264196223261457
26463,2.96506474210303
26464,0.5713806338369642
26465,0.1409850730149268
26466,6.50672409203022
26467,1.7461617666878961
26468,1.0169250906524254
26469,0.4765202176519677
26470,0.0197617050944182
26471,0.3500943579953537
26472,1.4908140917627846
26473,0.5927221173949889
26474,0.15307988019469676
26475,0.46072892025152246
26476,22.08147374389137
26477,0.7538130965571338
26478,2.42929469979233
26479,2.1206751301974105
26480,12.125531724194737
26481,0.24350594130603917
26482,1.429768027095919
26483,0.15879624167346412
26484,0.03656071905106081
26485,0.8412217627550111
26486,0.21245384747008794
26487,2.7217978063098904
26488,0.2652300002807162
26489,0.33624729867900005
26490,0.7660208588525473
26491,1.089142301017918
26492,1.106022227348716
26493,0.4382468000032044
26494,1.1811570905896598
26495,0.4032477840775824
26496,0.9041943555659812
26497,1.211595440809963
26498,4.5025918127795475
26499,0.5153583196230461
26500,0.30566082252593196
26501,0.9995822665952655
26502,0.9726543452629712
26503,0.24364435054144926
26504,0.25357694771386047
26505,0.1375617449448392
26506,0.3249716891859127
26507,1.4828359223123508
26508,0.47860558037458734
26509,1.1513784620164833
26510,2.833235929343588
26511,2.59321251903809
26512,0.3393854012109967
26513,0.32414885286333917
26514,0.5812309616045204
26515,2.295017203702625
26516,2.364892022936568
26517,1.3435003911465082
26518,1.3579288592527488
26519,1.491585964997588
26520,0.11959327668346356
26521,2.3499041811948764
26522,0.23280933537143464
26523,1.9569874140757815
26524,0.7811970952551337
26525,3.449756091367748
26526,0.35178719354033944
26527,0.23244208683039294
26528,4.824915270077708
26529,0.49674763779680664
26530,3.40345020461613
26531,1.803997139835175
26532,0.9902472821128486
26533,0.3306793448667281
26534,1.0856678669724633
26535,0.10840688703786185
26536,0.27810049284996763
26537,4.31134073760128
26538,3.177183350238309
26539,1.1098189218668955
26540,3.2228939021936953
26541,7.909814570792939
26542,0.43482749968036327
26543,0.33209277354900946
26544,0.7396123465195237
26545,1.3614290738633694
26546,0.38006304994146234
26547,0.8301054216370345
26548,1.5242169165990715
26549,0.4143633050218645
26550,0.6511804033088395
26551,1.653556422825012
26552,0.12422022656429728
26553,2.105884371818394
26554,1.9348255807559407
26555,4.812903458998039
26556,0.4982785507961537
26557,0.19058017518840367
26558,0.400371270826715
26559,0.6232088826338587
26560,0.545027407518081
26561,3.427914445488996
26562,2.054031079417405
26563,1.2336395574020862
26564,0.7978414402384639
26565,0.1196934923236076
26566,4.363151998752235
26567,0.619347324870862
26568,0.42803171200710777
26569,4.198881425229148
26570,0.2662085712545021
26571,0.7974607314402216
26572,0.8481694027103366
26573,2.373558253163299
26574,0.15347073836395278
26575,0.7954025560466956
26576,1.480712078754129
26577,0.7396272284377273
26578,1.035844413253084
26579,0.38933358213904334
26580,0.18660203963046454
26581,0.48919684790991713
26582,0.21266599568054775
26583,1.1756354376564997
26584,7.433686398043993
26585,1.0936534897536094
26586,0.6737915149280572
26587,1.1034671407850887
26588,1.7945135907791812
26589,1.5226659851230417
26590,2.938771449714915
26591,0.514848872934475
26592,4.58878655801153
26593,0.38568927285956406
26594,0.7285840818091057
26595,2.400507728286732
26596,2.5094276898075782
26597,1.2530827199121972
26598,0.7040646621928095
26599,2.771818694530064
26600,0.10950887694503697
26601,1.1900518614678282
26602,0.3889415843881278
26603,3.0398358815744513
26604,0.12190025994856594
26605,0.7169537067842422
26606,0.08747876758172864
26607,1.5455187043997733
26608,0.8295257163599236
26609,0.9629600732216376
26610,1.3824427986264973
26611,0.9838663450290839
26612,0.39048158737154665
26613,0.8946957886390582
26614,2.0432976311563555
26615,1.8545196841603104
26616,0.31647520127321116
26617,0.31590476322353134
26618,0.4882926603312328
26619,0.19171862252727814
26620,2.880192245158717
26621,1.4356158568054318
26622,0.42663987361664785
26623,0.7125575498442531
26624,0.34533010222805915
26625,0.7131828823234578
26626,1.0669914524567505
26627,0.4794196928111304
26628,1.5806129613176063
26629,1.3473231245596058
26630,1.91061365421339
26631,1.7346121864645137
26632,4.398792854281804
26633,4.298519748605067
26634,0.46791436766461236
26635,1.1987593311029467
26636,1.2525976643923848
26637,0.6444144272165848
26638,1.561520416625563
26639,0.19603121351886674
26640,0.4092480644947613
26641,2.845749798980908
26642,1.420947309631856
26643,0.1293364885152346
26644,0.4739026295671515
26645,0.3790904685447799
26646,0.7488956308267769
26647,0.13262297749328952
26648,0.4817167263432852
26649,3.1703451842545256
26650,2.343251522800021
26651,0.682705352028369
26652,0.6460414719019715
26653,2.7954734675669757
26654,0.6938903171470763
26655,1.0353896971052015
26656,0.28629081789791655
26657,2.4647485557268918
26658,0.7089703789150905
26659,0.2243502181502504
26660,1.115127675586163
26661,0.5988791295997224
26662,3.1320764766346447
26663,0.10447825199557127
26664,0.7369725631090376
26665,2.51763658887808
26666,3.176652489616039
26667,0.8663449671671085
26668,1.5704332941458126
26669,3.771786817070677
26670,1.2971700772799035
26671,1.6274524118458549
26672,1.2248696664182088
26673,1.3124558242698827
26674,0.45974228025610164
26675,0.41248379130405816
26676,0.4968607048689362
26677,1.4114456145246463
26678,3.145945350338976
26679,2.6300425934509994
26680,1.3758251343400905
26681,1.0426511968257188
26682,3.3152754308982617
26683,0.6377184849348486
26684,3.060015082184462
26685,2.4535583246508237
26686,0.9402404715019421
26687,0.7269810655617823
26688,0.08940163130209462
26689,0.20364646015723206
26690,0.2879423039899941
26691,0.7863101836943035
26692,1.417571796478754
26693,1.5733579927416166
26694,0.2882778540246623
26695,1.1998675838543131
26696,1.0997859784743647
26697,0.29505626675531654
26698,0.2117867100553462
26699,0.305773405316463
26700,5.4058643925907255
26701,1.4148490061982784
26702,0.30796812737943935
26703,1.7197523523130975
26704,0.033959949715009416
26705,0.31201591399969053
26706,1.937727126716093
26707,1.3462081916490483
26708,0.6824777403672131
26709,0.9931955116836774
26710,1.7376130852282452
26711,0.11157636153973129
26712,1.132475197937408
26713,0.07148330133740208
26714,0.0639503189526531
26715,0.39221869043114294
26716,2.0152530198479988
26717,1.5049782334000241
26718,0.5970431774172656
26719,0.9163367248656983
26720,0.7378140847913086
26721,4.182921307731532
26722,1.0663715075426121
26723,0.6991375698914993
26724,1.8133229671452014
26725,2.4591580480132644
26726,0.569132270151988
26727,15.056384028704246
26728,0.38500393651357945
26729,0.8808045597701336
26730,0.22601409456534632
26731,1.2849255675969138
26732,3.4840151325637057
26733,0.35948355581636937
26734,3.913349122269423
26735,0.1416168744427734
26736,8.169577856035572
26737,2.2699171404684986
26738,0.20446797744235956
26739,0.5022272553046452
26740,0.3217210949569831
26741,2.521816610785685
26742,1.5667938048461805
26743,0.5129961423747667
26744,0.42982044433517436
26745,0.9329855993869471
26746,0.9530186221030776
26747,0.2109464188919101
26748,0.25445151616608863
26749,0.16890014461713843
26750,1.7253858512865636
26751,1.9405243614541816
26752,0.9748888911132513
26753,0.18938410210319012
26754,0.634317188555092
26755,3.7661341392769128
26756,0.34681071767186833
26757,1.750358161617669
26758,0.7959308694787497
26759,1.8280972883776767
26760,0.611999476159219
26761,0.6524251468851014
26762,0.23961869121054521
26763,2.386766103814046
26764,0.10792015301934521
26765,0.17786011391349904
26766,0.8953701715255176
26767,0.269403504075178
26768,0.8473524550573168
26769,0.15829941499816963
26770,0.7341316247165108
26771,2.216181322079548
26772,1.3730465619410348
26773,0.06386680614029162
26774,0.0799549133389679
26775,0.1194804334666877
26776,5.488191497034728
26777,1.6540477490187617
26778,0.7390549009636179
26779,4.413900367811793
26780,0.2870165249278718
26781,2.7064081469779047
26782,0.14073336155283658
26783,0.38012568675558056
26784,0.6002321638101635
26785,0.5587575893919544
26786,0.5731271323380431
26787,0.18300179717160325
26788,1.1457093738855795
26789,0.10746072788891052
26790,0.1585419603706136
26791,0.93777044938965
26792,0.2751145109699844
26793,0.42048273871178066
26794,8.197081003612755
26795,0.9093806730401712
26796,0.4905458069246748
26797,1.2991361017491359
26798,0.3237768015197518
26799,0.38133270805806724
26800,1.4693054741979135
26801,4.095018794281032
26802,0.4247983070422792
26803,0.6219682864236815
26804,1.780142027182831
26805,1.0900921946371827
26806,2.29279518718032
26807,1.3210120981332605
26808,2.8517348279217356
26809,1.3273442716983455
26810,0.6022739712797177
26811,0.4270355040334137
26812,0.09731034219801932
26813,3.2023696265370365
26814,0.694419045078805
26815,3.078246137489618
26816,1.181319244279166
26817,1.8490942271171618
26818,0.3661149021143692
26819,1.1777982430423066
26820,0.2858912946423056
26821,2.302334272278568
26822,0.16201921718299522
26823,1.4471601110576335
26824,0.8512035352458793
26825,1.1992680640505828
26826,1.0260532825373156
26827,2.7074468624879495
26828,0.07263712413784211
26829,2.023829063960332
26830,0.4332987454821637
26831,1.4864624710927514
26832,1.6969215482249855
26833,0.25045352660968095
26834,3.0004264549730224
26835,0.2757141601913524
26836,0.2128954123125279
26837,0.29770970854265805
26838,1.0713039157928002
26839,0.2901685296440449
26840,0.12193755525104419
26841,2.282912849293723
26842,0.09507271972094185
26843,0.30988070736937373
26844,5.740692368495528
26845,0.35484593427447275
26846,0.10051138064283148
26847,2.2932603981527944
26848,0.17609930869793503
26849,1.3156200966257248
26850,0.8350635228357663
26851,1.5491191739212609
26852,0.3223091914044821
26853,1.7952950106131342
26854,1.5511082376472076
26855,0.4609211194997832
26856,0.6584880615074133
26857,0.5607323540944935
26858,0.09985829481393539
26859,0.10789039502574221
26860,0.1838020635420933
26861,0.10807414335283053
26862,3.6956575499728475
26863,0.2035258793812493
26864,1.0034134640267742
26865,0.3137876509118128
26866,0.9060394599071853
26867,0.559258125215787
26868,0.06886529566685727
26869,0.09233025714689293
26870,0.3050690430453621
26871,0.5364336950661672
26872,1.31210591089312
26873,0.8584815822232137
26874,5.055377473669505
26875,1.1520825886628197
26876,0.7467802921510891
26877,0.07120596380907458
26878,3.2752417227878725
26879,0.4681980349138219
26880,3.747442850576694
26881,1.046159733723096
26882,3.0143982881000317
26883,1.2827634254953901
26884,0.1830302616633622
26885,0.9005905705875025
26886,0.2595938405441695
26887,0.5540882435055994
26888,2.1671130873515607
26889,0.5174249349315931
26890,1.461548728443844
26891,2.970661115716457
26892,2.0044829722213295
26893,0.11782695831481192
26894,1.017682844414283
26895,0.8424249899955356
26896,1.1804981115310913
26897,0.654103020477913
26898,0.47938328901967375
26899,0.13404186009741512
26900,0.5155776527154378
26901,0.8181234620704553
26902,0.5354996586331515
26903,2.0501444493625076
26904,0.9282084712269398
26905,0.1977437441258614
26906,0.9436627409362615
26907,0.1006091850663629
26908,1.710059204406174
26909,0.7411454505649712
26910,1.514367002900377
26911,1.6376637127579279
26912,0.1283227560931032
26913,1.175812604330547
26914,0.13175109966262338
26915,0.3824169186917404
26916,0.23880648988734124
26917,1.6376717396037517
26918,9.420379922752955
26919,0.18423347333562284
26920,1.9052278091002512
26921,2.0245669958663983
26922,0.12879704556915905
26923,0.418763634101091
26924,5.58358739576526
26925,0.32902563944065416
26926,1.142132475193607
26927,0.10590403576185128
26928,2.393599260853277
26929,0.9180283918802808
26930,0.3031973802353606
26931,2.2829153832915607
26932,0.4091910716169994
26933,0.7930392627375298
26934,12.40636285144397
26935,1.9719868473687607
26936,0.2523068720741272
26937,0.25708240600943744
26938,5.043237467107981
26939,0.542098753940389
26940,0.21122805966722322
26941,0.22652877488425746
26942,0.5435375346289194
26943,0.21875799772433793
26944,0.319918318633751
26945,0.4286271500345728
26946,1.33627425415027
26947,0.20854411914461812
26948,0.6622759169738672
26949,3.551861399894086
26950,0.21593054446393706
26951,0.4528528171978125
26952,0.2279432453647324
26953,0.7517993072916489
26954,1.2812247386077644
26955,2.7204243119297766
26956,0.42290042880157924
26957,0.37342103835233587
26958,2.709015912782699
26959,0.406817893011081
26960,0.4476751012647035
26961,3.050904083504507
26962,0.4222841921849048
26963,1.1419105110180776
26964,2.2329442676215474
26965,1.4220004735282445
26966,2.4639951395050885
26967,0.4032564903171542
26968,1.2330018949934007
26969,0.18489476864325186
26970,1.290068993246193
26971,1.3852372074431922
26972,0.6707251667296805
26973,1.5913754778888776
26974,0.07088155500145689
26975,0.5313779837441628
26976,0.4103460205415703
26977,1.6451711982371797
26978,0.8327087383186241
26979,0.2161302439233324
26980,1.0691532970646804
26981,3.5729713909408938
26982,8.294989237269146
26983,0.10022206186897276
26984,0.2678378457351987
26985,2.0091595325312706
26986,0.5329226261500442
26987,1.1599212727348358
26988,4.447742857581315
26989,0.37578073720417576
26990,0.113183564617467
26991,1.144230307610177
26992,1.2594773977012557
26993,4.695616710218324
26994,0.24103334194005197
26995,0.6564085674668583
26996,0.5946773867069614
26997,0.1968143253009889
26998,0.9114421958071949
26999,1.2454407376650598
27000,0.06364445866906493
27001,1.0398568365934733
27002,4.081919487669988
27003,1.61791590588671
27004,0.03673871326155548
27005,0.1207124118598456
27006,0.4648306420125747
27007,0.9625409423305613
27008,3.883401482783328
27009,0.8043694366764331
27010,1.8735152255630216
27011,1.6394084893561935
27012,1.605484870149773
27013,0.09640145484531544
27014,0.44419504053312336
27015,0.7350226175521258
27016,1.2797289267077518
27017,1.0803422925188304
27018,0.3310042488794516
27019,0.14712808022829563
27020,0.2866278514263003
27021,0.953865463536739
27022,2.808015481965918
27023,8.029295187911364
27024,5.776827609429132
27025,0.6858191319848368
27026,0.33122915771460093
27027,3.467772846382811
27028,3.276056721092455
27029,0.4475556123967736
27030,1.041198755949951
27031,0.565648627009628
27032,2.741086222722741
27033,4.933909712847473
27034,0.2143548612608989
27035,4.130114968687694
27036,4.49423782865926
27037,0.7031752084017256
27038,0.9224585412497829
27039,0.6607744169620121
27040,1.7329557979829135
27041,0.159084775997853
27042,0.32368111272181
27043,0.23141164721543184
27044,0.6683901378296441
27045,0.34656629794293065
27046,0.899897895031347
27047,1.872063453313082
27048,0.343622896782367
27049,0.13048548126218684
27050,3.9488972299841865
27051,2.49546634025058
27052,0.7906766940156258
27053,0.6583643301991594
27054,0.48235324289350334
27055,0.9525858874582814
27056,2.7434282610624603
27057,0.548753197074962
27058,0.37508999877025817
27059,0.9704224158965004
27060,1.1985045634254639
27061,0.25864940814848414
27062,4.629828993221913
27063,0.7592337282429432
27064,1.0313155785693418
27065,0.4092253808239014
27066,0.24476114047945216
27067,0.982915281106323
27068,0.8542027962861849
27069,0.26999743715381325
27070,0.05689321693312941
27071,0.19683929622400992
27072,7.351356875371611
27073,1.4278012962970195
27074,0.9623389864962115
27075,0.9413446842395256
27076,1.4530662225080377
27077,0.692318697013655
27078,1.4043945247051106
27079,0.5227193481311752
27080,1.1162091988819791
27081,0.7667690883878179
27082,0.7781768480007677
27083,1.4368111341047793
27084,0.331681393964217
27085,0.8140840009418469
27086,0.39415966105979944
27087,1.1405017941081648
27088,0.2003970023294552
27089,0.3798517855910163
27090,0.33742821965262554
27091,0.9077884909129168
27092,1.3702251283945477
27093,0.2124042684191048
27094,0.40835950864901
27095,0.313659699834066
27096,0.35901659845580863
27097,0.4466227838094039
27098,2.593470024572132
27099,1.484197857818474
27100,0.3560066916511051
27101,0.07157078537114073
27102,2.9238351598102637
27103,0.37584449064633363
27104,1.3362213973946264
27105,0.802724271912665
27106,0.8178074752160049
27107,0.20374332360128256
27108,0.4227590953624776
27109,0.6447363290080844
27110,0.7755235410895606
27111,0.7774402644213774
27112,0.6774331261334761
27113,2.151886852667814
27114,0.06473489290855372
27115,1.3560811279889204
27116,0.305804032317132
27117,0.7065646147853818
27118,1.8671752368642573
27119,0.3925844684066277
27120,0.8359625736158216
27121,0.27980227633875204
27122,0.8530368543198075
27123,10.301347350574057
27124,0.7720694669823963
27125,0.48371771027034416
27126,0.7375108535094567
27127,0.31341358122524415
27128,0.4470255566675789
27129,2.15029167817165
27130,1.6434151036615647
27131,0.3001248167916166
27132,0.46424008975720626
27133,0.9355391056257913
27134,0.7830570114827327
27135,0.7235650107739002
27136,0.3806955624456406
27137,2.8470846195572737
27138,1.1751460185400944
27139,1.0591831168451151
27140,2.8392512684852287
27141,1.9307225837225523
27142,0.04893339688534374
27143,0.5287333869517148
27144,0.14070508045879387
27145,1.732477721396319
27146,0.2115602861682276
27147,0.0887647411638964
27148,0.393857434256468
27149,1.037395176563422
27150,2.364101416635949
27151,1.3871170613327621
27152,0.2627546616044941
27153,0.8337176245393962
27154,0.612487076802264
27155,0.38501547641454054
27156,1.6165160708577908
27157,1.587829667663539
27158,0.931794439116174
27159,2.5706787126848862
27160,0.440967419863568
27161,0.10923309218022696
27162,1.7800089703422315
27163,0.2726257248070055
27164,0.10878610111301831
27165,0.08379834878158743
27166,0.7151679793980024
27167,1.311371575366944
27168,6.327138015361979
27169,0.1552598307193818
27170,1.0396248289885228
27171,0.46664826120039515
27172,0.2759776335058143
27173,0.72697272120058
27174,0.27459446268359944
27175,0.7200110081058194
27176,0.06609577237671481
27177,0.07306518091927844
27178,0.3217578210908101
27179,2.912986400666246
27180,8.078769644960186
27181,0.25866924347702214
27182,3.973327939301925
27183,3.7148341778881115
27184,0.2694128561082892
27185,1.4828933782873852
27186,0.25073479522398934
27187,2.965368495250071
27188,12.182501649694952
27189,343.6644907152425
27190,2.5084646360017415
27191,1.3916047948867436
27192,1.7812369383329547
27193,1.4572962144767414
27194,0.3633274655400346
27195,1.0695243256319358
27196,0.24304614441067957
27197,1.9376400704527692
27198,8.284995799318507
27199,0.8721037747351452
27200,0.05612366850832619
27201,1.9308130221056592
27202,0.24196387623430932
27203,4.063903656127035
27204,0.05806072074948603
27205,0.1478045493916911
27206,0.1028568445297722
27207,1.4092060778467694
27208,0.32709436672215314
27209,1.7837533299768995
27210,0.4153147904654869
27211,2.3671399376047035
27212,5.6867964113546075
27213,0.04889960820941113
27214,0.055938469900303794
27215,9.119562950758146
27216,0.2182400579449993
27217,0.23730015710785382
27218,0.7656159725177484
27219,0.0929062654245568
27220,1.2724749513156612
27221,0.3362985071836315
27222,0.14344195763146494
27223,2.5223586695018474
27224,3.000380760030524
27225,0.378740159057409
27226,5.203908671011688
27227,0.542093587169623
27228,0.8990778837769453
27229,0.7405595032006536
27230,0.05888820404578767
27231,0.5033456658468735
27232,1.3794425000362323
27233,1.231297282119635
27234,0.09120386536431647
27235,5.515582161602736
27236,0.32189836585892445
27237,0.44134794345437367
27238,0.5193830675823928
27239,0.6588638499010663
27240,0.46580272304726633
27241,0.39657870206022394
27242,0.10255864208427318
27243,0.5090351362055794
27244,0.19885296868953709
27245,1.6809312987577232
27246,4.145191096955486
27247,1.6848903038366665
27248,0.14924904268561937
27249,0.14001032162657118
27250,0.1734450285855134
27251,0.5203934523459961
27252,0.5163858323862404
27253,1.4664381483081508
27254,0.16657029776034876
27255,4.505663232978274
27256,1.4448465077951964
27257,1.419649234999994
27258,0.567398535345761
27259,0.38522182049232295
27260,3.4934602969559907
27261,1.2036845745894769
27262,23.896834837105555
27263,0.18577138415996275
27264,0.671004164279427
27265,0.0850823465588406
27266,0.9043542686213887
27267,0.7699630014282175
27268,0.3656108194592804
27269,0.8219244031424194
27270,13.620635819006065
27271,4.882595341982314
27272,0.5699794130134518
27273,0.13393627542446962
27274,1.6783174513135224
27275,1.477955018708077
27276,0.8582155440814273
27277,0.48298548609079683
27278,0.3227746740370384
27279,0.3364732208361278
27280,2.01740455695139
27281,0.3081967925016034
27282,0.13278680788186392
27283,0.18865564328539025
27284,3.1538195709201258
27285,2.332741419254592
27286,0.23090937267160686
27287,11.310623964394953
27288,1.5833882074314598
27289,3.2490057851888463
27290,6.980346438365304
27291,0.6575389601208134
27292,0.7194014649527142
27293,0.22660168660960994
27294,2.0133147372754596
27295,1.758140287265981
27296,0.6163930597490095
27297,1.1743139226794075
27298,1.6219921177421688
27299,0.46224368887349243
27300,0.5978797845103875
27301,0.7281762498990775
27302,3.1962363043464097
27303,0.2768495197423167
27304,0.6038134733872522
27305,1.2842141337327821
27306,0.5394889251939896
27307,1.0966872989927277
27308,0.5989378175964128
27309,5.629593729772804
27310,1.2833807845648075
27311,0.4718672571801498
27312,0.1293447804576787
27313,0.9794912105069412
27314,2.1640439703492893
27315,0.4078508315561642
27316,0.05604766674184409
27317,0.715966439259
27318,1.9274639498001598
27319,1.921432862996124
27320,2.5122208888495745
27321,0.27185550260005503
27322,0.9131967448737603
27323,1.0693075937933578
27324,1.4478905342825472
27325,3.3739584068328714
27326,0.22067124391776477
27327,0.4886839154441532
27328,2.6368478424941406
27329,1.3399551070590192
27330,0.08481647527243438
27331,0.5477060111644158
27332,0.5497693441027219
27333,1.06590265882634
27334,0.6463060038612847
27335,0.5617629108169728
27336,0.1772943435539088
27337,0.6492847287449427
27338,0.36285826527698234
27339,3.3321912518318726
27340,0.577177854796536
27341,0.3008133694180849
27342,0.2292527032193133
27343,0.6596788846343622
27344,3.058423981447726
27345,0.5565518696361827
27346,0.8123569924385622
27347,0.5217820817199963
27348,0.4067473961582334
27349,0.17005683470296204
27350,3.2602577384951377
27351,0.27956681159859326
27352,3.094831883159393
27353,0.1159913463502668
27354,0.9965742226272274
27355,2.5663076312342743
27356,1.5018878206777377
27357,0.48496746452153994
27358,1.5859894208279464
27359,0.7520879270975317
27360,1.433513566154604
27361,0.5225277367632538
27362,4.137768481250065
27363,0.5671200499437545
27364,5.73986587987544
27365,0.9960236842289908
27366,0.40498007232596045
27367,0.9536880134617047
27368,0.3000409026971945
27369,0.4890624149357208
27370,2.4361599859291156
27371,4.896817481520173
27372,0.2462377813831996
27373,20.386552677598885
27374,1.5851059050290952
27375,0.08498488278615364
27376,2.1490083998956564
27377,0.8202315134298185
27378,5.744745837924239
27379,1.0168567246176832
27380,0.21105565952334643
27381,0.5892060714525659
27382,0.5445675784245224
27383,0.5173838546771568
27384,2.2323608097570635
27385,0.6873365046128832
27386,0.8977692233275152
27387,0.4965168294275205
27388,1.799720613760358
27389,0.1245701088107504
27390,0.283876220002627
27391,1.0586679902190301
27392,2.016303359000804
27393,4.416486917226971
27394,1.7453394174587198
27395,0.43251770374095855
27396,0.216435645729683
27397,0.6475047246799815
27398,0.5491168648821946
27399,1.2324824323877541
27400,1.9556198941696061
27401,1.276092068357931
27402,0.4868905168303714
27403,1.7883435637911864
27404,1.6830281984874471
27405,0.6093474598945025
27406,1.0152263689571381
27407,2.838421957647305
27408,0.2634041514221909
27409,1.3677163748561418
27410,0.35623390786181036
27411,1.1698606131180262
27412,0.4489355158313602
27413,1.4518288442869636
27414,0.3640911242578367
27415,0.3362959465852558
27416,1.1490749675435439
27417,4.200095215549479
27418,1.094383285466368
27419,0.4548267911743787
27420,1.4257706823407255
27421,0.14442993444792906
27422,0.22480965816901116
27423,0.35545896432543994
27424,0.8749724456320623
27425,0.3957686709354302
27426,1.5406249127130134
27427,0.19009590701530388
27428,0.6229523837132079
27429,1.1501286823152768
27430,2.9938130517279027
27431,0.963259724164316
27432,1.6029552947240662
27433,0.20617994859210267
27434,1.4473128423151744
27435,1.6212848768261272
27436,0.5272178635928028
27437,1.0747622483799801
27438,1.7906186016488606
27439,0.13197206506623396
27440,0.9554543257976055
27441,0.26404952561358996
27442,0.741532465045813
27443,0.99996244672494
27444,1.8702941689844623
27445,0.6496098914097276
27446,0.6698099444206785
27447,0.10030093002577542
27448,2.2880233437159965
27449,0.9728344762349819
27450,0.1200806251517666
27451,1.0314446659848475
27452,0.12334856848347651
27453,2.351521562066241
27454,0.36797036091868485
27455,1.9822397890879166
27456,0.2723675077494796
27457,0.23660363695428807
27458,0.9199503178430127
27459,1.8987620025515999
27460,0.9630501519873617
27461,0.29660974783749555
27462,2.540806648469332
27463,0.5506844374627683
27464,0.32574174864596933
27465,0.19816471714873848
27466,0.3080358540128368
27467,0.5861857288370388
27468,0.9832508552488627
27469,2.282729213252476
27470,3.3067419116226704
27471,0.9750740298287437
27472,0.5326339978895411
27473,0.531667505994715
27474,2.0052419737331415
27475,0.09615230716665368
27476,0.21876454687031904
27477,8.3038712992807
27478,1.012117609632857
27479,1.4216608447548602
27480,0.15081753642710238
27481,2.6039058367984986
27482,2.604204119339725
27483,0.16016518867041307
27484,0.27628312987961634
27485,1.0983764376125962
27486,0.09748728863768057
27487,0.03425953247066962
27488,3.893962448174042
27489,1.3473648321880627
27490,0.8570262458787459
27491,0.8952492870700303
27492,0.12580618251278539
27493,1.7691203022682493
27494,0.9437012741751217
27495,0.28305778881699545
27496,1.1102612298149104
27497,0.10275264355883303
27498,1.020421691536693
27499,1.1289953393731436
27500,1.928462976642269
27501,0.7929635380888131
27502,1.4599191179921165
27503,0.089033012780255
27504,0.09891679731859486
27505,1.178722193319685
27506,0.2298659200650757
27507,1.1557974597760206
27508,0.7320447551072405
27509,0.7627122908176756
27510,0.3156462548587417
27511,1.0612104887490712
27512,1.9793103444905538
27513,0.21595969795256673
27514,1.1275444394795016
27515,0.17176791877914904
27516,0.035690145343419834
27517,1.172863243483991
27518,1.8159628544304898
27519,0.27617273879214954
27520,0.11500466874622489
27521,0.63660491608432
27522,0.4985353782980627
27523,0.38143199811221884
27524,0.39810844148079233
27525,1.0877950857468053
27526,0.9491057643426617
27527,1.5323975180925744
27528,3.381864090511089
27529,0.6228845928001809
27530,0.22321622694544058
27531,0.18533124249633354
27532,3.5698165457479716
27533,1.5209768739144807
27534,0.5172139471448812
27535,0.2927455001951244
27536,0.8774904682855226
27537,0.2091174530930852
27538,0.29347960317760263
27539,1.0758847502704745
27540,3.709619749843992
27541,13.995736152452757
27542,1.2694726388094038
27543,0.9224333595380324
27544,1.3692105166583812
27545,0.5767022685054517
27546,0.10255986753015481
27547,1.1720559025466157
27548,0.3027145388101981
27549,0.5146174006133054
27550,0.32269298518639955
27551,0.9453039649478413
27552,1.1744918727127067
27553,0.37738730185338537
27554,1.4001327074936392
27555,2.6956892138294624
27556,0.8402890585353793
27557,1.7320753455027003
27558,0.4783501764850838
27559,0.17531687351839972
27560,0.19890853040417333
27561,0.16830198394176096
27562,0.7795900339970266
27563,0.331218601534199
27564,6.867737315163537
27565,1.0895946987831477
27566,1.4173128619286839
27567,0.25019563625559244
27568,0.0582878253922959
27569,0.38978976257707004
27570,7.581689689097184
27571,0.41240905611938417
27572,4.670811445533304
27573,0.44343428161820064
27574,0.39572320997795024
27575,0.9506731609454733
27576,2.497819438125552
27577,1.679312260113813
27578,1.0290364239017027
27579,2.621190206076972
27580,0.31536232725516544
27581,2.0999714781953647
27582,2.4469637222396643
27583,0.6316901886121925
27584,2.1786466594819456
27585,0.5971677372880273
27586,0.09802247186346487
27587,0.7357156703397058
27588,0.8494703123423789
27589,1.2178860084068208
27590,0.691671394410774
27591,1.5106353651826174
27592,0.2365064450566024
27593,1.0599746986132519
27594,1.092257241213781
27595,3.0503085174909814
27596,1.0460092227407676
27597,0.5129281827940629
27598,0.033991320657145704
27599,1.4749302202677388
27600,1.2896835944743028
27601,2.4610057515981576
27602,0.600616788058606
27603,0.12872247106217077
27604,24.50674652923113
27605,0.244622061780252
27606,0.09163188971116247
27607,0.6652984240605982
27608,2.6233574141355476
27609,0.4319555749865697
27610,0.12656708919192855
27611,0.6949198245869821
27612,0.44378306390610733
27613,0.13300753594701795
27614,2.774617187608889
27615,0.9073374245895444
27616,0.31394745395965273
27617,3.597303824617849
27618,0.6971666516788599
27619,0.47327295473084996
27620,0.569133903449539
27621,0.4809765302269431
27622,0.4466231040665534
27623,0.203943118192647
27624,0.25067476682130224
27625,0.6750553814748825
27626,1.9700386606883344
27627,0.8758167009281094
27628,0.5837842607035006
27629,3.0760916026508682
27630,0.9240653968197896
27631,8.324764317200405
27632,1.2607957256440427
27633,5.522820557883214
27634,0.8667093065958349
27635,0.3263085990133177
27636,1.0543175430126102
27637,1.251496976690935
27638,0.3766583256866591
27639,1.179922776696909
27640,1.1960446714919148
27641,1.8020016606629696
27642,0.6553394949319216
27643,1.7305684414159064
27644,0.8142024724611848
27645,1.5651124487215824
27646,1.3033327914758301
27647,0.3640094485482836
27648,0.37123052201991913
27649,0.22224571581109184
27650,1.4884863896056473
27651,0.2092332068902861
27652,3.3243708062631434
27653,0.5702848623360087
27654,0.38752221993429503
27655,0.6963517706370437
27656,0.13414648388923106
27657,1.551621907634595
27658,0.7920185105192762
27659,0.5774283873982813
27660,0.7690417535520779
27661,0.7453923656284338
27662,1.0032512699197111
27663,0.24279742234916246
27664,1.623267190193863
27665,0.12201375317875526
27666,2.670980904285594
27667,0.46230271607305967
27668,0.3602005412652682
27669,0.9867640518406804
27670,0.27085513431168934
27671,0.7747149730365119
27672,0.36137015566904607
27673,1.4687638040985311
27674,0.1702730267264314
27675,0.9429566073487905
27676,0.5633820476061866
27677,5.097481366134735
27678,0.5639431085690272
27679,32.19890953978929
27680,0.6048745082734255
27681,0.7616618046996726
27682,1.5909631995535134
27683,2.0808000915455707
27684,2.6407800309971536
27685,0.12403328117978983
27686,0.5420626455790859
27687,0.004815271037038247
27688,1.4550580381316143
27689,2.15074047969738
27690,1.291249119591348
27691,4.255113901327492
27692,0.1742740791784164
27693,1.7309783197103
27694,0.754706270835718
27695,0.3912867129660077
27696,0.220651597495153
27697,0.4260286918045396
27698,0.7001593706731127
27699,0.758722415342615
27700,0.5527502708120449
27701,1.5664520051892192
27702,0.07124147167504219
27703,0.48153959080231507
27704,1.1646696568498125
27705,0.10180748844187835
27706,1.2352926742843282
27707,0.37738060056075756
27708,0.6180316413872379
27709,0.1560440435071518
27710,0.39829727894440087
27711,1.4479578116143863
27712,0.04514010471111639
27713,0.7952920826705575
27714,1.052329751726914
27715,0.539402739868069
27716,1.9967864643107638
27717,4.181606535917504
27718,0.30641907559187753
27719,0.374939390657079
27720,0.4200192745546949
27721,0.047255188091681985
27722,0.4342214317489249
27723,1.0201433046360275
27724,0.7453477586263625
27725,1.1951684644922684
27726,0.2612679262115545
27727,0.18495801903846534
27728,0.9618677404856629
27729,0.6945278950569735
27730,0.7534312426701584
27731,0.4731011766680856
27732,0.17431955776426417
27733,0.7211028782900706
27734,1.1828257783732057
27735,2.6567882806573566
27736,0.5069786345152357
27737,0.5256150576292986
27738,0.1716940642472391
27739,1.1578962948108942
27740,2.1090605970748713
27741,0.37021163154663234
27742,4.040217929027436
27743,0.3988671826013878
27744,2.727334585531703
27745,2.3251710166287105
27746,1.7758047391114946
27747,4.559027769094405
27748,0.08267965397333918
27749,0.8982930772127286
27750,2.685166831136443
27751,0.5204767035965965
27752,0.5167563024351514
27753,0.4831380818770898
27754,2.1562196886771186
27755,0.4973655150163337
27756,0.67972804176874
27757,0.14330244229407063
27758,3.730717351794159
27759,0.5661308802824135
27760,0.23468211482633466
27761,1.4033649089019222
27762,1.1257459814167683
27763,3.4480257710162676
27764,1.0805116773380858
27765,0.3475484266921864
27766,0.250255667015293
27767,0.37773031584727695
27768,0.21836568246224355
27769,0.9458932296617788
27770,2.227020868280633
27771,1.1953236585644742
27772,0.9087854161174431
27773,1.2390534812581815
27774,0.559527548108381
27775,0.614421594820808
27776,0.6901055561944306
27777,0.5834639511722358
27778,0.12277494222823006
27779,5.998777193080803
27780,0.9079871403282823
27781,0.18191582794845232
27782,0.40896465090156175
27783,0.2586593418978046
27784,3.765549168361487
27785,0.06339222971794274
27786,0.2339408495501116
27787,0.9587721941635925
27788,0.3388509920513869
27789,0.19240763926532253
27790,10.110168303246866
27791,0.17880528715948132
27792,0.3055204801147997
27793,0.6851708624025633
27794,0.2547657829960436
27795,1.2029883119667355
27796,0.9790366577224874
27797,0.2956558431242893
27798,1.8746067509527908
27799,0.7001453408374858
27800,0.11914678012294097
27801,0.4016705600540149
27802,5.352952809685307
27803,1.061017080422896
27804,1.033237708668625
27805,1.9161985701786597
27806,0.4055961418852975
27807,0.9367404387994497
27808,0.7375218588043537
27809,4.4663389559761235
27810,0.2639157765429785
27811,0.4251993647488991
27812,1.3658010383729322
27813,0.9812188768166487
27814,0.9675016266643072
27815,0.5058975194471329
27816,1.4958179816691042
27817,0.3001772363617964
27818,1.0826931467933072
27819,0.25292533528815997
27820,0.9137679782903168
27821,0.1962976230395213
27822,1.3408940066075263
27823,0.06778239539269745
27824,0.5976773048788397
27825,1.2280358688285316
27826,2.3988669665009064
27827,0.2951759622765646
27828,1.9883089847447812
27829,0.9439255395441672
27830,0.45184473857842655
27831,2.891743260936841
27832,1.3052165307417165
27833,1.995234138014271
27834,1.4820528084564768
27835,2.713170135974922
27836,1.4978562591863815
27837,0.19212672397435054
27838,2.3213470264865563
27839,1.8348651066093493
27840,1.5049098438540325
27841,0.12209349836554728
27842,0.14259717706099123
27843,0.8988870772210547
27844,0.18680876953765088
27845,0.5719788130870537
27846,0.45848725159965065
27847,0.7199695275043481
27848,1.7005765918620217
27849,2.069830873908709
27850,0.5159512787482768
27851,0.033497003903975524
27852,0.21783601049480494
27853,1.3241185255433565
27854,0.051722892698821674
27855,1.1834426441421884
27856,0.1892791524732644
27857,2.0754026334551505
27858,1.0278254532579605
27859,4.91728411013718
27860,0.6621285641855178
27861,0.4303260209979867
27862,0.6848859311313338
27863,0.6912466458293526
27864,0.4686928720328216
27865,0.3036242361835555
27866,1.0299196881620127
27867,0.14138745284689652
27868,1.0685226571160926
27869,0.09617760399500914
27870,0.26618429854140013
27871,0.697741760089306
27872,0.12906599000688596
27873,0.09666537090363533
27874,1.9100366045815316
27875,11.491831622527075
27876,0.22848601946494437
27877,0.15520937510219704
27878,0.32606164626666845
27879,0.13865148544615152
27880,0.485808521886009
27881,0.2715566722843093
27882,2.923872497567135
27883,0.4360758647270882
27884,0.9350632181644685
27885,0.35082426497816405
27886,0.9428560188199123
27887,0.8960270423393851
27888,0.9214187755372506
27889,0.40768416428784326
27890,0.10397368540092344
27891,1.8658215007349377
27892,0.2654169480700545
27893,0.42456917681030915
27894,1.1895385756468426
27895,0.17318411365275635
27896,0.37460326901827395
27897,3.117602360235727
27898,2.660414519545935
27899,0.44646366589495634
27900,0.11567126190468013
27901,6.287041414685337
27902,1.9169995741330363
27903,0.6934827429654211
27904,0.216081791432524
27905,1.14405084972199
27906,1.1515835792434923
27907,1.2150697678747333
27908,0.22263773329470557
27909,0.10374049616597061
27910,1.032086881310137
27911,1.1789430924101338
27912,0.47935644311580106
27913,0.37130349738064083
27914,3.4791138041289313
27915,0.24091666693588196
27916,2.1159287694315623
27917,1.0514117824618845
27918,1.7562490468530412
27919,0.8916602784631528
27920,1.9314188287137115
27921,1.4532737509856815
27922,0.201894899073153
27923,0.7567868861962422
27924,2.105688701483389
27925,1.0274447493991103
27926,4.001630608443186
27927,1.3135464944533397
27928,2.066308719203924
27929,0.6482446579560113
27930,3.8387231837458926
27931,0.921202216450614
27932,0.40570908659362787
27933,0.1724086636974968
27934,0.35798164938168736
27935,0.5903018297847016
27936,2.4187984379960827
27937,1.2305450779167841
27938,1.7355530895421756
27939,0.11921886411905441
27940,1.2129265890049683
27941,0.863908959270228
27942,0.8409772669072945
27943,0.32767176686949806
27944,0.5409336392266412
27945,1.3527142588083318
27946,1.2572883344715362
27947,2.1464200580053654
27948,0.319488989484835
27949,0.9550296326522212
27950,0.0663362231238622
27951,0.826205366384223
27952,15.056802062696718
27953,0.15789320912002985
27954,0.36425151126651734
27955,0.2777596174321125
27956,0.9124611527431932
27957,2.093295903310926
27958,2.6114488025289306
27959,2.2387349157010807
27960,0.5874389573290717
27961,1.3483929471522633
27962,2.043563501775527
27963,3.449485934911079
27964,1.2087046964874362
27965,0.1446797276830331
27966,0.7777246787943277
27967,0.430211698850253
27968,2.0209997947192146
27969,3.6165118514532777
27970,1.189057335425114
27971,0.4827781812670911
27972,5.569978077642003
27973,0.5570834612179901
27974,0.5127474644502916
27975,2.4447591931956385
27976,1.9403568084256542
27977,0.18098444091812033
27978,0.4794346195384771
27979,1.6151030980798904
27980,1.842335732762329
27981,8.314912939536498
27982,0.7703542569560815
27983,2.6399289360861027
27984,1.9198353338127745
27985,0.7759026900188868
27986,0.5578185015897021
27987,0.17892567149120764
27988,0.7637807886579342
27989,1.6640324144092289
27990,0.8060393299446131
27991,2.5643012048157106
27992,1.147350957227173
27993,1.997200277360272
27994,2.2502888692798377
27995,0.898897911367484
27996,1.0197112962033976
27997,0.37897707843746375
27998,0.6220810541796657
27999,0.6480635099969418
28000,0.21468399559448267
28001,0.3247195664891777
28002,0.47083272380368524
28003,1.378526695149124
28004,0.6694522265652645
28005,0.11039421010805964
28006,0.41867375105251603
28007,3.242795420840798
28008,22.55716250321907
28009,1.2040827227089497
28010,0.2300947427887278
28011,0.11156085638280437
28012,1.3428319319884519
28013,1.5596417199104233
28014,0.2908354279273555
28015,2.9364990347641537
28016,0.28917308837569916
28017,2.842502842176327
28018,4.429846066872811
28019,0.7593616396942562
28020,0.41413179864232996
28021,5.731960942307136
28022,0.2940889577668409
28023,0.20661503836390516
28024,0.4918327642696362
28025,1.6605656954792765
28026,0.4912780376914239
28027,0.042380044717906344
28028,0.379706153357056
28029,14.955850309434894
28030,1.4598465927815363
28031,2.325544004682991
28032,0.6761868569753569
28033,0.6184489302830382
28034,0.45803531750317994
28035,0.33146700224880765
28036,1.286600958158101
28037,0.43038573612267644
28038,1.2147681560321861
28039,0.6471465771602172
28040,0.7965093484052738
28041,0.10483148348290627
28042,1.7608336606546182
28043,1.1915672609889396
28044,0.5273592511554667
28045,3.23690703365723
28046,0.3273425769616405
28047,0.20585485572440954
28048,0.21081402596751636
28049,0.253607136311529
28050,0.8249351826516769
28051,3.2762753811291114
28052,0.022806408664581453
28053,0.15824010459775614
28054,3.9886336986727313
28055,0.38143774104310374
28056,0.24798604817590497
28057,0.23303079148098133
28058,1.3061924501564537
28059,2.0528289306583587
28060,0.2391399914320334
28061,2.900756664288679
28062,1.0956447043021957
28063,0.33816356348962895
28064,1.323371796689929
28065,2.280794982403981
28066,11.110643822780277
28067,0.7694506600266969
28068,2.6367436682525742
28069,0.9454245908735983
28070,7.469320711740691
28071,0.8506875569349205
28072,3.280718293816304
28073,0.5046620714486173
28074,0.31599377520712957
28075,0.1827813095572296
28076,1.1608354714709757
28077,0.5663273372407236
28078,1.737698093040219
28079,1.4531743025047552
28080,1.2494802557094624
28081,3.3402189064136354
28082,0.029213887040325494
28083,0.20578851224848546
28084,1.3592142134034269
28085,9.083740611311393
28086,0.1594788808332101
28087,1.0315648582910388
28088,2.592983061608085
28089,0.0790048210320823
28090,0.4187430639201204
28091,0.4581511409714546
28092,0.3411899676085396
28093,2.1122527137411855
28094,0.30067352188523544
28095,0.6255920856332815
28096,3.8958743461232506
28097,0.42187322489139367
28098,5.842670167557506
28099,0.7814428500501809
28100,1.892431339798403
28101,1.2352934720224809
28102,1.1008680283100758
28103,0.7832210042196928
28104,0.2874925478824346
28105,1.554321894867562
28106,0.20836449197448126
28107,1.378295884390021
28108,0.5651288661138985
28109,0.44942895144924366
28110,0.8848651250554948
28111,1.5204744780962407
28112,3.6340413490265258
28113,0.3028281243310718
28114,3.4188528387581814
28115,0.2821397848274849
28116,2.050862341909814
28117,0.39164366705217296
28118,0.4185598151289924
28119,2.0690955403736413
28120,0.6690906408063045
28121,0.21783374280381695
28122,0.9161046065967424
28123,1.5464742967571408
28124,1.0297342146945148
28125,0.1435318208644506
28126,0.6774986167036231
28127,2.387666379780694
28128,1.1409734682533803
28129,0.6092207441661894
28130,0.9723614191097405
28131,0.28605498767835247
28132,0.17200026247066846
28133,0.18429983353813637
28134,0.5204572111008077
28135,0.408479605669311
28136,0.7457217904366416
28137,0.6423571119299667
28138,0.4322813556855083
28139,0.9480718927212277
28140,0.1663530393973764
28141,2.403621928724604
28142,2.3395732188803735
28143,0.6174909013133357
28144,0.38497055442323797
28145,0.7161260318409867
28146,3.161784818912768
28147,1.5408041278700633
28148,1.127629839219182
28149,0.28817314069074895
28150,0.10247415459379519
28151,7.781705312701218
28152,0.8564015136431683
28153,0.3709855449583632
28154,0.425327203925657
28155,0.4837187167831257
28156,2.4236730594524905
28157,0.16904358866095393
28158,0.28589103181473896
28159,5.3250121130442505
28160,1.9847314063883776
28161,0.29809423153724
28162,2.562618745036697
28163,0.6600405944575476
28164,0.8903986785150778
28165,0.29455059179480764
28166,10.654302881730226
28167,0.5310167717168526
28168,0.2477745170095727
28169,0.7263707963968881
28170,0.3465608866197324
28171,1.1564908610628106
28172,2.1781675666859024
28173,0.06965903219610851
28174,0.32373577276287757
28175,0.2654170314406414
28176,1.3186689220251426
28177,1.4714516548635734
28178,5.016780930255038
28179,0.8700144417596035
28180,0.6980025585897682
28181,0.3661031249621147
28182,0.6534059619892257
28183,1.1921275106832614
28184,1.610994197771808
28185,1.5171123612458912
28186,0.8640446228086616
28187,4.861273762102714
28188,0.1841091086745833
28189,1.1264688735212223
28190,0.6709668645543523
28191,0.14359524782932956
28192,5.565409229460954
28193,0.2543059505920004
28194,0.3222571631563814
28195,4.578226817398103
28196,0.40243423703638004
28197,0.7328528764483504
28198,3.5980995013853447
28199,1.9498096391047504
28200,0.5483963204805521
28201,1.343832081080737
28202,2.7682232282010615
28203,1.0314792894346931
28204,0.1488248958587098
28205,1.8584418330608798
28206,11.212205293350857
28207,5.0026815552279995
28208,3.553451564631759
28209,1.3421261405488378
28210,0.6744044330725534
28211,5.644402386400081
28212,0.5408480793502295
28213,1.160142844676016
28214,2.192947283197424
28215,3.583301025426088
28216,3.0822410729917973
28217,0.6582317134068447
28218,0.08836927278187696
28219,1.0301887211550402
28220,0.8692287917273662
28221,0.13901825526011036
28222,0.9775338620696093
28223,1.279630105947304
28224,0.5314004820596215
28225,0.2513791778120463
28226,2.6800823841427746
28227,2.344966529206698
28228,0.42372590750083694
28229,0.6832343718253436
28230,0.16343882754918304
28231,1.3219221921247146
28232,2.1387001087276647
28233,1.3379770984890347
28234,2.042875049914397
28235,7.394970542756967
28236,0.10251094932528765
28237,6.163147842900425
28238,1.9175095973169638
28239,0.8837024349118444
28240,0.8840001445172665
28241,0.572582109249263
28242,2.9617156188422413
28243,1.2454285165315147
28244,1.1277691417043367
28245,0.7389136973863648
28246,0.16017851413520606
28247,1.3026143057546669
28248,0.8436298867611791
28249,1.5633672624436856
28250,0.26544307903881476
28251,5.327902591379182
28252,0.09132628732737366
28253,0.25679274974581884
28254,0.9188750758196638
28255,0.6286935742319714
28256,0.25987049494454884
28257,0.4428214332506699
28258,13.046542819923493
28259,4.040693905504122
28260,1.8467638228257113
28261,0.6976650496979077
28262,1.803572632616333
28263,0.7595789105576103
28264,2.4215656973705024
28265,0.07168222663497043
28266,0.3230788481012581
28267,0.9644578129305925
28268,0.8770762417506106
28269,1.2316420857520765
28270,14.57871910684508
28271,0.610024497519303
28272,0.9742417681553635
28273,0.2594613253638454
28274,0.898274826216424
28275,4.429956155981221
28276,3.8856104417957176
28277,4.57039221394826
28278,0.6514581242145192
28279,0.805935642028893
28280,0.21719152375976702
28281,1.321913688756236
28282,1.395140372023104
28283,1.254043246229714
28284,0.058362357117355705
28285,0.35437374075398265
28286,0.503588337017131
28287,0.9533155470870109
28288,0.25005698847168634
28289,0.9498926917768256
28290,3.999742765772177
28291,0.043502205665392195
28292,2.101574392393293
28293,0.7946781243535983
28294,1.046147354643023
28295,0.033593121339067965
28296,0.07684640569341156
28297,0.4791138370934415
28298,2.0169090464479127
28299,1.5082449309660262
28300,2.3693301252053462
28301,0.6008649299657887
28302,0.3152036980077828
28303,0.16057295221916695
28304,0.509046379245786
28305,0.095680934708376
28306,0.41783903354177704
28307,0.24620324100948598
28308,1.53680387381151
28309,0.6521740443762755
28310,0.34493194307398345
28311,0.4556096322588376
28312,0.24672260227279708
28313,0.30827278474008524
28314,0.8293972759640424
28315,3.469755345591315
28316,0.8470373205215257
28317,0.4660346348905341
28318,1.3935004702939313
28319,2.1312556938099934
28320,0.15284915358037002
28321,0.6608993689667317
28322,2.6901934037815174
28323,0.041543910123451586
28324,0.40958906306272147
28325,0.24399356011066617
28326,0.347819437981667
28327,0.6420048758627379
28328,1.9172424483560182
28329,3.981824229975516
28330,0.12202790488220285
28331,1.4773767918703686
28332,0.353239120051787
28333,0.8088624352131586
28334,0.305305985534259
28335,0.2664832514768855
28336,3.5609701032608694
28337,1.5710969530529955
28338,4.373291374952738
28339,0.9316421772119327
28340,0.7401833418926078
28341,0.6095366302605872
28342,0.28508324107542454
28343,0.18833627934566005
28344,0.4322586935420383
28345,1.2252899289348291
28346,0.7336970507656303
28347,0.33138277070077915
28348,0.6076503826115253
28349,4.611417473878211
28350,1.2646146593198735
28351,0.27815324331448565
28352,0.306137717603241
28353,1.6439347717108497
28354,0.7353032145681636
28355,0.3176473342684651
28356,1.3983380901418507
28357,0.9747257200992576
28358,0.4193398921873563
28359,7.30356179169317
28360,0.09326509828242488
28361,1.4328189323467482
28362,0.44287615730062024
28363,0.382707310772406
28364,0.5871278972131038
28365,3.477868794444846
28366,0.7709881471177209
28367,0.44771863571295006
28368,3.2063212049349303
28369,0.4196852354604601
28370,0.21826692995344218
28371,0.4478591734619777
28372,2.4798528016984585
28373,3.254950636056618
28374,2.139606880085289
28375,0.9854768628429479
28376,0.31349490448915546
28377,0.26131703006330437
28378,0.42562508692035855
28379,0.7611102540624578
28380,0.4205221956297503
28381,0.9828646494834449
28382,0.7516744119613673
28383,0.2753384819678478
28384,2.446616469884451
28385,4.3612257114843604
28386,7.818196195800675
28387,1.516165993699261
28388,25.949264214391736
28389,0.16034739735683204
28390,0.49516971238280383
28391,0.21407061031697996
28392,0.7013603874505326
28393,0.5406444182915091
28394,0.7551455238981373
28395,1.1269074441083262
28396,0.61231033351729
28397,0.22643244450599112
28398,1.1674935647173497
28399,0.9084205081059568
28400,0.2807271730382789
28401,0.5471042264814568
28402,1.2149780958505896
28403,0.690536686169392
28404,1.127034177156906
28405,2.6525998478300554
28406,5.425422962197911
28407,1.6162057925364657
28408,0.14873686626103372
28409,3.697931464622755
28410,1.1016205843308402
28411,0.49844541366204054
28412,0.7463513347309838
28413,0.2076561494380769
28414,1.285981390217697
28415,0.9850647056062292
28416,2.159154868103306
28417,0.7314003645041502
28418,0.13865535847771357
28419,0.3348222821598269
28420,0.5732016653367193
28421,3.548684979737429
28422,1.7680065038450485
28423,0.14582253815928417
28424,0.16785265858641008
28425,1.4325537123938905
28426,2.7271948457115087
28427,1.019442563014622
28428,1.7996654272966897
28429,0.4533997067437065
28430,1.4222611456672143
28431,0.2470319290594172
28432,10.963868906670477
28433,3.4469618428721835
28434,1.2666113699074109
28435,0.05591813181575199
28436,0.5871956376796856
28437,0.8355374726305597
28438,0.1635750360264539
28439,1.2111617684270082
28440,1.1892293485083174
28441,13.782180658604672
28442,1.2263862719767464
28443,1.3840722967144328
28444,0.7209355035170617
28445,0.10887984450636921
28446,0.8376796474236003
28447,2.4943802488357356
28448,0.06517149168562854
28449,1.3020374106778136
28450,0.4387361090974667
28451,0.23986751961740346
28452,0.18269900180211912
28453,1.7596965242420324
28454,0.17707257684969507
28455,0.7670599065492618
28456,0.47545730486527377
28457,1.9020643916413547
28458,0.5588658300625737
28459,1.000226746191962
28460,0.16121791260339716
28461,0.12436218396250942
28462,0.4856991696311975
28463,0.8819896096227828
28464,0.21147193314010235
28465,0.8882261675104742
28466,9.841792162490279
28467,3.8451849027646787
28468,1.0113182117291115
28469,0.8016963221852309
28470,1.6112527657926772
28471,1.339400565773305
28472,5.012755422523903
28473,0.33555684167611144
28474,1.83607745002571
28475,0.7556883638420597
28476,0.09387459718464781
28477,1.411807700118507
28478,0.4607677666467233
28479,0.18481121753926108
28480,0.8790779283181247
28481,0.26161593960069407
28482,0.7426709059257415
28483,0.42833036413674164
28484,0.8507746285694833
28485,0.7460014615568463
28486,0.1154980214322528
28487,0.8519270882257016
28488,1.202864562840388
28489,1.0714834393297659
28490,0.20782441965356518
28491,3.4295587277123127
28492,0.23506006675902358
28493,2.1832794239648146
28494,0.8623621341278086
28495,0.14242735385739197
28496,0.1944108425363316
28497,2.4172571674498147
28498,0.194679262934628
28499,0.35381204456534493
28500,0.5144768782267924
28501,0.414390354024297
28502,0.7174948481134318
28503,0.45383708486089336
28504,0.1533496544831506
28505,1.753973009710742
28506,1.1720623400096057
28507,1.3787957180250112
28508,0.5018595404283674
28509,1.471897661410768
28510,0.2140457869201216
28511,0.16591050945165733
28512,6.0010608421376626
28513,0.8755426905535644
28514,1.085647481665217
28515,0.5160014338121167
28516,0.9909919516333106
28517,0.896427633245709
28518,0.510864980445355
28519,1.3204777146499154
28520,0.4444542752580522
28521,0.2536291004681612
28522,0.3798184593154143
28523,0.41120472661113416
28524,4.2278821288658195
28525,0.6000735566687689
28526,0.33477742491351403
28527,0.13292598651159013
28528,0.8788931537001248
28529,0.6250066239951741
28530,0.5798243587029888
28531,2.6900279443735333
28532,11.390015384997328
28533,0.9797479828290263
28534,0.232745193476217
28535,0.30858521952854145
28536,1.1888316852932699
28537,2.1084419764329723
28538,0.9293334213595179
28539,1.094334707562657
28540,0.0620055740766305
28541,0.4393662689881736
28542,0.9331260871273815
28543,0.5468415139313928
28544,0.30549349088853495
28545,1.5582724483753838
28546,1.6221655317492996
28547,0.1403632757495762
28548,1.3039966690723594
28549,0.730692517472373
28550,0.47124813505529606
28551,7.256548461445034
28552,0.5969069492103716
28553,1.850480642664377
28554,0.24385191226954903
28555,8.392951429722274
28556,1.3581154695295767
28557,0.1673647010727415
28558,0.1214295669681747
28559,0.6313041956472987
28560,1.4354947188161011
28561,2.4876085616717583
28562,0.08698233196956731
28563,0.06109444296176646
28564,0.1777790561381713
28565,3.302206963132626
28566,0.2217549244567816
28567,0.4661441760426123
28568,1.3468375338043503
28569,1.971111367615646
28570,0.026778762258922537
28571,2.1327833115500505
28572,0.5093134017462904
28573,1.2094625869021847
28574,0.19697575602209952
28575,0.47972174456860167
28576,1.7565247271462732
28577,0.6551876831814103
28578,1.9790033967384415
28579,0.17668523401829528
28580,0.16470094448719827
28581,3.284916130116824
28582,1.9856298834705879
28583,0.7865703425179592
28584,0.5185904556625789
28585,1.1073010166674653
28586,0.3364788893223476
28587,0.16153542908377166
28588,2.019792155763166
28589,2.6602566113014867
28590,4.79678339696361
28591,0.8662434833974928
28592,0.37380025768434644
28593,1.1877857534015972
28594,1.3007753309262777
28595,0.6741025403583627
28596,1.2066651744359922
28597,1.9549568527304275
28598,0.7150499074089482
28599,0.2565637209150975
28600,0.1539775912548415
28601,0.2956328502980161
28602,0.15749752140702208
28603,0.14888533735498974
28604,2.5221511196320305
28605,1.2929422213681268
28606,1.687488257790337
28607,0.7292625514657671
28608,0.8952295682888063
28609,1.699942818619781
28610,0.11802638366971364
28611,4.893640064918971
28612,0.939921484545646
28613,1.7545047225847623
28614,0.16939794927776658
28615,0.10345089170060182
28616,0.8880593392774726
28617,0.46152114642105946
28618,0.24094558100636426
28619,5.056587842144541
28620,2.5533984906516802
28621,1.9718591345115617
28622,0.7746076568305819
28623,0.10176241892757597
28624,0.041871758036411875
28625,3.3633849729041416
28626,1.1934056876007593
28627,4.048546835948127
28628,0.56951653947606
28629,3.250138728881143
28630,1.1777757306630792
28631,1.272872252686808
28632,0.2204242655567517
28633,0.19261079344327653
28634,0.2116692288237909
28635,0.8680139371361815
28636,2.5247014773886236
28637,1.590436327774407
28638,0.755686028571833
28639,0.866554920932188
28640,1.1794890374462226
28641,0.21174857998945723
28642,0.686789640839882
28643,0.17887198772254717
28644,0.21265171577894154
28645,0.7864608629887618
28646,0.6504539502569606
28647,3.602130133527182
28648,0.5005325102599286
28649,0.2867534632716089
28650,0.6807469420775406
28651,0.7156330556365683
28652,0.4477530529750658
28653,0.8198460931645712
28654,0.41786174854155056
28655,0.11895651480834644
28656,0.44727423754718976
28657,0.5911387566034212
28658,0.16716336052510936
28659,0.4518133884994654
28660,0.976372688536695
28661,0.5570988025175121
28662,1.5183923245034523
28663,2.1820333774407428
28664,0.13712005302651006
28665,0.24992787885410409
28666,0.4321150198661808
28667,3.409566593218541
28668,0.42830264133330986
28669,1.3852912203343817
28670,0.24190623621142493
28671,0.40116590949802694
28672,0.7003840632817849
28673,1.841987834969922
28674,1.005340818319429
28675,0.22678559536592327
28676,0.22231276362975977
28677,0.76248728749669
28678,0.21855516093354221
28679,0.30022437455098294
28680,1.8718699599393565
28681,0.41760799598116827
28682,0.3592754818599781
28683,3.543585369643638
28684,0.1086767288830229
28685,0.7258367059249118
28686,1.419173627327748
28687,1.2278262756186766
28688,0.7153084424756029
28689,1.766677488195397
28690,0.5193787106602916
28691,2.311783546202182
28692,1.4955691936140276
28693,3.954480082368182
28694,0.3908789730889662
28695,0.5107279078022416
28696,0.36308918055928063
28697,0.5607397567816393
28698,0.20009296903553916
28699,3.509427692251797
28700,1.2532928920570332
28701,0.3654274372791695
28702,0.31301100821749067
28703,0.30600195363987703
28704,1.6555361975718526
28705,0.8588616630027144
28706,0.3895189829686108
28707,0.19498508621271138
28708,0.9734694619993531
28709,0.07853284033124075
28710,0.8197166801199547
28711,0.5430017905048069
28712,3.45602279949707
28713,3.420306079710256
28714,0.6261762905399392
28715,0.7709078927769226
28716,0.32288692095869737
28717,0.5409843363801099
28718,1.4371647130309007
28719,1.6462174459535428
28720,0.713610160717904
28721,0.9600385589963741
28722,0.7829950222150347
28723,0.5642880448722175
28724,0.6115372073223534
28725,0.5178278202496879
28726,0.8505803309396409
28727,0.3297147923505664
28728,0.7981174707475436
28729,1.1568412692576926
28730,0.7488852794208138
28731,0.1272216717032191
28732,0.3346025094661918
28733,0.25308882713477376
28734,0.6930695477645863
28735,2.2702499322814855
28736,1.7909746687430501
28737,0.2679486186054522
28738,0.11374114770314414
28739,4.571034139314079
28740,2.964409475031152
28741,0.5542151040627343
28742,3.5371792749527766
28743,2.1956516884921093
28744,0.8137580980318975
28745,0.5320706741106879
28746,0.9981618049568654
28747,15.945325846372688
28748,0.8567549248805715
28749,8.650371142686325
28750,1.051433481907535
28751,0.4992606229582815
28752,1.033314004379632
28753,0.9215659918374121
28754,2.3953591103375893
28755,1.2040454669662697
28756,2.4739390897978937
28757,1.5039207098771268
28758,0.08995922564606383
28759,0.6807038688590403
28760,2.112504078381681
28761,0.1526226031879494
28762,0.4957385061044651
28763,0.24954990047332898
28764,1.3340308018580043
28765,1.6933651744258689
28766,1.6600180363985624
28767,0.46424160309643403
28768,0.7219028056960985
28769,3.1664781581758796
28770,0.9292230090629314
28771,0.01241734079539479
28772,1.469907509241974
28773,0.06972576153198884
28774,0.6238212030515403
28775,0.37858135847536184
28776,0.5555279184267327
28777,0.6900327588918014
28778,0.6206668805189632
28779,0.5845774028111872
28780,0.20898041161304473
28781,0.40290826496916277
28782,0.11298616020659949
28783,0.3381620448170951
28784,2.305770444684208
28785,0.22593360641641838
28786,1.1819227435321162
28787,10.03207024301651
28788,0.48073435117414304
28789,2.5855244524478813
28790,0.1626469513865255
28791,0.30502953295410745
28792,0.7974882499534376
28793,1.0891872778996239
28794,2.4080508184725082
28795,0.2341693200316906
28796,1.3498017752757039
28797,1.3793886435380442
28798,1.4175694007875468
28799,0.06986500581909035
28800,1.6945106516129338
28801,0.2088128078588228
28802,3.2088402311581556
28803,0.9772404398745809
28804,0.9212541516091625
28805,0.29159651303795453
28806,3.5270609775194486
28807,0.6437546942756667
28808,0.8167857696974067
28809,0.6877690391177191
28810,0.23879588368310944
28811,1.0242502795533457
28812,1.0388572427170653
28813,1.9828290011614926
28814,0.28874108646203056
28815,1.218712741319829
28816,0.7886295126464413
28817,0.08054810749584754
28818,1.0949184550464794
28819,0.49199870206890994
28820,2.6298307506022898
28821,1.5593171767466205
28822,0.5647122579430393
28823,0.55842298339499
28824,1.2750829744738104
28825,1.051906198746055
28826,1.5242013709006692
28827,2.606654612419954
28828,2.050343548493798
28829,0.7338584377514038
28830,2.806310778643587
28831,2.0327112376342598
28832,0.6007713933597889
28833,1.0227587483290412
28834,0.48471735268976035
28835,1.1910671658969554
28836,0.5255960663158362
28837,0.17420811576768255
28838,0.5766138985761168
28839,0.7104122607842039
28840,0.21726633674480383
28841,0.3452326380781922
28842,4.017671509971447
28843,0.6463817841002403
28844,4.125516962379471
28845,2.882347862135316
28846,1.5296932800029859
28847,0.430436835292653
28848,1.0105416644664829
28849,0.3493624809530354
28850,0.8968132982608523
28851,1.7889190280117908
28852,0.5049571614283359
28853,0.5895607132782842
28854,0.09639844093596196
28855,0.9877086911264487
28856,2.525202593248176
28857,2.228713024524681
28858,0.4959407817345189
28859,0.35969480357822464
28860,4.88151433410522
28861,0.7638749269347787
28862,3.7119098091695806
28863,1.3271529907395474
28864,0.30973123205650166
28865,1.2772201561527183
28866,0.5589341337422413
28867,0.4863735024764892
28868,0.09263593011833691
28869,1.1205189199346095
28870,0.9423608525618362
28871,0.8944379241010005
28872,0.8545395798714563
28873,0.4563302849408034
28874,3.591814997304973
28875,0.26428042371720367
28876,0.3350944672288762
28877,0.8642808317528616
28878,0.042569483572014614
28879,0.17805517362199355
28880,1.1082969656725834
28881,1.3492548172118843
28882,1.121264438009915
28883,0.1081983766218064
28884,0.2238130186025839
28885,4.034127578078187
28886,1.169261511468524
28887,0.1272599488891301
28888,4.033379707165197
28889,0.19127340832558645
28890,0.40106064349487475
28891,0.10363770704129356
28892,0.2752750269959298
28893,1.3985637428588735
28894,1.2618702167460778
28895,2.212949244906212
28896,0.21847301160584126
28897,3.168782221071317
28898,0.07538166877826308
28899,0.6087568754200899
28900,1.1032627011417577
28901,0.6802778473351367
28902,0.6703469043665315
28903,2.9971437820443088
28904,3.4807293839082982
28905,1.169065365645129
28906,0.183964706480682
28907,0.9651131510816519
28908,0.13072420356482203
28909,1.732450279257041
28910,2.1020604441686945
28911,0.7163702202145942
28912,0.19492600121152703
28913,0.5919563215231635
28914,2.3010455438062634
28915,0.912759397422341
28916,1.2298534186848353
28917,0.17351898129725798
28918,0.7318933121353132
28919,0.3383531155989978
28920,0.03026657635620953
28921,0.31479022621941233
28922,0.4809586828481539
28923,1.1148221501995634
28924,0.3163351063438534
28925,0.358439806007694
28926,0.155912004331636
28927,0.4522833213148624
28928,0.3258102137664131
28929,1.1440500318680726
28930,0.49346185413420934
28931,0.25267746659743356
28932,1.9049250271386993
28933,0.059492504042943435
28934,0.16410441583132682
28935,1.5205755531997387
28936,0.16105196431338734
28937,1.4437087678274907
28938,0.7200901522151103
28939,0.4776055618969771
28940,0.1667644704562889
28941,0.15620049218234708
28942,0.21845292601971417
28943,0.8889777339989235
28944,1.1209326799317132
28945,1.7029827694700252
28946,0.4063895153950901
28947,0.8734853944308681
28948,0.7321866257269192
28949,1.1927754856108832
28950,2.2498168227671442
28951,1.0878674252206528
28952,0.12067226159523811
28953,8.174157360156048
28954,0.6443703162533382
28955,0.2980523075641387
28956,0.4441143738048567
28957,0.7813792775340512
28958,0.6025592442835932
28959,0.23780852086918203
28960,0.29629203329084425
28961,1.877687565174971
28962,0.2402632405458316
28963,0.7057589660048512
28964,0.2991784210952636
28965,0.070401551327136
28966,3.1240829742912193
28967,1.2411329076143578
28968,1.570324929225787
28969,0.4682675046269149
28970,2.6517809605619305
28971,1.8141354794009081
28972,0.09612574348494349
28973,0.10338330589639746
28974,1.1876133352354894
28975,0.664999228162667
28976,0.6612740827592389
28977,0.609339018151445
28978,0.31576972588622615
28979,1.5875797793930524
28980,3.1613511625097463
28981,0.40555496167786387
28982,3.645632047277097
28983,1.4808518703946307
28984,2.3981155961268747
28985,0.2636751692444839
28986,0.5018198558417166
28987,0.5142689856383076
28988,0.15232995834099597
28989,0.1373478875584828
28990,0.20876256028539836
28991,2.1413878815407195
28992,0.32756789463957153
28993,0.4705970946133141
28994,0.21084159746711995
28995,0.222518353106254
28996,0.2730424890523014
28997,2.026831391131297
28998,1.1057507483842695
28999,1.222906925272594
29000,0.4876327087136373
29001,0.3413323576822339
29002,0.20101398390258438
29003,0.9358762250012136
29004,0.10896306586875323
29005,0.31367063846229204
29006,1.501175890480975
29007,1.3152436937983543
29008,0.41010660111576347
29009,2.070004579713867
29010,5.024447559066731
29011,0.4058232272245177
29012,1.4907832633340559
29013,1.573899326126805
29014,0.40609055648399306
29015,0.8885597029005278
29016,0.42380351853247306
29017,1.6733558776450725
29018,0.6640481180147655
29019,0.05897959175320783
29020,1.4441599119684516
29021,4.075068489130195
29022,1.1573102106994964
29023,0.22034970010827362
29024,0.1269879249931434
29025,1.4848925441165437
29026,2.3993334536948394
29027,1.4525016599297649
29028,1.7980460868058439
29029,0.13567024501360828
29030,0.27648895098394644
29031,0.12236763309324582
29032,0.38241859292801894
29033,0.2455834451473785
29034,2.9962256534803418
29035,0.08584521454815179
29036,0.8414426845991421
29037,4.898186874160624
29038,0.09258999206506326
29039,9.83129489594932
29040,0.9134930063874134
29041,4.915821408395624
29042,1.5501721071777703
29043,1.5279989269737528
29044,0.15003524007947072
29045,0.15623582252515059
29046,0.2287535143607134
29047,0.3599173403245431
29048,1.1197269289474903
29049,0.23027949861311953
29050,1.319723199017171
29051,0.41121203201003087
29052,0.26375494668691246
29053,1.841770120786455
29054,0.34157361793170393
29055,0.32754189306897996
29056,0.7799064074787773
29057,0.2670814849535608
29058,8.123871301630507
29059,0.12921671716047206
29060,8.602412294485541
29061,1.133604743222794
29062,0.2788830587798995
29063,2.3132157291205853
29064,0.9495773421894579
29065,0.071737510847019
29066,0.9251674204614068
29067,1.7620211609395484
29068,0.2541471956933945
29069,3.3854544197423935
29070,0.6195750613490275
29071,0.8472971842739183
29072,0.8115191985226289
29073,1.3367653455009807
29074,0.15811055831666468
29075,3.2695800889301685
29076,2.9461733291565717
29077,0.09707985660616773
29078,0.16545401729434023
29079,0.38795501646889663
29080,3.6868615272720744
29081,0.422258544005732
29082,3.7154374680520568
29083,1.349356689209032
29084,0.3479005668001646
29085,0.1848170307551957
29086,2.3466412857772547
29087,0.236594048873605
29088,0.6070652031323325
29089,5.313601421525285
29090,0.5843202627098087
29091,0.594538990651051
29092,3.057479107691116
29093,0.11102045841230353
29094,1.0604943486068543
29095,0.7471723319805119
29096,0.22187620839232655
29097,0.7525508754380676
29098,0.906165181811703
29099,1.459076767055845
29100,2.2507089151955166
29101,0.14102775507140008
29102,2.063763708184912
29103,2.759726528724792
29104,1.1006888097089864
29105,0.8318837071151318
29106,0.15547759071005196
29107,1.8229346237094735
29108,0.3251020815563197
29109,0.25597365217398327
29110,0.6643647183736009
29111,1.4321341695831382
29112,1.017582683459894
29113,0.16833555844132142
29114,0.9099216011125099
29115,3.8072028021945368
29116,1.8242473128986463
29117,0.8731908778414692
29118,0.6761182602636838
29119,0.2770105897636991
29120,1.4474250328321456
29121,0.4977525978368345
29122,1.2610840365369256
29123,1.120685372804082
29124,1.0443149063156996
29125,1.5090199227560614
29126,1.625653284553551
29127,0.8032094233361364
29128,0.5505308136432949
29129,0.3668580984926956
29130,48.127552038851796
29131,78.71912892732868
29132,75.54459972716255
29133,0.07790469045418388
29134,4.3327274648789365
29135,1.1031125969200914
29136,2.1220409157605844
29137,0.27384806024809677
29138,2.125259968793893
29139,0.5447461860146088
29140,0.08406656539353653
29141,0.5621900296006327
29142,0.29453501767397866
29143,0.15407780570930182
29144,0.9113855168870921
29145,0.17287122866351645
29146,0.8416970790318592
29147,2.267282569615741
29148,0.4466974793484593
29149,1.6328420456422934
29150,0.5563328307604218
29151,1.1762334405076307
29152,2.6731689718649903
29153,1.6147601643436849
29154,2.41264825341712
29155,3.4250272699497075
29156,1.0073016578182097
29157,0.36007986717495705
29158,4.17868265089566
29159,0.5075953416162979
29160,2.747837511603105
29161,2.19002433643386
29162,0.16817564839485022
29163,3.8535051128156224
29164,0.052041527360701965
29165,1.7222492584678946
29166,0.9502687795457543
29167,0.8442263603936551
29168,0.7573553053527236
29169,0.7298827494437319
29170,0.13006182550592563
29171,0.4623586811548944
29172,1.8049191407704113
29173,1.6342828825893005
29174,2.1868333933288646
29175,0.4356429001093304
29176,0.19154049238825543
29177,0.07393732666824593
29178,2.4251467965334266
29179,2.450959239602881
29180,0.9690231303474311
29181,0.535189827015619
29182,0.9128379624751042
29183,0.5952967697980251
29184,0.4544908576720954
29185,0.9932301564837202
29186,0.5742583309239105
29187,0.5074007434637373
29188,0.6637975000276755
29189,0.4484984728920758
29190,0.0916921162302713
29191,4.899084490611492
29192,0.5892123415621637
29193,2.4632715813969717
29194,0.1992718846926047
29195,0.13769233356285993
29196,3.2794315893326713
29197,3.270981124623778
29198,3.4262892283176525
29199,1.196558308040302
29200,0.6471550139448955
29201,10.089539252884677
29202,2.917601314360329
29203,0.36692667553150765
29204,0.13508119684431788
29205,0.10435326759310333
29206,0.8213157637908616
29207,0.7289978482306311
29208,4.022556836697137
29209,0.7976451679344053
29210,0.3581307501417212
29211,5.029421329400835
29212,0.945509553477611
29213,0.7500859492364185
29214,2.120261451028993
29215,0.28920432005269003
29216,2.487957692641392
29217,0.5936267290023981
29218,2.6701370502448247
29219,0.46009377024878223
29220,0.3165430024419293
29221,1.133285779597189
29222,1.815839069061972
29223,0.16483262733255677
29224,0.4432425346852973
29225,1.922892957056268
29226,0.8696020230601922
29227,0.6441136734246338
29228,2.331779129334774
29229,1.3130744076754253
29230,0.07878699151320251
29231,0.955987390900443
29232,0.9205641101222775
29233,0.7309252905571327
29234,1.2302464427644049
29235,0.2617913809992553
29236,1.0983223998940541
29237,0.7024205770725409
29238,0.5743961805995454
29239,0.2425363107079778
29240,0.1049187836941687
29241,0.1770618534521531
29242,0.6272544093241335
29243,0.8131829910579482
29244,1.6051621197407233
29245,0.42271634775398487
29246,0.2540277746032408
29247,4.019689712727835
29248,1.453355852455022
29249,0.08258353844490444
29250,0.8094637256052128
29251,1.113831493820687
29252,0.3954473233248952
29253,0.7798478306145212
29254,0.08969094130240908
29255,7.204116258272333
29256,0.8634334182555804
29257,2.2637452222909027
29258,0.5079326069626974
29259,0.39690136746841026
29260,6.881720687075664
29261,0.737126610998633
29262,0.14865308921683806
29263,0.5629742627587483
29264,1.02204559624496
29265,0.8694839048042151
29266,1.171968075649886
29267,2.5148783899075693
29268,0.5675778052568791
29269,0.6325691819661196
29270,0.09085661878954329
29271,3.4896617587134005
29272,0.5102522832969102
29273,0.8547805406103738
29274,1.9362675073978448
29275,0.2973491252244178
29276,1.50434978335883
29277,0.12952917977499664
29278,13.26064496019589
29279,1.175425803197122
29280,0.1908948190888189
29281,1.3502141561932366
29282,0.13869014369057367
29283,0.11477899164804785
29284,0.1398944876149821
29285,0.21915264154741426
29286,9.306714118714963
29287,0.754518337301596
29288,0.3265358299396689
29289,0.12312710932761498
29290,0.2299016875598795
29291,2.088446920947426
29292,0.5817257429443696
29293,5.3255699876585005
29294,0.0732216619581515
29295,0.9769078465691213
29296,3.5519999370400335
29297,0.18943567704588726
29298,0.24063618539781473
29299,0.30848603842675504
29300,0.35265390809231073
29301,0.14837528498920047
29302,0.19801423707474777
29303,0.1394964324701876
29304,2.7283422107725017
29305,2.158795250042727
29306,0.4162872150578996
29307,3.7794882117124793
29308,0.5326202106626823
29309,4.410227793485535
29310,1.109876008128764
29311,0.597085278313105
29312,0.742101717710273
29313,0.9288040789271856
29314,0.9796587137226377
29315,0.38996689377612553
29316,4.40006698395212
29317,0.7340094344860275
29318,1.8218166661760413
29319,0.19219352875325468
29320,0.12688746003908627
29321,0.576821348951035
29322,0.08330517171380895
29323,0.3087724571391644
29324,0.8347387569189244
29325,0.9509976295474023
29326,1.6191064791224383
29327,1.2366467085326096
29328,0.5021170686884215
29329,0.3996642893637008
29330,0.4394176732547245
29331,2.4330788755403288
29332,0.33945370347009113
29333,1.0796712491077622
29334,0.27427974379541326
29335,1.0286060807302437
29336,2.587677854673842
29337,0.20458244472624637
29338,2.7629758107192988
29339,0.13709792480834745
29340,2.0454130172453016
29341,0.08286351210697925
29342,0.457199187309688
29343,0.7274649647842896
29344,1.5504383488057305
29345,1.4295339212023699
29346,1.4056203194669714
29347,2.0893829544264744
29348,0.5934869833687869
29349,1.0780943981362736
29350,1.130020488111446
29351,0.740196203906715
29352,0.515155340807985
29353,0.2620932440663768
29354,2.211031923425484
29355,1.1301129341841702
29356,0.9104772608269753
29357,1.6795341435497093
29358,7.709445004207745
29359,1.1790090289764683
29360,23.23549801099188
29361,1.7376379014384398
29362,2.3701192078749087
29363,1.4144565872520571
29364,0.295598418404191
29365,0.2801175245809899
29366,0.9007699347479183
29367,0.5803688760011454
29368,0.1495816881759238
29369,0.35689283509328124
29370,0.059514112893487466
29371,13.178560367760728
29372,0.9097179265542283
29373,16.376421892694417
29374,1.8345597095760393
29375,0.45223972798542256
29376,2.4890248058723534
29377,1.9909543507717526
29378,0.12137890611064814
29379,2.0187158183245346
29380,2.672623455504856
29381,2.8461905401641796
29382,2.7774243997696955
29383,0.08320874146285342
29384,0.21977843210256312
29385,1.1697476400397835
29386,7.8117186460337384
29387,0.29119371687897483
29388,0.8917758844378306
29389,1.9432875687257678
29390,0.868445467343747
29391,1.2258439092070368
29392,0.7800045970060298
29393,0.09388915658291971
29394,1.5926978482811902
29395,0.6902943650686441
29396,0.8715329588822451
29397,1.1832901790275354
29398,0.11512732400898283
29399,1.4235042368463275
29400,29.306628943210885
29401,0.7965596019552587
29402,0.08161006945239921
29403,0.979199968160588
29404,0.6405938362118423
29405,4.350554516107608
29406,0.5064413169101576
29407,3.943177315040749
29408,0.7222149335820771
29409,0.05826972388139621
29410,0.5927609538462697
29411,1.4161859218766273
29412,1.295529347335224
29413,0.2632758266288197
29414,0.6035748057614625
29415,1.0980733490785484
29416,0.7726309876400809
29417,1.4990468176316403
29418,0.5463660018594614
29419,0.5648805919413454
29420,0.6141190846504909
29421,0.611911385923628
29422,1.0437511919028082
29423,0.5983834610579519
29424,0.32990823137869946
29425,0.8111832499171856
29426,0.40250217444317327
29427,0.9707187305534163
29428,1.9906533289972577
29429,1.4001701566965485
29430,1.6212316682565129
29431,0.7196533773767249
29432,0.6678849798445818
29433,0.872665728243926
29434,0.0578774824627963
29435,0.21364000728690202
29436,3.030518757651955
29437,0.4475465882062185
29438,1.9528066771739143
29439,1.9117208813858038
29440,2.267614520492886
29441,2.0331358944567635
29442,0.6091861185744364
29443,0.3953672628587454
29444,1.7051334846512662
29445,1.401269166172399
29446,0.32405193569912755
29447,0.12737978257693636
29448,1.1163747355635014
29449,6.360240048307398
29450,0.6816046079955839
29451,1.5195384799467027
29452,0.5173886427787528
29453,2.012815304881393
29454,0.7489378728389138
29455,1.7675166911059401
29456,1.0238227091441077
29457,0.3794464762960111
29458,0.765645747948729
29459,0.06989064186481192
29460,0.5582165091051177
29461,0.5916938897982741
29462,0.8948389930166487
29463,1.6045728303443836
29464,9.312986859610335
29465,0.13415402814594352
29466,3.666708996044685
29467,3.7825749726954365
29468,0.1422296387953405
29469,0.3802715544395665
29470,2.293213343159425
29471,1.0031975254125345
29472,0.44923321630529617
29473,2.180204852478049
29474,2.464414185490077
29475,0.34903608093398186
29476,3.704565800173041
29477,3.5095086182505817
29478,5.505994161710854
29479,0.7486656911015993
29480,0.45289209044824175
29481,3.3172418837556186
29482,0.6926602506413144
29483,0.6119997479388612
29484,0.37473773899121277
29485,0.11996629216903917
29486,0.3252259322947863
29487,0.3233809517605001
29488,0.18662396579197432
29489,0.1681786678053835
29490,0.20722416672696664
29491,1.0092826014143175
29492,0.5741418184151835
29493,1.3762223411892085
29494,0.4970142562587976
29495,2.1630865230467324
29496,0.4730251139348075
29497,0.5042610944049862
29498,0.2465416976532362
29499,3.3693612481099504
29500,0.7009041746667456
29501,0.982390981027419
29502,1.7016475307682022
29503,1.878414987860744
29504,2.692569828115288
29505,2.112035864794869
29506,2.92714462558045
29507,0.08506800454232666
29508,0.6073294130712849
29509,0.5064423219810106
29510,4.548612631299871
29511,1.8254721608036797
29512,1.2268903514349105
29513,0.9094894770965071
29514,0.36895046696061645
29515,0.31608997135225125
29516,0.7840809987790419
29517,0.11923490098748203
29518,7.032659929402718
29519,2.252879046730883
29520,1.9351075122419106
29521,2.506048739770268
29522,1.147529032014983
29523,0.706114759978808
29524,2.4674334551018333
29525,1.1286049824921343
29526,0.282696612260511
29527,0.9417772857545563
29528,2.7371382488740217
29529,4.886108641785437
29530,0.36129254497053215
29531,0.11702086451341971
29532,1.3050045893238704
29533,3.4960652188804873
29534,1.858842917231355
29535,0.32314283448262654
29536,1.6739349689787222
29537,0.9080823680424848
29538,0.13451851684772712
29539,0.6466815484876163
29540,0.14502285738830267
29541,0.5241948617038402
29542,2.6268540715157997
29543,0.3294868352321822
29544,0.3896801355307806
29545,0.2008314284478397
29546,1.3585119010347715
29547,1.7127389635154595
29548,0.0794134882113281
29549,0.9763304212986494
29550,0.5642375241285141
29551,0.8529290775990424
29552,0.7270869464319205
29553,1.6877756564698765
29554,1.462483746707287
29555,3.0448850763234097
29556,0.028141985965933394
29557,0.10548292027510431
29558,0.32601990045514645
29559,0.32889971213628305
29560,0.32628246984936154
29561,5.544261411448587
29562,1.3844821596681463
29563,0.7271247401108238
29564,2.2118148812583036
29565,0.4068944091679645
29566,0.1980753166976017
29567,0.8174529401971253
29568,0.9772529501170452
29569,0.6110064027442458
29570,0.6087312322192825
29571,0.5423530906158994
29572,1.229564792920823
29573,1.1309326046806272
29574,8.14688389792063
29575,6.765304704215934
29576,0.7061022822947072
29577,2.447330907250895
29578,0.6367612932866975
29579,0.2870990833680206
29580,2.1562317308225913
29581,0.5567016858639249
29582,0.24636632013974724
29583,0.6044097815595708
29584,7.330662595598018
29585,1.393129651425172
29586,0.2959661056609597
29587,1.2398755677146007
29588,1.6730625293480046
29589,0.23597050081201706
29590,0.5948869275548564
29591,0.21239875861362445
29592,0.1704216224314897
29593,1.0887209077955664
29594,1.2463866046695653
29595,0.3895552397511744
29596,0.6249331996357022
29597,0.5484966468894339
29598,1.2197926988000376
29599,0.8462918709641426
29600,2.2696615566276725
29601,1.5316405297323574
29602,2.7457196052710056
29603,1.2323432571761184
29604,2.9104826915259854
29605,0.3516479883778695
29606,0.6655116658496445
29607,1.4658062755729417
29608,0.8330169962334415
29609,1.397893387357285
29610,0.9689210850720427
29611,3.409726073903338
29612,0.23744697137256524
29613,0.5832514856857081
29614,5.843379264409346
29615,0.8207070495521822
29616,0.8835259235851828
29617,0.40358938998604454
29618,1.1936004445657296
29619,1.091314094372971
29620,1.8058245253755985
29621,10.11478141228057
29622,0.9608039947951251
29623,1.0036977095003474
29624,0.5826458410163216
29625,0.07461618047649635
29626,0.2178565867202892
29627,1.161216180668368
29628,0.6890371397813967
29629,0.4211337227562861
29630,1.2391856088920337
29631,0.3853777343895014
29632,2.1797559954230237
29633,0.18818948667481164
29634,1.4484522482760176
29635,0.30124571249143955
29636,0.12187501557336275
29637,2.609995472623546
29638,1.4145409506807276
29639,0.9165182369192375
29640,0.89538858094452
29641,0.7781564005143747
29642,0.36377225129715157
29643,2.4734799945995025
29644,0.913932526002573
29645,0.7834115078431987
29646,0.5948380225864409
29647,0.2667269440047929
29648,1.155780785324927
29649,0.2913739057758231
29650,0.7454384848637335
29651,2.647484639291904
29652,0.7556654547303343
29653,0.2576138642327081
29654,2.4499603606882485
29655,11.767328717573761
29656,0.6480828136305999
29657,0.8518735410921761
29658,0.569776885851569
29659,0.46097523018328607
29660,1.9013448606333012
29661,1.109782073922599
29662,0.6756741504596342
29663,1.7848807542571343
29664,0.23576792146181705
29665,1.9372892233070533
29666,1.122647298954839
29667,0.5900171291797957
29668,0.5305704272634796
29669,0.08878480029928743
29670,0.5345147913233912
29671,1.1695087727465736
29672,1.2214391539305964
29673,1.3210483094169971
29674,0.5066261962586656
29675,0.17484917126318067
29676,0.8845985437264259
29677,3.2027982849034022
29678,0.5978117001836891
29679,0.13994228765796818
29680,1.1005380720549895
29681,0.23203247681038713
29682,4.234702517049874
29683,3.279394474695944
29684,0.13916890303901278
29685,1.0875990684631849
29686,0.1341055779696835
29687,2.4744562321703816
29688,0.1406922379365618
29689,0.45565535583180306
29690,1.093029596590445
29691,1.064975359215867
29692,3.8313584280774102
29693,0.4594364559354892
29694,0.10749320491419415
29695,2.6279287399027673
29696,0.19830900245132885
29697,1.2743440626939226
29698,0.17023170868185317
29699,2.6442789309315327
29700,1.8087727180804385
29701,0.7180545675243125
29702,4.235366588471378
29703,0.4030681010168051
29704,0.938543664789809
29705,0.6669076522777824
29706,2.062716625336882
29707,1.8076448291263387
29708,0.21520183543676555
29709,0.40164854270214667
29710,0.8611701538048608
29711,0.21340867910489889
29712,2.060262425710083
29713,0.04361224789187239
29714,0.29569900264251625
29715,3.1427540888689194
29716,4.349872616900751
29717,0.20032461560067344
29718,2.483752050396861
29719,0.8036260068372878
29720,0.03762034003014765
29721,2.2541904176127145
29722,0.5497293598321239
29723,1.9467108810379563
29724,0.3294446241293299
29725,0.18711284244595405
29726,1.2375263285147615
29727,13.936494382507375
29728,0.4122320211313922
29729,1.0017583197125772
29730,3.8366406878990618
29731,0.1359415369691351
29732,0.5725691987735195
29733,5.200252025468449
29734,0.5356391808322111
29735,0.3800657371181887
29736,1.5954181547424022
29737,0.5530059012134951
29738,1.7241576077230134
29739,4.54791556844526
29740,0.475593490746912
29741,0.6425987302465015
29742,1.2999375701701683
29743,1.4496205472739128
29744,0.8961154635923959
29745,0.7858715648224525
29746,1.0729970946683425
29747,0.37118697265013817
29748,0.5858432915186881
29749,0.0982312563718348
29750,0.3577788808011938
29751,0.17933159131445445
29752,1.2547587709655632
29753,0.11098334024058074
29754,2.240160227367996
29755,0.06942732588872601
29756,0.8746903066545046
29757,1.1436981391533347
29758,5.204063779445475
29759,1.256298274472211
29760,0.6902641153892709
29761,0.6758021617912453
29762,1.1809547335473598
29763,17.15227022482143
29764,2.8961154159632327
29765,1.107575993487403
29766,3.757544084080215
29767,0.9871802086987574
29768,0.5682760796863839
29769,1.4673346215200425
29770,0.5861060119401267
29771,4.204884407848455
29772,3.521914770120159
29773,2.13665177131267
29774,4.652337387622337
29775,1.2984363425882381
29776,0.5562302598380436
29777,3.0176854328759757
29778,0.7875531473806505
29779,0.10883236887786446
29780,0.9815486308884862
29781,3.5961670104245917
29782,0.35816428389318433
29783,0.3296380622221644
29784,5.629193149433025
29785,0.2370540505270647
29786,2.4039617464209724
29787,3.9071524996355995
29788,3.011272572947
29789,0.19310051157796485
29790,0.11730329400338525
29791,6.6138034133203885
29792,0.05379772297996395
29793,0.5238246419441257
29794,0.9768210833981279
29795,0.35120362267725685
29796,3.085195533417884
29797,0.4205533261138714
29798,0.19548027044466332
29799,1.8737785323656033
29800,0.4957012644108065
29801,0.17656391332433347
29802,0.39128144240040774
29803,0.5874794229674534
29804,0.6472235936099417
29805,0.9080757482805506
29806,2.131342044993093
29807,0.5089617655242173
29808,4.152002349063935
29809,0.2808431373159932
29810,0.9502665351523718
29811,0.13976039511952648
29812,0.18000634964998122
29813,0.647096420837185
29814,2.7397275913050927
29815,0.0730725406299115
29816,0.15025903735772003
29817,4.415715802630256
29818,0.15878685830904737
29819,0.9381569119084535
29820,1.8979187105961992
29821,4.240989639570325
29822,0.11930029423888588
29823,0.27472753781117387
29824,0.14615936095122486
29825,3.0992583048229667
29826,0.41021511646373593
29827,0.29028137118812686
29828,2.1098621445950365
29829,0.5651423719257791
29830,4.743785804560383
29831,3.9560055421286204
29832,0.9579230480198792
29833,0.26653535660928823
29834,0.42437561694797166
29835,0.13213282646578278
29836,0.5272840412764626
29837,1.958693088167152
29838,0.6736760974896756
29839,0.36849357256493737
29840,1.4960361537112803
29841,0.6018792275907625
29842,0.7436614102248487
29843,0.31360926125214583
29844,1.4976823007033357
29845,0.26002887757714643
29846,0.5906539216593931
29847,0.07437364696203354
29848,1.3183725346750728
29849,0.08688413350269565
29850,0.129527015961748
29851,1.0387771733698825
29852,0.519279391624482
29853,0.13722319014050302
29854,0.12287347707252623
29855,0.06224144395915345
29856,0.6391835713801647
29857,0.3013135255805966
29858,0.2089316288770648
29859,0.31899356304890986
29860,2.1539912554657095
29861,0.10234482457354199
29862,0.2495444875800949
29863,0.5986476480294791
29864,0.5888557852623343
29865,0.13555016021836466
29866,4.179684295899277
29867,0.6880515239380205
29868,0.5487108134772327
29869,2.9579435870710604
29870,3.813080748695582
29871,1.3985519170626648
29872,0.5765808937385776
29873,0.5714910220744673
29874,1.1667026648847936
29875,0.6627378450103028
29876,0.9620769390893708
29877,0.9034993427383802
29878,0.7275688053132207
29879,6.845059734318964
29880,0.303837245579493
29881,1.4695772554967943
29882,1.594188530304638
29883,0.6022090231664837
29884,2.8213138046674873
29885,1.612342357758294
29886,1.176719241015312
29887,0.589619116396951
29888,0.5502184379104862
29889,1.19761247467752
29890,0.6961764211727781
29891,0.13978665678137364
29892,0.21605521519427207
29893,0.0777349438823927
29894,1.6428526231387672
29895,2.037358648790938
29896,1.188372036655534
29897,0.25069320410544
29898,0.5236690858281565
29899,0.7790342046751831
29900,3.4051539275134255
29901,2.5616832691296665
29902,0.19516174372508216
29903,0.11974694136814211
29904,0.7102397950040894
29905,0.38626207911466587
29906,0.11762753046385231
29907,1.0567368355390232
29908,1.0907294301837536
29909,0.8929875282585511
29910,2.2992701379565648
29911,0.20884749428424051
29912,0.93057285490147
29913,1.1273018844766336
29914,0.9839385485574654
29915,2.511687097859852
29916,0.47374997018548015
29917,0.1843620952144866
29918,0.6218491432574413
29919,0.25886884710848157
29920,0.9862899114895737
29921,0.872103673366351
29922,0.333041055769025
29923,1.5520307089338556
29924,2.247986808690207
29925,0.5848902246371209
29926,0.31777609821303726
29927,0.9807394194565424
29928,0.5288847579586419
29929,0.2358499273424347
29930,1.154386831652434
29931,0.48256312247373784
29932,0.4594531010139068
29933,1.2315521882712461
29934,2.6556581960510734
29935,1.2576652759117832
29936,0.03178629825506144
29937,0.6868854787083987
29938,6.33456587406254
29939,0.25676285743196375
29940,0.9586651575375255
29941,0.22528184722952785
29942,0.8655332924073853
29943,0.6505982431452435
29944,1.6347619960968758
29945,0.7113724076197371
29946,0.052796152051883725
29947,2.9723987011211968
29948,1.1108259095644695
29949,0.19032683185849467
29950,2.5803112410233204
29951,2.201200024786556
29952,0.45714448557293774
29953,0.17494306106741184
29954,3.806303207670149
29955,0.5981454194821152
29956,0.5820795574123461
29957,0.6539036141553186
29958,0.707844630103726
29959,1.5627347051380036
29960,2.704252702574194
29961,1.171280403859361
29962,0.2967518806236828
29963,0.22095114360829946
29964,0.5491479101099389
29965,0.3304230927051924
29966,0.2530370675675341
29967,1.155033537578156
29968,0.6878507766665347
29969,0.3105406945360047
29970,0.625782223159885
29971,0.11759165985731751
29972,1.1524507240761752
29973,0.008952734551707623
29974,1.596784358240829
29975,0.29941296345089996
29976,0.3480735141437831
29977,2.551448816291028
29978,0.16802239742054875
29979,1.312042132310032
29980,0.07784710577622558
29981,1.5738593282905498
29982,0.9123997433779453
29983,7.808807176272231
29984,1.7149889738713582
29985,1.422452981361744
29986,0.2816930091883977
29987,0.7188669928609973
29988,0.5171328680838118
29989,0.3722487415637667
29990,1.4792684730397725
29991,0.29328028638378245
29992,0.9178681034491438
29993,1.5440181104074269
29994,1.1770249848815335
29995,0.45736948558324686
29996,1.1439087595054451
29997,0.09580602182068147
29998,0.09604550608322543
29999,0.42076694511148793
30000,0.7231838502765591
30001,0.19833492013531942
30002,0.6161198320264895
30003,0.705495119644453
30004,0.40891741821646893
30005,0.9189922956571054
30006,0.41506929342316135
30007,4.612482259208909
30008,0.4132571520152221
30009,1.6984329861841583
30010,1.9706007550428295
30011,1.6398913813956484
30012,1.3619564382015965
30013,0.7912926590371893
30014,1.113607619294411
30015,1.1365487994863195
30016,0.4690372650329389
30017,0.11954935928438672
30018,1.2325023473145054
30019,17.518351060302066
30020,0.8098766174864717
30021,0.887222051783091
30022,0.9009111685230694
30023,1.3982803640333916
30024,0.10093075103976486
30025,1.4314777122118332
30026,5.366095059797649
30027,0.5063152525857492
30028,0.711675681439081
30029,4.678155576909745
30030,1.7567251226030742
30031,0.11142068033041339
30032,1.0497473810523503
30033,0.1548234399166334
30034,2.872680440133359
30035,0.305631821064636
30036,0.34214476445191644
30037,0.26125198542433314
30038,0.15521097868885328
30039,4.084248921229272
30040,0.11748998456002613
30041,1.0095853493871412
30042,0.10581707130371483
30043,0.5260761109193185
30044,0.30538010438132845
30045,0.3282392135660892
30046,1.9650317021703128
30047,4.492753231939731
30048,0.9117929803572996
30049,5.280668723604615
30050,1.5002430958922908
30051,0.37808148382462653
30052,2.9962764844118666
30053,0.5149453578359793
30054,0.8757779450514337
30055,0.5031692722178241
30056,1.3034732719807116
30057,0.24130201199074827
30058,0.4529764207231578
30059,0.35430474532417405
30060,0.04428049647758225
30061,0.7207285033322381
30062,1.0895632783327542
30063,1.1468007914041713
30064,1.4096967520893409
30065,0.6463204681888707
30066,1.2313803753864538
30067,0.5160004499651574
30068,1.8997576609272944
30069,3.6399661241139643
30070,0.1010008814171229
30071,3.9877067412828833
30072,0.3813269042498799
30073,0.3150545953907594
30074,1.6849876482188284
30075,0.6358155534299214
30076,0.8548988418086492
30077,0.7825716329062768
30078,0.48923791344779305
30079,1.1632659810733228
30080,0.24485606324982043
30081,1.3397445107586137
30082,0.5024873525745833
30083,2.2373592911410203
30084,0.48570825913192417
30085,0.14382507668578343
30086,0.565423639383104
30087,1.2413624297029342
30088,0.8806118722526303
30089,0.4893360022533853
30090,0.1968166983788016
30091,0.7539805201271107
30092,2.0557640444490493
30093,0.32292268945853686
30094,0.3025479613833728
30095,2.5686695098279935
30096,1.0399572103722963
30097,1.5043069152946387
30098,1.2391557018455717
30099,0.09524934279268715
30100,4.598007037116
30101,0.4188483318298683
30102,0.23338612801953917
30103,0.5265930637150777
30104,1.7774332721440835
30105,0.28954067606437855
30106,0.30492545302399565
30107,2.9430818734844397
30108,0.3474535396853361
30109,0.7060299123369711
30110,1.262628093846617
30111,0.5481808933451797
30112,0.348188059848831
30113,2.9224882545544757
30114,1.3548121713981192
30115,0.3526982270045773
30116,1.1592416523264104
30117,3.7279391737573673
30118,1.2586371247813195
30119,0.11604481909329135
30120,3.10411754085518
30121,3.666398773848552
30122,0.8499102155865466
30123,1.1458554367106515
30124,0.6011447004876813
30125,0.6924268355789598
30126,0.49270813400682406
30127,1.0296940055264396
30128,2.825795223570516
30129,0.2855539998978966
30130,2.58403701035393
30131,0.922493148679656
30132,1.3977523616487075
30133,0.909371236896796
30134,0.6476426663382963
30135,3.0733921254998977
30136,0.30207996332805026
30137,0.12098770856911403
30138,1.1865974531905725
30139,0.7607794412384759
30140,0.6373404184823475
30141,0.5646871240315121
30142,1.4568093812422969
30143,1.3127606278255826
30144,8.065332917351189
30145,1.5212713751120754
30146,1.9475898226176964
30147,1.1599521689454149
30148,1.06984254812236
30149,0.7291248487383627
30150,4.180242301660133
30151,0.11780744055146025
30152,0.9666798334379256
30153,0.09492102247531463
30154,0.14517624594098694
30155,0.8646343053217692
30156,0.8099903401556756
30157,0.22218249931733347
30158,0.49931740307383227
30159,0.8065489510990929
30160,0.19750813649401414
30161,0.18773925549798692
30162,1.180962814973348
30163,0.5604704294800539
30164,0.1659141140156389
30165,0.8682648034956755
30166,1.0277866680415362
30167,0.6400247292516072
30168,0.12001406609254288
30169,1.3863930820884398
30170,0.48828412574653085
30171,0.8248992744481908
30172,0.4926051536198996
30173,0.09597182244385398
30174,2.2718304469194472
30175,1.829791152307692
30176,0.6890538276313947
30177,0.531969264089998
30178,5.088591353639659
30179,2.5875560039560197
30180,0.9793909316532075
30181,0.3611083183149544
30182,0.3601853337986244
30183,0.5313029128005785
30184,0.5538824006347681
30185,1.6781022717964937
30186,0.31372923929309443
30187,0.4633658615004674
30188,0.6037943963263867
30189,0.6868193721541126
30190,1.2990164409968759
30191,6.130549792623141
30192,0.9641167296587541
30193,0.7874478291496065
30194,0.6886136501203532
30195,2.334294029401448
30196,0.10555625244187383
30197,0.32039477702920705
30198,1.543154618220424
30199,0.5883869634551722
30200,0.049700434261313514
30201,0.34944263895736016
30202,0.8792970496169706
30203,0.3311178553760787
30204,0.5440115710781208
30205,0.9881787439214893
30206,0.1285890633146141
30207,0.5027593933688795
30208,0.2849764745281504
30209,0.8104547953896022
30210,2.2402627833654467
30211,1.4506287979022197
30212,1.577703415407751
30213,0.22608205331802958
30214,0.0922229410070981
30215,0.37050221125597593
30216,0.8553165793840909
30217,2.594894720132916
30218,1.0745322380604883
30219,0.27014761275596144
30220,0.2786019092318375
30221,0.928108201601499
30222,1.2054311662152943
30223,0.16204303228995104
30224,0.14742864772925907
30225,0.6301376909287383
30226,1.5776754765875638
30227,0.6859658797378961
30228,6.745180120683319
30229,0.33474043610366105
30230,0.40515012531381533
30231,0.7998399090829945
30232,0.66551857870494
30233,0.5747159064339236
30234,1.1231869603530973
30235,0.7668200380935608
30236,0.29806789265933203
30237,5.1126344708829095
30238,0.10458842572371474
30239,8.020874201612617
30240,0.791815625824423
30241,0.6664372614304953
30242,1.1254247586764399
30243,1.1557323755475168
30244,0.47805290281165636
30245,1.7899671555750774
30246,0.9276851004054385
30247,0.8147013520504528
30248,1.1869116819882983
30249,2.032128441694665
30250,0.9997488101676707
30251,0.5253493143421752
30252,0.6796166357726027
30253,0.9541777032667184
30254,0.9676611884102074
30255,7.0276068412492725
30256,1.6414953375054415
30257,0.8815690977582344
30258,1.347177251050699
30259,0.29882359678748605
30260,0.6497579960533674
30261,0.7288774808915047
30262,0.033043459834702575
30263,0.09114306889558502
30264,0.2110034126092949
30265,0.38476406469935653
30266,0.24001929901896563
30267,2.9456254394118555
30268,0.0809550525002354
30269,0.38274768508248197
30270,1.4463534010387322
30271,0.515729418619554
30272,1.7078369277129155
30273,1.722258958063279
30274,0.9594849512577254
30275,0.6498871115843857
30276,0.7961000848952733
30277,1.9924981950784668
30278,0.0947643888515989
30279,1.100657343803912
30280,0.826568402005555
30281,2.8313944025711746
30282,0.936121280950494
30283,0.20492086526209816
30284,1.505555878358892
30285,0.29462205465347185
30286,1.7337409205594787
30287,1.4841127446260818
30288,0.014482857474502226
30289,0.6170474978291899
30290,1.6103749193018688
30291,0.10927917890262129
30292,0.221027747697313
30293,1.9819180913652024
30294,0.8637720011284507
30295,0.7424428690063825
30296,0.1314034131766429
30297,1.0744347880352179
30298,2.4136295902666403
30299,0.6979957387098931
30300,0.4788990641554171
30301,0.14502228194552746
30302,7.051684349707045
30303,0.21256206563058788
30304,2.500096308974872
30305,8.397102609819337
30306,0.02311067454891674
30307,0.6943609779416708
30308,5.683264718496705
30309,0.6904002086562969
30310,0.23760581306232817
30311,0.18790098372274053
30312,1.759153369148288
30313,0.2558633362647643
30314,0.5681839619019375
30315,0.335251780098892
30316,1.0208188902455022
30317,2.151985488816905
30318,2.5457064899724773
30319,2.2362261411547895
30320,0.04289532656819886
30321,2.990342627135569
30322,0.678802999580292
30323,0.17637614898570148
30324,0.08312835754854267
30325,1.3582906440003015
30326,1.8123582369407831
30327,0.3642762737532059
30328,2.082535726638061
30329,0.6639489423394271
30330,0.7254376004076747
30331,2.6525364685606667
30332,0.47205600746412824
30333,5.726936837522033
30334,0.9676803190134275
30335,0.33126328546109746
30336,1.1213323871261032
30337,0.5380534217602789
30338,0.36259142719477366
30339,0.11814961948066756
30340,0.3977118962508331
30341,0.16753410078911338
30342,0.5952595637948435
30343,0.36324990606321556
30344,0.5893208773433424
30345,1.4574452860340579
30346,0.13087996153981274
30347,4.649318474298759
30348,1.8451185340931124
30349,1.0768191847071722
30350,1.0994763373187506
30351,2.270718230751003
30352,1.1163178681821184
30353,3.1964689868972243
30354,1.7478327119788897
30355,0.3568971621876568
30356,2.993353486122971
30357,1.282487332350962
30358,1.618953307288642
30359,0.5997484410434251
30360,1.5259070600364104
30361,1.6373472456728755
30362,1.7988586151183015
30363,0.34130905734105893
30364,0.6212840544435121
30365,0.5841089812556605
30366,0.5053671615354474
30367,1.5842216575301666
30368,0.4315086820642056
30369,0.5320377637457586
30370,2.4905698178998135
30371,0.7286541094824144
30372,1.4595002133773414
30373,0.7027250384482667
30374,0.13010606154319218
30375,0.6047855671942243
30376,0.3987476993539093
30377,2.4354894773840416
30378,0.8213128532820829
30379,2.508018952228051
30380,0.4530713098546343
30381,0.1508471870001865
30382,3.3896610478060536
30383,2.0958872002798294
30384,0.1758444974298406
30385,1.0553608239953025
30386,2.1820342521735854
30387,1.0857128872400579
30388,2.1546150757920914
30389,1.2081917272665061
30390,8.08217301702077
30391,0.24502989101063566
30392,0.6713251573173312
30393,1.4081471533472523
30394,2.223593234124803
30395,2.1752579555014044
30396,1.3059690163963518
30397,0.6849107374166326
30398,0.168817489775086
30399,40.707960046578584
30400,1.5983252978061204
30401,0.10559747678823736
30402,0.361893679724181
30403,0.3197123495172922
30404,0.40736126101154774
30405,0.7105839695697462
30406,3.1507539864484664
30407,0.8470759424859137
30408,0.9210419722856733
30409,2.4816533383734747
30410,0.8628304192362632
30411,2.588687595306677
30412,2.1015739841041063
30413,0.8760932349010927
30414,0.8565664633002156
30415,1.1877822051038178
30416,1.4539291299987414
30417,0.3014435458029477
30418,0.3297587378551181
30419,2.3848730795234023
30420,0.7369045544213768
30421,0.3804250806553089
30422,0.5079216529989894
30423,0.8548879285126806
30424,0.32144989352104825
30425,3.7041091708544016
30426,0.05304928614847678
30427,0.07873140935748166
30428,0.7850459713712585
30429,0.6097284240871467
30430,1.3084476977576447
30431,0.33560357461234486
30432,6.024267276486044
30433,0.46284129208741903
30434,1.643224132980606
30435,0.45864749674457517
30436,1.1071658129497333
30437,0.35656920578073276
30438,1.652850754820172
30439,1.1255752652786382
30440,0.6582173739146502
30441,0.1942739371328006
30442,1.335900527758935
30443,0.7857724142663222
30444,1.5981094525074386
30445,3.342563622809674
30446,0.207282609836315
30447,0.9744494575621027
30448,1.776095410516457
30449,2.1916204406256865
30450,0.16873707878101263
30451,0.6088455362123866
30452,0.9692405595523623
30453,0.5916690395390751
30454,1.613041822988251
30455,0.30927819521496847
30456,0.2306750767250331
30457,1.74923330917634
30458,0.33901427016458824
30459,1.4281419471779815
30460,4.053677016671854
30461,1.5343987373997412
30462,0.610764293923779
30463,15.661700044843172
30464,1.2629960297971745
30465,0.21215255296244265
30466,0.20834073375984027
30467,0.4928979051014428
30468,1.8236668206007633
30469,0.5371489030887623
30470,0.09162613973258651
30471,0.21799942552060084
30472,1.3002978507944496
30473,2.612651298953873
30474,0.1611030941828522
30475,0.6412092750672629
30476,2.0496925743442413
30477,0.17411090991764638
30478,0.5539253383601134
30479,3.6348624571719705
30480,1.6092751292263943
30481,0.637201175796823
30482,0.7663614015457733
30483,0.31124211377437605
30484,0.36612636528064374
30485,3.550567429379842
30486,0.21529886454269292
30487,0.2993930262882808
30488,0.7274515221603642
30489,1.0407207233615665
30490,0.449900124887319
30491,0.6355377773279509
30492,1.0185022311840777
30493,2.0113928261451486
30494,1.2471226572320422
30495,0.10510728416084776
30496,0.43023227231239203
30497,0.30878835014519745
30498,1.1118462597727212
30499,0.6791255532389162
30500,0.5782171086184661
30501,0.09539016225468377
30502,0.036866509121864594
30503,1.8758252602144618
30504,1.2676852365168254
30505,1.2425599587834815
30506,0.595851979609016
30507,0.11911283859859449
30508,0.2212900856008192
30509,8.245641514170316
30510,0.48192779871750874
30511,1.2445187945258092
30512,7.853786709289413
30513,0.11856428610417188
30514,1.3403601023759344
30515,0.20899144853930482
30516,1.0186668201586655
30517,4.6952874575336745
30518,0.06297697661528504
30519,4.774205784057331
30520,0.11137048437458519
30521,3.3078763975315346
30522,1.214462780557135
30523,0.8534728160553336
30524,3.2349234067558936
30525,0.7975766058683036
30526,0.047863276879078966
30527,0.5231927324748673
30528,0.7738195917437918
30529,0.5947548060241553
30530,0.2900539436130893
30531,0.3303569993065297
30532,0.7488047939455117
30533,2.509532503698292
30534,0.13285452131886477
30535,0.6005504097632597
30536,0.4737627585238033
30537,0.8961388173701056
30538,1.7464930473702096
30539,0.8068851417597476
30540,0.9969426789878303
30541,0.2401802705989311
30542,3.188598658917954
30543,0.14576971228778762
30544,0.6690224937150849
30545,2.6559002965766014
30546,0.13752501794418684
30547,0.9015121523128957
30548,0.6998810888968923
30549,0.1962299594726134
30550,0.16821141674966053
30551,12.4732522756733
30552,1.1742716505910153
30553,0.4148621943356422
30554,0.9257106229868937
30555,0.267328140936183
30556,0.9889100346814703
30557,5.045925780886353
30558,0.11296508784782958
30559,1.7932739419603614
30560,0.2231625896421885
30561,2.229654604635427
30562,0.8284366433655526
30563,0.38080837008880836
30564,0.11191881022458222
30565,0.24140321368167428
30566,13.333522856303832
30567,0.4509329498629946
30568,0.5570393252555933
30569,0.18723060077576964
30570,0.13663257640290152
30571,1.5597095086135127
30572,3.195512513229432
30573,0.3288706459030919
30574,0.929480531749904
30575,0.4487586366573559
30576,0.10260212554291644
30577,3.8290990305199815
30578,0.29104833335802377
30579,0.9638007894999354
30580,0.5979462290452657
30581,1.2578485585070318
30582,0.2314555676293706
30583,0.2865990225248516
30584,7.675692493208445
30585,2.6738318384825064
30586,0.8266057483770698
30587,0.384973995058791
30588,769.7855701549413
30589,0.9254640892153222
30590,4.114980391052469
30591,0.6054246624796777
30592,4.273571735242321
30593,1.647182650502225
30594,0.5791454117605084
30595,0.6093369647444927
30596,0.0896922155271982
30597,2.4733264847507237
30598,0.11648214764440316
30599,5.7875934483366684
30600,0.9768990078044597
30601,0.17929981846435228
30602,0.35449745166336966
30603,4.539459670913817
30604,1.3675229800236064
30605,0.2377422685619573
30606,2.7917309496655274
30607,0.9850447202869274
30608,0.9937952138557384
30609,1.8497591504206532
30610,0.6662768026998714
30611,2.420904803758532
30612,0.5621983383999728
30613,0.4538900920374338
30614,0.587818068424409
30615,0.11237683073051967
30616,0.7488039509156932
30617,0.8789896426795465
30618,0.38949337780549803
30619,1.6425524811253616
30620,0.44241608324541143
30621,0.1313404693217327
30622,0.9756591139512828
30623,1.1109778377965545
30624,2.3120028867631057
30625,0.8104701045508187
30626,3.978838055783571
30627,0.4337858656350799
30628,2.1041197173392674
30629,0.465881274974359
30630,1.2573008326223813
30631,0.11008092950580316
30632,0.19091521019964347
30633,0.09928967336191677
30634,0.435240307023552
30635,0.8912899145730278
30636,3.0458977373017575
30637,0.5299695390521768
30638,0.7622938545339417
30639,0.9927292854161811
30640,2.7125745652737883
30641,7.898293221034114
30642,0.14923855850999168
30643,1.4002903777047886
30644,0.7718490144347441
30645,0.41928574420269277
30646,1.005596911255132
30647,2.2942764413148766
30648,0.06559088196795185
30649,0.8303856603202301
30650,1.9555450499317386
30651,0.0818288039195057
30652,0.2217583083859019
30653,1.045557332735007
30654,1.3450102172933043
30655,5.6981284471555895
30656,0.41801850509026633
30657,1.3852743138139376
30658,5.971111422686212
30659,1.3708642683614343
30660,0.7825088671295399
30661,0.7463017937689098
30662,0.17959014895991934
30663,0.48104961772864374
30664,0.3238382014820791
30665,0.43556381512216735
30666,4.099744083746945
30667,0.5521014755645877
30668,0.11862865740318687
30669,0.4086892624965254
30670,0.7102712277623524
30671,7.9249941435479005
30672,0.5455735508010272
30673,0.1651524960507159
30674,0.5142308270658851
30675,0.2359284398838828
30676,0.8347909726509342
30677,13.856504882787778
30678,0.6685411300425341
30679,0.2555949032625592
30680,0.5348572723382912
30681,0.3588007000892892
30682,1.7500498622927565
30683,0.3529253716828432
30684,0.48743153587754184
30685,0.4701808177738385
30686,0.7020187398706381
30687,0.3231307735043551
30688,0.7117474251639572
30689,2.374363764290676
30690,1.42066443949495
30691,1.0109683781886964
30692,1.0231516562225016
30693,1.8279810900714777
30694,0.9773972052540922
30695,1.8171062866397543
30696,0.8476648881310055
30697,3.2861614007945685
30698,0.9307319460563762
30699,0.36588061411135797
30700,0.453340642669189
30701,1.513715081381808
30702,0.4899486943148053
30703,2.0221737591751605
30704,0.26203595489346837
30705,0.1332359184579189
30706,0.5224646598191686
30707,1.585865539340295
30708,0.47451407098269793
30709,0.619929535257805
30710,0.8523414670850981
30711,1.287836412458575
30712,0.4726483706742877
30713,0.2523853848080428
30714,2.385740845601627
30715,2.5162399539972418
30716,2.8562075941962384
30717,2.5627159802844806
30718,2.1005942533394646
30719,0.4454938782231062
30720,0.3468250080411909
30721,1.7309585972712689
30722,1.4305041437816115
30723,0.6403773765171045
30724,0.5671131782429296
30725,0.2366813562697852
30726,0.025295991973290296
30727,0.44046104679962644
30728,0.15397518994651802
30729,0.5966231957769754
30730,1.333202802638571
30731,2.823122330749698
30732,0.4299103487908237
30733,0.7301474489731677
30734,1.3428408057184658
30735,1.7819649586718522
30736,2.028181254085772
30737,0.7521522296593829
30738,0.09550073409953921
30739,1.725259636668959
30740,0.30264984557927666
30741,1.735033761890468
30742,0.5093459446184886
30743,0.2680014441034858
30744,2.871177605112822
30745,0.49556919129079213
30746,1.3955876311219808
30747,0.22552206431746738
30748,1.6206221991674727
30749,1.3171924002224114
30750,0.4296137798342596
30751,2.3659272968376213
30752,0.10159307674705766
30753,1.7220600006673115
30754,1.4859566479791952
30755,3.2992359939715508
30756,2.1404494626682613
30757,1.9674961136547902
30758,1.229838762579085
30759,2.4893063159085305
30760,0.8687185462738335
30761,2.692667971791763
30762,0.06923527463504045
30763,0.691073405693891
30764,0.9229792679436395
30765,0.10335234721712203
30766,0.6631056080734258
30767,1.3011573927126543
30768,0.17749474380509286
30769,1.0621811889608161
30770,1.7404209591029283
30771,1.519221707686626
30772,0.28511590676119936
30773,0.14208666906154324
30774,0.5689768139930655
30775,0.903778644312228
30776,0.056691259259721405
30777,0.2391731400173934
30778,0.21042949467933633
30779,0.2760527806948352
30780,2.0034744506157947
30781,0.15174878666654135
30782,0.4703127314291004
30783,1.2986810245832212
30784,0.402282955814211
30785,0.09675039564984957
30786,0.47291922964412075
30787,0.174295418788211
30788,0.3439967411216291
30789,0.22967573911605227
30790,0.5586215586894097
30791,1.4710485969284697
30792,0.41540579655221377
30793,0.8500167894125932
30794,0.3443048062311174
30795,0.2115738306066862
30796,0.8825319453456608
30797,0.8061571147356305
30798,1.6405196799961574
30799,0.1476512791598749
30800,2.056058244514662
30801,0.42780858586125525
30802,0.68600298243208
30803,0.6098483308554581
30804,0.6076291927554881
30805,0.7006107372532138
30806,1.0006763998566672
30807,0.4255871868473343
30808,0.19794175207831716
30809,0.5166127827099215
30810,0.7033518169337372
30811,1.185221418283598
30812,0.5373731891733455
30813,0.21376227206374004
30814,0.30439763421967686
30815,1.3357858826693851
30816,0.4675077669707965
30817,0.14503913331390478
30818,1.0650794866430953
30819,1.8925691398788738
30820,1.1557691276838682
30821,1.2044668308452717
30822,1.252656421916729
30823,0.18795723349067714
30824,0.13036906934121983
30825,0.7024099651635374
30826,3.0115279617135724
30827,3.8873962784005585
30828,0.12388299771309481
30829,3.7053891278188797
30830,1.3469357836162892
30831,0.23275189973961094
30832,1.6505010265119295
30833,1.2106439693512265
30834,0.5488640568889493
30835,1.5605323369187707
30836,0.13252066834544937
30837,0.7234331037524296
30838,0.11475083859288343
30839,0.527272092795247
30840,0.9837458645352797
30841,0.42475413063565837
30842,0.2532880800903045
30843,0.22626365890987876
30844,0.3845770605953927
30845,0.38289469496199713
30846,4.348116116864899
30847,0.10070590044053773
30848,0.9716127712351018
30849,1.3983746730844173
30850,0.6579710995846122
30851,1.1446414672666976
30852,2.5677013693717226
30853,0.047278708383964835
30854,0.3218893872909338
30855,1.4558886560609858
30856,0.22232319031817932
30857,0.2898776505403867
30858,1.0422868276946988
30859,0.9459903300261944
30860,0.09230327641208505
30861,0.30557517667284306
30862,0.17223252212724324
30863,0.9337113737657285
30864,1.0219654950358472
30865,13.917840948514844
30866,1.8647734014178419
30867,0.24728556793198456
30868,0.2517079024270628
30869,1.1594964661371767
30870,0.9745918356525107
30871,0.31096809190194513
30872,0.4136603916154581
30873,0.79842891090033
30874,3.9005690905105976
30875,0.23462101749576264
30876,1.3516737179737817
30877,0.703057995489355
30878,0.1330771945621335
30879,2.2839361618773495
30880,2.202585047083742
30881,1.1699036495598982
30882,0.3733420553342516
30883,0.03868813070261133
30884,1.5061733105128206
30885,0.2780178024918757
30886,0.11344899152132226
30887,0.1760259893055938
30888,2.850375037118842
30889,2.7072582474075113
30890,1.5650637734809298
30891,0.9657059171148166
30892,3.564618377380989
30893,0.5513733311625975
30894,3.2079613168256347
30895,0.881316281036357
30896,0.37850327252476607
30897,4.174229798757324
30898,1.97560524182557
30899,0.7798845622266236
30900,1.8519561674119358
30901,0.21480198782073373
30902,1.0450979733293841
30903,0.7834396155070873
30904,3.3970305400087226
30905,0.8009721757556336
30906,6.870287868766702
30907,2.3771842854691965
30908,0.22378634053149407
30909,0.2894848198226129
30910,1.570404312019213
30911,0.42639093217337565
30912,0.6841442509806749
30913,1.9657697362896824
30914,0.06593112046187408
30915,0.98473855434498
30916,4.396532220982672
30917,0.7605234724935249
30918,0.09476126025716025
30919,4.863315579967031
30920,0.2981656322307931
30921,1.1123708594109594
30922,1.4627483464248021
30923,0.3506806453480645
30924,0.20696493663233864
30925,2.5399435155673427
30926,0.40668349571360285
30927,0.45670711576027945
30928,0.570001608702569
30929,2.59922196293316
30930,0.6582220285403623
30931,1.8428279848825735
30932,0.36024546982175765
30933,0.8095251337759365
30934,0.37205404848985796
30935,0.327556533438624
30936,0.5027546280825569
30937,0.059357313230267925
30938,0.19824474289018212
30939,0.6377764384927889
30940,1.904460731369669
30941,0.8517620867042505
30942,0.18545146267042475
30943,0.6162388737342551
30944,0.24346304787119938
30945,0.03225315874926086
30946,1.19861323172189
30947,0.12944425239579557
30948,3.7541735463921495
30949,0.3634447887046581
30950,1.690089830938873
30951,1.2006999259184268
30952,0.30587117411748616
30953,0.39867358173340983
30954,0.23107958151611888
30955,0.22502875293944205
30956,0.1191971205195362
30957,0.13456530431632396
30958,0.5455330146974897
30959,3.1354666679111856
30960,0.2688074902327413
30961,0.3417533004951707
30962,0.09042298014033671
30963,1.7727743930385558
30964,1.0356674284790808
30965,0.8059759739528772
30966,5.259711721959799
30967,0.17230788078778847
30968,2.6870219507616913
30969,0.06948911425257835
30970,0.5326842701856229
30971,0.19910525487584332
30972,0.2945601690912908
30973,3.1442358805086528
30974,0.8476345693904447
30975,0.1935942599841211
30976,1.4745548716861987
30977,2.487337727150856
30978,0.4922747154205583
30979,0.8710507210248623
30980,0.7019154248621013
30981,0.25174350101440807
30982,0.3731238256685978
30983,0.7290157928781915
30984,1.845104320815985
30985,1.6518532424405845
30986,0.5328211412254136
30987,1.3485521744567872
30988,0.18640923389792874
30989,0.08952703529334825
30990,0.2996313412070752
30991,1.2169296218869319
30992,0.36555165369090126
30993,0.3942943883826803
30994,0.43237498947390085
30995,0.3572051484814712
30996,3.987774277513212
30997,10.805338233994005
30998,0.42036116629104614
30999,0.3753158201632614
31000,0.5976770851591993
31001,0.6091807896875165
31002,0.9712583802126596
31003,0.9763788947183399
31004,0.3522542619234109
31005,0.12455936948866327
31006,0.6376876706895632
31007,1.0224181627409517
31008,0.5812264383718372
31009,0.5364303728947089
31010,0.39188041623686903
31011,1.2119734276305956
31012,2.5960110746919796
31013,1.8580545561555049
31014,3.52729734313988
31015,0.8015071562317158
31016,3.278307304213514
31017,0.22815287826651132
31018,0.41349260203485033
31019,6.0846484624699215
31020,0.5451845590596274
31021,0.3934915968397754
31022,0.45536452142695094
31023,0.3178118386937758
31024,1.6597695064798212
31025,0.2729885114140285
31026,0.9045118269618035
31027,0.14153065725876393
31028,1.0263548036665098
31029,2.450878875166252
31030,0.8831382945475454
31031,1.0833117087813904
31032,1.7438185490197184
31033,1.4304287559335138
31034,3.185407963996215
31035,0.91238717963313
31036,0.8949267994364233
31037,0.1935442325474496
31038,1.0021984464123073
31039,0.12474669644478437
31040,0.5043609507143222
31041,2.9892806062532253
31042,2.5239210600354727
31043,0.30746415152129414
31044,0.6444130058210993
31045,0.14578149674828844
31046,0.1354998490701548
31047,0.5783604277698853
31048,0.44251417844225865
31049,0.8231988206609608
31050,0.8748341255922661
31051,0.36063649543310705
31052,0.10583590833794101
31053,1.5993893640871089
31054,0.8551249170886817
31055,0.870443674668801
31056,30.929916570863643
31057,3.147947015170355
31058,1.2782836830979678
31059,2.137112485770968
31060,0.10937303166351907
31061,1.1263262583941744
31062,2.781954015837208
31063,0.9299665023893307
31064,0.8443429839993292
31065,0.16889297845355108
31066,0.5808938303654247
31067,3.000132241035565
31068,0.580342369487638
31069,2.3381054848095877
31070,0.6679969916461899
31071,1.002842309572142
31072,0.2312911065358008
31073,3.138217748742116
31074,1.2806906313141355
31075,1.3047590692724345
31076,0.8258965526820873
31077,2.245195082642728
31078,3.081060588873174
31079,0.639719228398144
31080,0.9565781662483761
31081,0.21745426458620978
31082,0.6783495954291288
31083,1.2805728218210524
31084,0.4630318584096514
31085,1.2424128946977258
31086,1.047083576985366
31087,1.168700722788844
31088,0.12779981181685018
31089,0.37519884360117184
31090,1.3952635775791211
31091,1.1544503840589813
31092,0.39797884855524784
31093,0.4502714030391785
31094,1.899375241579832
31095,1.4065317532413242
31096,0.5894349153880387
31097,0.22368512798782633
31098,0.6740938716172774
31099,3.6337030548399993
31100,0.14981398325656795
31101,0.43224521443209296
31102,0.42909881132634875
31103,0.06615446897657111
31104,2.621147660614503
31105,2.862928084204713
31106,1.5442235240610171
31107,0.6862237203870669
31108,0.6990305903750912
31109,0.7366956594964298
31110,0.1438859760730872
31111,0.09753823478358817
31112,1.2775297895743383
31113,1.67886590376291
31114,0.24670248667878136
31115,2.090271563665583
31116,0.38747878888708015
31117,0.25891619246290987
31118,2.165159621501864
31119,1.271034036893652
31120,1.0433606771695687
31121,0.5209808813408539
31122,0.27733136329398267
31123,0.5743599488620856
31124,1.1940591092304342
31125,0.19649227478677664
31126,0.8097756574625834
31127,0.9947006336100377
31128,0.5779993693763054
31129,0.8055913325397552
31130,0.4077741488015169
31131,0.27759339158072915
31132,0.12508289939054992
31133,0.09069534331947561
31134,0.5159504977632503
31135,2.9443303880791043
31136,2.385523855480761
31137,0.20455054679343007
31138,0.9365113874098583
31139,1.6616718416948753
31140,0.7714708996923191
31141,0.24071933829796574
31142,0.5014865119539004
31143,0.49141288299473335
31144,0.24820317382029033
31145,0.3278854195343235
31146,0.22646304773480894
31147,0.9475054291893412
31148,3.5147056587933925
31149,0.7789693152079696
31150,0.08293976809373575
31151,0.07574402439623834
31152,2.7250291603710424
31153,0.20309001960724002
31154,0.645233696407739
31155,2.679201826709516
31156,0.6843640525958524
31157,2.7921042113871106
31158,1.2967219903294986
31159,0.23412839444707917
31160,1.5821607052440088
31161,1.130586789700589
31162,0.4729404668322883
31163,0.5374866084317063
31164,3.5743186040020234
31165,1.0906634748816266
31166,1.397335111527222
31167,0.16410584926936372
31168,3.201003266493773
31169,0.9292475771050948
31170,0.32132043717686465
31171,8.03694293098047
31172,1.153965135978099
31173,1.7646755543709647
31174,0.9735485839648571
31175,0.9267901772077389
31176,0.6076999754991861
31177,0.3343710782150556
31178,1.621568784414203
31179,1.7487343858811384
31180,0.1491361024374599
31181,0.7258801602168712
31182,0.34887588053594015
31183,1.7247728583871136
31184,0.282471846517221
31185,6.8317212016841005
31186,1.790970305407157
31187,0.24127685539516056
31188,0.21094005596826984
31189,1.659896084013782
31190,0.13287165320240144
31191,0.15461735639823318
31192,0.22266962186507533
31193,0.42935587795035307
31194,1.6920281408563598
31195,1.1576241004326147
31196,1.5450570889116788
31197,5.22119550857253
31198,1.7735755121541605
31199,8.708998559341719
31200,0.11087455082165466
31201,1.1098305025372692
31202,0.4977706814795712
31203,0.2850531107650674
31204,1.939946766505777
31205,0.5571139817297148
31206,0.6694267205694836
31207,1.934922554781994
31208,24.567196672323384
31209,0.4952418960849631
31210,0.24793888352997379
31211,0.7645533735247676
31212,1.602493758068867
31213,5.551987179986115
31214,0.9152116324048687
31215,0.24692948849615978
31216,0.36638060387701255
31217,1.843440273579663
31218,0.23463963977927693
31219,0.7933600273157677
31220,0.03872098872709262
31221,0.10084820092648222
31222,0.0670317309365401
31223,0.1734466837731324
31224,0.9889796136589333
31225,0.06158206070248072
31226,2.8229927925714104
31227,3.3577237540290126
31228,1.9584116825928322
31229,0.44327951539281174
31230,2.5132529454500028
31231,1.9915491984369478
31232,0.1743240316060975
31233,0.24950446371652094
31234,0.4352396268492812
31235,0.46618960890753125
31236,0.19053394448880498
31237,1.6183875810421358
31238,2.3073440558699847
31239,0.21132495157340714
31240,0.31459933394350126
31241,0.321837224038169
31242,2.4369970939342367
31243,4.334276104778164
31244,0.14476162792494304
31245,0.5506694784135754
31246,0.6569866392553085
31247,1.1431085557326177
31248,0.9850437183366652
31249,5.641997445797515
31250,9.215117103364943
31251,0.614027109815469
31252,0.18051872597566054
31253,1.3898150191901928
31254,1.4635698532711348
31255,3.2763607949107656
31256,0.308232865965714
31257,0.30547161974126463
31258,0.4973630060133415
31259,0.20614564972435354
31260,0.7686417059901282
31261,0.46412278014593367
31262,0.15675037935610858
31263,0.08111983892032601
31264,0.2710916451694651
31265,0.21685052535895366
31266,1.1626730011568165
31267,1.8695016840171812
31268,0.2475804022084363
31269,3.4683298425629663
31270,0.3694481464809484
31271,1.7270533889398079
31272,0.11261038345833588
31273,0.33309279180368234
31274,0.9834058132438246
31275,6.545291397734507
31276,0.5723448713379431
31277,0.9103895555491428
31278,1.6039033236647728
31279,0.16949289204757026
31280,1.2639344729773707
31281,0.1557714518004375
31282,0.5747714835609605
31283,2.627791588055583
31284,0.11867843546883887
31285,1.408564346444023
31286,1.6152294610146511
31287,0.18412061478630642
31288,0.1928243467985573
31289,1.038606821449082
31290,1.19262553833946
31291,0.8455224998267215
31292,0.19469006680245982
31293,0.1195314203115877
31294,2.7895054551332192
31295,0.4667046281780801
31296,0.3161869065169751
31297,0.47966347669926723
31298,3.0769432665744154
31299,0.6108090868900256
31300,0.9159123089392648
31301,4.1474781146241995
31302,1.326439450417993
31303,0.26354669955950555
31304,0.6694665348507789
31305,8.033455926175055
31306,0.9618714910873603
31307,0.5810054897486062
31308,1.4305822325568662
31309,0.32660222246257226
31310,1.9844419035258878
31311,0.2638378612320754
31312,0.5526346174834328
31313,4.288810955694526
31314,0.4156165000744711
31315,1.101597835570518
31316,0.12466029478624836
31317,0.26687076381397346
31318,0.29480311390386593
31319,0.09806790751285567
31320,0.2608294475969801
31321,0.2624312904195289
31322,0.8790122420332558
31323,1.982458697138862
31324,0.514911298702547
31325,0.7965202726695387
31326,0.14804030831758774
31327,0.11771086760916133
31328,5.322472741300793
31329,2.241250785126869
31330,7.190648123807111
31331,1.7541991056423756
31332,2.433801755749462
31333,0.3218712470879641
31334,0.3895411909863019
31335,0.5912265774553773
31336,0.14641715388115192
31337,0.4561927447021298
31338,0.4456321703275428
31339,0.04929864594672176
31340,0.623351235401206
31341,0.5771258919564541
31342,1.0834045418245728
31343,0.5035731394191957
31344,0.4449921913302796
31345,1.3166800220707386
31346,0.6930757080656724
31347,2.663139466201457
31348,0.5092444997299381
31349,1.5586940817641992
31350,0.6521037175669041
31351,1.6292650309680285
31352,0.8941060632100272
31353,0.4854920806334176
31354,0.3739481379313552
31355,1.901450223986909
31356,0.7894590105824629
31357,1.3794489038528415
31358,0.3878329434132617
31359,0.46543946085197
31360,5.3496882773069725
31361,0.281100358526501
31362,2.5299383524963965
31363,2.1232054765000474
31364,6.686435398161628
31365,0.7240257172808294
31366,0.2804449094811962
31367,0.7867370317831539
31368,3.0632233894347287
31369,0.7374319878389032
31370,1.4705318811632866
31371,0.07566627465722173
31372,1.0353659772665482
31373,2.4112753057646965
31374,0.9934614055518058
31375,0.9287632783984936
31376,0.9739090247882158
31377,0.5982234308854971
31378,1.9437488016609552
31379,2.3010324829846067
31380,4.2730477646365586
31381,0.4149949666369847
31382,0.1446765880396703
31383,0.3528733257275504
31384,0.0951942609855814
31385,0.5881162934742897
31386,0.6744357486514448
31387,3.8482629521501455
31388,3.6657469342560765
31389,1.884511835860947
31390,1.025733318269182
31391,0.5836974218717335
31392,0.9322013455421095
31393,1.4483325051709879
31394,0.6604470668069256
31395,1.6467854792994885
31396,1.698325067981873
31397,2.28955379073021
31398,0.9366133589698229
31399,0.5588396999877608
31400,1.05399706771788
31401,0.9330883617296223
31402,0.3159039736180844
31403,0.8324559885216475
31404,1.2925840240771342
31405,1.8737653213629806
31406,0.4676184791125247
31407,0.40272946089423856
31408,1.0462280865239697
31409,1.3665113281180388
31410,0.45921046027775203
31411,0.1487585669559781
31412,0.09178566912336354
31413,0.07908601516764348
31414,0.18101496729109595
31415,51.82036633775493
31416,3.362399194497488
31417,6.776672967235062
31418,3.2305934395278575
31419,0.32705406533341924
31420,0.07900601200362531
31421,1.781543263895035
31422,5.3265832447419195
31423,2.4123052636068643
31424,1.2320558784969746
31425,0.7222849637617277
31426,0.764583555710606
31427,0.7931019911212803
31428,0.6824848976297604
31429,1.7661351932768645
31430,1.2868256452296138
31431,1.3716449512791233
31432,0.3656418368506858
31433,0.26026975572615496
31434,1.2149589449875204
31435,0.714421152742392
31436,3.0334266174243187
31437,0.2871709685915482
31438,0.9453897014216504
31439,1.212915292405936
31440,0.9266557857108877
31441,1.7858195450786263
31442,1.787568991019367
31443,2.6765636461249134
31444,1.1086746984490132
31445,6.600944131598453
31446,0.15847477822552133
31447,0.6251189891962988
31448,1.5576222313894776
31449,1.2045195349272124
31450,0.5919417483418115
31451,0.6783984602753381
31452,0.5012877294106636
31453,0.12388935777603073
31454,0.19696773448168467
31455,2.798120336851635
31456,0.6725056065671631
31457,0.3788013295119242
31458,2.767180424874063
31459,1.2540029405858233
31460,0.7404566073514021
31461,0.3134818526044663
31462,0.6574171949949731
31463,3.2296829829168536
31464,1.567907086210256
31465,0.22889746648173354
31466,3.519929694420724
31467,0.15335863098844735
31468,0.17586967928806596
31469,0.5952125875754714
31470,0.2992699297830945
31471,0.7182730083724818
31472,0.9912721505512104
31473,0.06948151494314869
31474,0.82954550154405
31475,0.6043617500654772
31476,0.5796048935347773
31477,2.581224042864879
31478,0.2905515051297822
31479,0.6700250380014064
31480,0.6213442754921169
31481,0.21217005947782286
31482,0.5048220496724717
31483,0.6191359379137856
31484,0.20666615267911873
31485,0.2815774425546292
31486,0.60475845181799
31487,0.24073867798304968
31488,1.7837862675129177
31489,0.7234204430085475
31490,0.4048728941343478
31491,0.6009930168938685
31492,0.2416446062299409
31493,1.1811404746538827
31494,2.506452293173382
31495,2.0995420734387373
31496,0.07698181591427615
31497,1.5040580518215312
31498,0.1555826616669707
31499,1.7302116241290444
31500,0.06405916148872634
31501,0.23449004313930072
31502,2.4988435488461747
31503,0.8906768630456822
31504,0.7748214852995164
31505,0.23503176726422637
31506,3.127959035918097
31507,0.8150551654343665
31508,1.1738895952105186
31509,9.675246438738274
31510,1.268773561021555
31511,2.5748208165350475
31512,0.4365064157165955
31513,1.5546312386211707
31514,2.6023208289272413
31515,1.6505848501773408
31516,0.8631952625521033
31517,0.16706567583056403
31518,90.74674416386249
31519,5.281807632053115
31520,0.38403461010795675
31521,3.4410492506402504
31522,1.8227937395980178
31523,0.5046712030345736
31524,1.9250681525113227
31525,0.11369558347735234
31526,0.9427618474606272
31527,4.389605798327272
31528,1.3189821187091955
31529,0.9047174121937582
31530,1.1099819911674866
31531,0.2607584959577582
31532,0.0780801502836308
31533,2.899110328379062
31534,2.005274745428607
31535,0.8189439656424485
31536,2.025296164560209
31537,1.7794485156291175
31538,1.2169737323461214
31539,0.5397339415519038
31540,0.2668722001757288
31541,0.5799879273305925
31542,1.4280598744103747
31543,0.10647677381058152
31544,1.522116074144845
31545,0.44715851830638864
31546,0.3391052649002398
31547,1.7863435229801017
31548,0.5035132542371623
31549,0.935277846040119
31550,0.6963604138187409
31551,2.4058178684961913
31552,1.1481925338905943
31553,2.068036708814676
31554,0.5865904512862635
31555,1.822585105774159
31556,2.566823008047545
31557,2.9361738770467145
31558,1.2794533922837705
31559,2.4035322883734516
31560,0.1295774553349249
31561,0.8774927829223171
31562,3.085352852672047
31563,0.6418700067720874
31564,3.9254867393342217
31565,0.16877984383244837
31566,1.308311280142135
31567,0.18824867188943362
31568,0.11517422494931884
31569,0.17900490230861826
31570,2.9300955021775423
31571,0.1402126228141844
31572,1.8031635134843453
31573,0.8816504185866042
31574,1.3524499877845904
31575,5.775529281382151
31576,1.424570315092762
31577,2.747489195241922
31578,0.7389656638602925
31579,1.6861505118328477
31580,0.07422042882283665
31581,0.5445820304029672
31582,1.0066376305808107
31583,1.1743678043070767
31584,1.4282810939041297
31585,0.6291309973220398
31586,0.4914913610252644
31587,0.10650482208996737
31588,0.5986987663251103
31589,0.5468504602210734
31590,0.45855548207858254
31591,0.6561911426162529
31592,3.10166574999654
31593,0.308044867566949
31594,0.7438766355347864
31595,1.2323144529372227
31596,0.2912451794040092
31597,0.23773549043632738
31598,2.604909158311224
31599,1.9828598074178063
31600,0.6152521046973278
31601,0.24474685186474698
31602,0.17683178483039916
31603,0.8429401814726842
31604,0.07741769359880477
31605,0.10403808463743787
31606,0.918301186472185
31607,0.09716936734785273
31608,0.954365891699089
31609,0.48636440594065067
31610,0.10251023436103257
31611,0.26049155055768153
31612,3.5101896523878198
31613,0.8308416556450081
31614,1.459769317633446
31615,0.28430207982213274
31616,0.46848797409227994
31617,1.4231424499980376
31618,1.645459907825892
31619,0.1697884443931934
31620,0.7113434180185595
31621,0.14058504447646397
31622,0.271232880877494
31623,0.2948748641529458
31624,4.676313008265096
31625,0.7098048199547263
31626,0.6749668743724676
31627,0.4296371252460313
31628,19.54525484611081
31629,2.3133726383778046
31630,0.655682094777512
31631,0.09049596177895995
31632,0.7213491768419688
31633,1.094392475298683
31634,1.9870391947193844
31635,0.12779448493955542
31636,0.29899122166570496
31637,0.11946810161329
31638,1.8241656631072973
31639,0.3185830122686041
31640,1.822652244176974
31641,2.568868173229461
31642,0.1177621116970189
31643,0.09513107714287439
31644,0.5652604715979853
31645,0.5874497618780244
31646,3.5769988097279386
31647,0.787570983441835
31648,0.36778200689724777
31649,1.626495102680483
31650,0.34295816820653496
31651,0.1678736795586519
31652,0.4280861162967394
31653,0.07991203269162374
31654,0.5498407264445404
31655,0.8529163090394114
31656,2.029334996763285
31657,0.6530830412011034
31658,0.6452086509924551
31659,0.04938168407259518
31660,0.06364421445351989
31661,0.9251769610700894
31662,3.1282118423794265
31663,0.7849474881456565
31664,0.9624373313610438
31665,0.08746859443797504
31666,0.946409864489274
31667,1.53444836057376
31668,0.37994811834954534
31669,0.8034224552050306
31670,0.5341840372692038
31671,3.540838710021728
31672,0.7064499334310119
31673,5.682173247571425
31674,3.441517954226766
31675,0.8564688305330214
31676,0.37844065422807316
31677,0.9708620078084789
31678,0.6358919987130338
31679,0.9361970110966037
31680,0.911883674173778
31681,0.3990295633404182
31682,1.5416614794918733
31683,1.1436713483877268
31684,1.0598564116640727
31685,0.9277662024167364
31686,1.121415311097105
31687,0.35439251345882966
31688,0.7042706866376609
31689,0.5604001245450131
31690,0.8165930303865605
31691,0.22155587671972743
31692,2.0406017351071366
31693,2.9353964840284847
31694,0.4161172631011306
31695,0.4260347446623027
31696,0.9674349112513343
31697,1.3206628877780922
31698,1.122441176908836
31699,0.19546723808559607
31700,0.6523371767539051
31701,0.7405083822646432
31702,0.14150003945773257
31703,0.49723163227329303
31704,2.160859982816668
31705,0.37944236046755186
31706,2.6532296734845446
31707,0.685391152990069
31708,0.6901955639897889
31709,2.0656064802590426
31710,1.5183792137906567
31711,1.9769084848477225
31712,0.37412565203806236
31713,0.22957536724130073
31714,0.6209896763972785
31715,0.22255643343935538
31716,5.646955074693871
31717,2.8927420927331955
31718,0.858354098054169
31719,0.5902362498669499
31720,0.1052690340034466
31721,0.32284373774092096
31722,0.9585228601282674
31723,1.5345341947799525
31724,0.6402250134962483
31725,0.5913286664493778
31726,0.7598843343312905
31727,0.9901074531331095
31728,0.04324606185119139
31729,1.397675947515902
31730,0.6583085897479838
31731,11.213264895114964
31732,0.3747571803741881
31733,0.7197506559401246
31734,1.1630688887715146
31735,0.46283916796467894
31736,1.017528224612734
31737,0.047840945290714164
31738,1.4321562717417131
31739,2.694526408573794
31740,3.4677698697879187
31741,2.8076179339778062
31742,2.442208282143851
31743,4.035716775062529
31744,3.611405410769166
31745,0.5813933214297904
31746,2.474486404253713
31747,0.6239742562561621
31748,0.18783932262763064
31749,1.4274513241715066
31750,0.05567541362696654
31751,1.4550488141275577
31752,0.6472879754144244
31753,4.39806373446564
31754,0.3973999123041482
31755,0.3616191694780325
31756,3.161579055530557
31757,0.17558270917463098
31758,0.20728932952414253
31759,15.558986495721003
31760,2.5856847824928395
31761,0.5491732862675079
31762,0.6131758849956768
31763,1.0226278791240102
31764,1.8432098780583976
31765,0.7214772370338084
31766,3.9861734917865137
31767,0.5572039841412456
31768,0.5729245269516031
31769,0.6131964107389479
31770,5.102852054046897
31771,0.14518079080430987
31772,0.674094497089252
31773,1.2316914370545489
31774,1.8440530735465643
31775,0.8815705687334864
31776,0.7721848360600543
31777,1.1268391636066866
31778,1.832139615069746
31779,1.889360513597363
31780,0.13762249081322986
31781,0.8813259274579243
31782,0.6303800590537272
31783,1.1944429779963386
31784,0.3959827981425512
31785,0.5817383146002831
31786,1.4800457567344623
31787,1.0129147887353531
31788,1.1568050999913022
31789,2.128063152854387
31790,0.6932857579144455
31791,0.19883713362409844
31792,0.21454160845433087
31793,0.15395103370047936
31794,0.7057697044232555
31795,0.6919387817413153
31796,1.0142071600954177
31797,0.1127332472961274
31798,0.2742077365629647
31799,0.8849684364295219
31800,1.4946287317653018
31801,1.9346383922667194
31802,1.2983199682921733
31803,0.9502138000837217
31804,0.12462500203411808
31805,0.2018114017656173
31806,3.878821118342218
31807,0.6938462425661982
31808,1.6233038650859992
31809,0.3749587524585407
31810,1.4548652467474885
31811,0.2743961387886054
31812,1.9414407709610233
31813,1.774782944828476
31814,0.5127268155582836
31815,0.6237668490024733
31816,0.6889318960920823
31817,0.17135683188458262
31818,1.1616906004330414
31819,0.20491736624172602
31820,0.7215730246045328
31821,1.266809288954022
31822,0.6551889364467764
31823,1.6023860037817321
31824,0.10052788658069846
31825,0.4777126637511305
31826,1.0862095198411421
31827,2.161622017552428
31828,1.2325116305081658
31829,0.9225451696175626
31830,0.6150512010271759
31831,1.6719476920179315
31832,1.1505543174965152
31833,0.43297430379822904
31834,1.942692930380685
31835,0.5665967854463381
31836,0.4141657398238995
31837,0.3649334606448773
31838,0.7257826202981215
31839,0.8947793579766046
31840,2.8341579438109514
31841,0.11463290878389965
31842,0.3374566922821796
31843,0.48074291235941236
31844,1.944400537250309
31845,0.5355669170924432
31846,3.3015090605858997
31847,2.908713600990487
31848,0.7091063405748463
31849,5.160433216364829
31850,0.5572664881141668
31851,0.9063712126175418
31852,0.7164836500338799
31853,0.5728917844695881
31854,0.13592835135624642
31855,0.11980719056288934
31856,0.6395938333636645
31857,0.3495426295338038
31858,1.5797319201966256
31859,0.45409082708409254
31860,0.14122484559375056
31861,0.8441306549865135
31862,1.1496999847232834
31863,0.12187615636636762
31864,2.8570287563051133
31865,0.6497756289930124
31866,2.518039681407768
31867,0.1475400955968799
31868,0.24759218059407528
31869,0.06649051508056648
31870,0.18860396641819172
31871,3.2860237655874474
31872,1.623762220000041
31873,1.2776909283033424
31874,3.005380800057977
31875,0.7171465625005152
31876,0.6471623822525142
31877,2.3549953750173285
31878,0.08068841334874076
31879,0.2739792537809468
31880,0.04986626268876433
31881,1.7050213452838694
31882,2.3375965994340278
31883,0.3934165504324707
31884,6.493881242987812
31885,3.7841585010279006
31886,1.292083126443694
31887,0.044960443044522
31888,5.7688753064106955
31889,2.6971043463635826
31890,0.6607362000045912
31891,0.2264069719855875
31892,1.5274618975324408
31893,0.9276917774896838
31894,1.6445175506668104
31895,2.082533829612451
31896,0.12272590891567597
31897,1.7733199358548755
31898,0.07631695465935731
31899,0.5134123195636975
31900,3.033918853603628
31901,0.2937807268013393
31902,1.073201094159793
31903,6.7823230106895975
31904,1.2055385121448952
31905,0.6584842822904999
31906,0.3574853205549539
31907,0.7660363537090924
31908,2.179522187442922
31909,0.7994947294411541
31910,1.3362245256154468
31911,0.45925047332580005
31912,0.5710261231835961
31913,3.6176853042158745
31914,7.146520950736765
31915,0.32647227021022973
31916,0.7820884299938039
31917,0.7098932139311827
31918,0.38993268385514085
31919,0.164998305573773
31920,0.7195695074465396
31921,0.7127605711652036
31922,1.3551742391877633
31923,0.09217227527539379
31924,1.793040943443457
31925,1.1783968129117466
31926,0.3842432119905629
31927,0.49894859182912005
31928,0.8717246943598299
31929,0.16205183819912633
31930,0.08750183682647633
31931,0.20995518859855777
31932,1.3394527951778286
31933,1.2155293081744634
31934,2.758219183726007
31935,3.8919231912536634
31936,0.2983925165842916
31937,0.2810333521854357
31938,3.3246093882336583
31939,0.7684200570661185
31940,1.1463491128931396
31941,0.2703201628336396
31942,3.0949706432801527
31943,1.6794848536676594
31944,0.07761227263733277
31945,2.658614487278576
31946,0.6951861639147364
31947,0.6009033742392755
31948,3.3908735631271387
31949,2.4786227950451085
31950,1.1652439479932597
31951,0.16475611051638953
31952,2.310241435202364
31953,0.11266209091521272
31954,0.4732547223772335
31955,1.0346154956841627
31956,0.9927940452417099
31957,0.420949416582272
31958,4.749394276587485
31959,0.4028261828477594
31960,1.085673378767234
31961,0.7470055042362236
31962,2.441328431281853
31963,0.5639898920375285
31964,0.10497169360596234
31965,0.57939333451864
31966,0.3663831601129598
31967,1.3654376668863764
31968,2.198053676805808
31969,0.40736707032747543
31970,0.6603571431950648
31971,4.455888950567445
31972,3.016074122475529
31973,0.4527447324879774
31974,1.866933570834297
31975,0.48872395024937887
31976,0.326852001224873
31977,2.200899751426104
31978,0.5869698530777624
31979,0.9850788243050048
31980,0.9122130543733595
31981,0.1840400866575205
31982,0.36936253625370163
31983,5.688846789705048
31984,1.1107586689651447
31985,2.9423502187516153
31986,2.0497993972398123
31987,0.7258872743601961
31988,6.494619985311615
31989,2.387695615386246
31990,0.5643684980550099
31991,2.59169859740334
31992,1.7906447791864242
31993,1.7265052970409518
31994,1.6040972474050066
31995,0.21173837831530115
31996,0.7083002229990758
31997,1.1436161003034733
31998,4.0366973776892525
31999,0.5255284318707069
32000,1.6186833960083449
32001,0.39247741867210545
32002,3.8703493587304374
32003,1.5713234140536196
32004,0.5794463396671488
32005,0.404403878330038
32006,0.49835536234500044
32007,0.9536675406544284
32008,1.4550869590653475
32009,1.0299305533040617
32010,0.0990593923674544
32011,0.6952260278316026
32012,0.8343520932467825
32013,0.07937319836963415
32014,0.1110793746895499
32015,2.2735183305080744
32016,0.6128967426882431
32017,0.814536436599737
32018,1.2148766438787153
32019,0.9678263089771479
32020,0.15631720811289468
32021,0.13188605620531207
32022,0.2024014223713202
32023,5.241145126735956
32024,0.35383733527155414
32025,0.7000619841852332
32026,0.0934485090690501
32027,0.1265173140086818
32028,0.22534841430833108
32029,0.4726168849034526
32030,0.6207768006571565
32031,2.2330130562743338
32032,6.330050762706349
32033,1.3169302514027896
32034,0.1718814808050074
32035,1.93781327794134
32036,1.4481473374311857
32037,1.5670872806130964
32038,0.3968542381797228
32039,2.6354355489188674
32040,2.07547508066999
32041,6.809238675041416
32042,2.1127525857705955
32043,3.7732325859565146
32044,0.3490472908032632
32045,1.692456544472202
32046,0.8546110583085782
32047,1.0898542257558446
32048,0.6539777067215368
32049,0.7742274951364368
32050,0.5915673529700961
32051,2.2379868205533873
32052,2.6401051963382294
32053,0.17406707266809487
32054,2.3626920913628555
32055,0.1321918265343203
32056,1.8273718537162411
32057,0.3364194818156534
32058,0.6199819307919819
32059,25.573955620127315
32060,2.1355081813447176
32061,0.5554929054941613
32062,3.2830305187418944
32063,1.3530828400867456
32064,0.09350905278736225
32065,0.6065192281023646
32066,2.8807840905807405
32067,1.0384505860037114
32068,3.7556460887794323
32069,0.6720233581587925
32070,0.3084733201229699
32071,1.2002433238893269
32072,0.39323074420489035
32073,0.10110475081391845
32074,0.7041047310041035
32075,2.4827794700299823
32076,0.4598909017476075
32077,0.34374978131963335
32078,2.1288634478147253
32079,0.26823772644212224
32080,0.4229348723987163
32081,2.683432851756512
32082,0.9519889372739674
32083,0.7181757678788195
32084,0.5612126213450629
32085,0.8001969685654529
32086,0.28370263329928086
32087,1.8594336021017528
32088,0.7612428731045173
32089,0.3258256560230911
32090,0.5743978776478098
32091,1.8048542521139288
32092,1.4385824560813363
32093,1.5285819808234216
32094,1.031810752216452
32095,1.3550891130267817
32096,0.7892288841357376
32097,0.5623384823616197
32098,2.147694204000627
32099,0.10134612671185897
32100,0.2506315414425766
32101,0.3988543835924748
32102,0.7379704860165077
32103,0.5384955028136714
32104,2.554093188649088
32105,1.3410878566081181
32106,1.311179863669854
32107,0.3142694530296508
32108,0.43538228266904555
32109,0.8911188236671044
32110,1.4840185024276307
32111,0.5587497131279168
32112,0.26152938767042355
32113,0.4600886419986631
32114,0.42327203329310487
32115,0.9465198168630444
32116,0.42820945322535053
32117,0.1418692214553865
32118,1.137627480430822
32119,1.8390663754752739
32120,0.7029120528492622
32121,0.26213603033035887
32122,0.893063865184309
32123,2.6654421310977696
32124,2.0773737935032455
32125,0.03654758123212326
32126,2.2525559394546035
32127,0.7169639035976831
32128,2.635020834218759
32129,0.8269474066087781
32130,0.9913313927790921
32131,1.1233655439726091
32132,2.27550973321016
32133,1.143159292174726
32134,1.9118370470932937
32135,1.1338004770763797
32136,5.51883128589342
32137,0.21833424879447622
32138,1.00695693715736
32139,0.08282325997341596
32140,0.1722937399060988
32141,1.0385993675122376
32142,0.32132772090340855
32143,0.41966005746429075
32144,0.2124710435249655
32145,2.259133247746197
32146,0.5745287005187014
32147,1.8141799723195289
32148,0.1595661583147063
32149,0.7994732086683997
32150,0.31830116884681403
32151,0.5896327526510493
32152,0.7055018103547873
32153,4.302894657107835
32154,0.451191594547756
32155,0.38588967490457365
32156,1.4605406520003519
32157,2.0410075357250865
32158,0.5382107699337607
32159,0.6543697405232257
32160,2.418087099820924
32161,3.0798606794517718
32162,5.637862104667842
32163,0.9325812779792888
32164,1.2440789206738456
32165,2.8834671546574766
32166,0.5342545307730443
32167,6.45729263639452
32168,1.5141846722097652
32169,0.8484723601209492
32170,0.2457274561876465
32171,1.425590437725093
32172,5.036936785833549
32173,18.641216963187265
32174,0.5671165661164556
32175,0.11077659785777576
32176,0.10899617762982862
32177,0.3598367639345761
32178,1.9637721954910745
32179,0.26851875436489514
32180,0.3678288201972598
32181,1.2507731342895816
32182,1.1149952557734677
32183,1.608916937736865
32184,0.4905761978393546
32185,0.14288551771203556
32186,0.005546566619705219
32187,0.30503414639969634
32188,1.347392326011193
32189,0.06318236204760755
32190,0.20908206857702866
32191,1.3570444548969212
32192,0.6311188608427712
32193,0.04985945615677155
32194,0.5030830004182018
32195,1.5625609609425284
32196,0.3967800372683048
32197,1.3564250533437605
32198,0.19932472534783138
32199,0.5466214645671275
32200,0.4658394865119841
32201,0.5277451594889514
32202,3.643261677678205
32203,0.7442369433089958
32204,1.612160563702198
32205,3.8901678440483476
32206,0.26027291162975447
32207,0.050526335793862794
32208,0.17540906672178175
32209,0.5969128816444749
32210,1.0172729501742637
32211,2.0195427111230786
32212,3.1670985528450766
32213,0.19160088749431037
32214,2.214640494271391
32215,1.748375152552575
32216,0.38905549162705666
32217,0.4825231092368948
32218,0.6519823180551125
32219,0.29473876721701303
32220,2.355802491023801
32221,0.18998910807007263
32222,0.5762819843264511
32223,1.7184938827220408
32224,3.0975377055936626
32225,0.38342270142622215
32226,0.6374646528698786
32227,0.0968849869789217
32228,4.7092933641439485
32229,1.1404866316641133
32230,0.15938064013608436
32231,0.8012222500668662
32232,2.2959573690772297
32233,1.1298181476595528
32234,1.5040018218155788
32235,0.14934152992733915
32236,0.9753652531026975
32237,1.925828335113363
32238,2.6737814130085975
32239,1.1627167677169736
32240,4.2440532084286735
32241,0.13517852339104372
32242,1.818995222330631
32243,0.2261961556542929
32244,0.8428301793487211
32245,4.0835834134869184
32246,1.8966796495358242
32247,1.1908925386626557
32248,1.2590926024456617
32249,0.7011873704349812
32250,0.459114701527232
32251,0.08934870005581452
32252,0.1843373531520053
32253,0.35527176188621123
32254,0.10055029079752371
32255,0.369542678458673
32256,0.19249876830838258
32257,0.6049517022399304
32258,1.499761020016989
32259,1.0282995714360286
32260,0.9438114262635677
32261,0.8782831516329638
32262,1.1426604113523529
32263,2.042845994537366
32264,0.7147945095601849
32265,0.1834690901272463
32266,1.492484850713041
32267,1.6689040648480806
32268,0.3169562463117945
32269,0.7209024619050753
32270,1.2955804126308896
32271,0.17243816886263835
32272,1.7149891046036663
32273,0.5072645820254018
32274,0.18243195308331853
32275,0.8308373727502133
32276,0.49416209329617505
32277,18.958655364773733
32278,0.6623779799949672
32279,0.14188713621860075
32280,0.5101078278032692
32281,0.07856913188541084
32282,1.5924640740251765
32283,2.665538456001158
32284,0.13495268951552392
32285,0.26973524262128484
32286,0.823822158571755
32287,2.347879840311799
32288,0.035654976920837536
32289,1.5556270862924308
32290,2.368268676706693
32291,0.20619015822600859
32292,0.919874447015497
32293,0.5487504833843637
32294,1.3304089238403654
32295,0.6402107748213441
32296,0.18632023154609462
32297,2.278471888170583
32298,0.6038829294838012
32299,0.23041519780054673
32300,0.27681885894077574
32301,0.8498718045438093
32302,0.6996683240562395
32303,0.9060173437163221
32304,21.125273627374696
32305,0.7389386075369593
32306,0.23135362951688432
32307,4.181562091336738
32308,0.6698050291694874
32309,0.20581221411764236
32310,4.663886476889227
32311,0.2778019681591577
32312,6.187820096869833
32313,2.3294821199728135
32314,0.37516460363837806
32315,1.69659940268771
32316,0.5635431480664871
32317,0.7439306273163713
32318,0.2770276423523076
32319,1.2863920783878797
32320,0.5459500653640661
32321,0.11283737266217976
32322,0.21100123434157322
32323,1.202939566639203
32324,1.2830105658602626
32325,0.638632740337566
32326,0.18027882578373197
32327,1.4805762710002957
32328,0.6168749910606487
32329,0.33416681125950143
32330,0.24195830157816295
32331,0.5598918581889805
32332,0.3192784112327905
32333,0.15307165513452078
32334,1.17850401114109
32335,3.8746819716247307
32336,0.6518199161603613
32337,0.1996158843969777
32338,1.9518759966282184
32339,0.5242239319453768
32340,0.9747932240241015
32341,0.26083012280620904
32342,1.4229620908509852
32343,1.1523919423101183
32344,5.749519318052525
32345,1.4134043755667478
32346,1.1934167560915232
32347,1.391746651253833
32348,0.3131386684077581
32349,0.9813081775571408
32350,4.099666464856626
32351,0.7246956469615227
32352,2.8059576429354682
32353,2.120539308142335
32354,0.27827418107062907
32355,1.322622512444187
32356,2.810238020213684
32357,0.46576759967530673
32358,0.9594083163685657
32359,6.783536970532094
32360,0.4245474576217084
32361,1.9692632943676398
32362,1.0295173013256862
32363,0.47965339023949294
32364,0.3109190605186979
32365,5.347452877142125
32366,0.10575569660343799
32367,4.741054403152121
32368,0.9516040967392985
32369,1.1021463916754575
32370,0.676631870083192
32371,0.36207552590449943
32372,1.7487961927924978
32373,0.1600710858852538
32374,1.105610140160228
32375,0.5616962358637112
32376,0.9961029426777567
32377,1.3650109612022219
32378,0.0638743643251315
32379,1.5151472666052606
32380,1.3915410897573983
32381,0.3730091154390648
32382,0.22326776114664604
32383,0.22297120272988633
32384,0.08356478142758986
32385,0.03359334054200371
32386,1.7108410890265902
32387,0.6590452997969224
32388,3.2051405632603416
32389,0.21461005556865861
32390,0.3904336170158208
32391,0.2907756103579206
32392,0.11418570600368048
32393,1.6526171921856827
32394,1.5446909705716065
32395,1.101029172542962
32396,0.25682713482714015
32397,4.27331622956918
32398,0.27083602212875585
32399,1.2592574982284572
32400,0.20635359725912972
32401,3.5226673696055815
32402,0.2715313965887069
32403,0.7688308214437873
32404,0.545382623016377
32405,0.7171582093893553
32406,0.13515401679414868
32407,0.6325901022379206
32408,0.6365796444964021
32409,1.2267588585137845
32410,0.20290226015516738
32411,1.49978507997605
32412,0.6147713433330946
32413,1.0212866651933585
32414,2.2868141291295765
32415,2.7487349816779956
32416,1.1939179604496908
32417,0.6432168480953147
32418,0.21391622646951236
32419,4.020832271790621
32420,0.7027969260255535
32421,0.0854431376953456
32422,0.2736486255056964
32423,1.7656435692193075
32424,1.7328213103332277
32425,0.13494886841253148
32426,0.7623544686351207
32427,1.440145552451817
32428,0.7717045938026358
32429,0.8368878831439843
32430,1.098536934865606
32431,1.3358989449787866
32432,0.18707587607881337
32433,0.5182768791023589
32434,1.3718288828655405
32435,0.36842354631954655
32436,0.24547250406197754
32437,0.17031855748178637
32438,0.551024388976287
32439,0.8890467464063511
32440,1.2371460853740388
32441,0.2750665291597878
32442,0.3628226142145358
32443,0.22343275767691642
32444,0.48842221650807144
32445,0.03405563299809588
32446,2.041194688045846
32447,0.1333432607766192
32448,3.733667607810153
32449,0.7375262755140544
32450,0.045517621918936754
32451,0.8208548134843794
32452,3.2828761409826828
32453,1.6558164458080356
32454,0.14468909471400895
32455,0.9973537725676382
32456,1.5501626136475108
32457,1.1806497112983443
32458,1.867515732122893
32459,0.25215051850364284
32460,1.6105955809514554
32461,0.7742083197271958
32462,2.723722755867034
32463,2.1211874576751644
32464,0.4457724845902501
32465,0.049922152221427644
32466,0.07751063048473689
32467,0.5750786376564136
32468,0.18525422613483342
32469,5.573477892435955
32470,0.13823588624860908
32471,0.2984839428015906
32472,0.7100603805314107
32473,0.2648130490908507
32474,1.9429746845458062
32475,1.5814566645295336
32476,4.113820338684034
32477,0.6256289181660764
32478,1.7739155140165819
32479,1.2046657827109377
32480,1.790207259295893
32481,6.7209557855873046
32482,0.08838609533269921
32483,1.708147647585569
32484,1.932177980230047
32485,5.635387530231337
32486,0.5518844953975923
32487,1.2260647134083027
32488,0.16079459541570285
32489,0.5511007936356371
32490,2.5314869038038275
32491,0.36657663295568366
32492,0.1571514336616481
32493,0.5766278582092959
32494,1.4904466665072842
32495,0.14836047621509765
32496,1.6371455105367394
32497,0.0772790860736503
32498,2.8404857012021694
32499,0.3280885400830104
32500,0.022522584333763418
32501,0.8690250315317971
32502,0.9604637124220856
32503,0.31340673326163115
32504,2.569430128201695
32505,0.8043339945653013
32506,0.3523547181332345
32507,1.3736663661919446
32508,0.9833854635105113
32509,1.0468552457531206
32510,0.27569707478644967
32511,0.48300254238551765
32512,2.4615792860999255
32513,0.49757951499482844
32514,0.08424693781721018
32515,0.14555276458127184
32516,1.0402209177038217
32517,0.14735783481324288
32518,1.1227484318126433
32519,0.25372338460183447
32520,1.3351160662218866
32521,0.5945447087676746
32522,0.09072070102624771
32523,0.960240456624922
32524,0.4782695035150718
32525,2.211855348677514
32526,0.37796537065164487
32527,2.330704247199659
32528,0.2943877995533479
32529,0.6646543087873353
32530,0.30186457140713835
32531,0.28104980089732007
32532,0.26718208360073337
32533,0.0852114162043704
32534,0.5776393276458315
32535,3.2811339096407224
32536,1.843638287860189
32537,0.09025816836302047
32538,0.3682753616776606
32539,0.0905575317497236
32540,0.844661268632407
32541,0.9249790030629715
32542,0.8286390092030436
32543,1.373990152765243
32544,0.9407447300260787
32545,1.4177334498932836
32546,0.7379191847819009
32547,1.26867252960935
32548,0.5363372988349104
32549,0.14783536988314733
32550,2.823269985657038
32551,1.1036766143276262
32552,1.1285429589689588
32553,0.40727602092561066
32554,1.0610287612158198
32555,0.09251562379223263
32556,0.06607828652167037
32557,0.7651838896947241
32558,0.3535371660786156
32559,0.2937424608220969
32560,1.9515851798284718
32561,2.1640442442562744
32562,3.4845723408499776
32563,0.1340412291910153
32564,2.971743961982088
32565,0.30281517595251434
32566,1.778215248376347
32567,0.7260646927419059
32568,0.5933556467359218
32569,0.3537690289100451
32570,1.214175241399147
32571,3.557634497108999
32572,0.5760626212714477
32573,0.21697120856788957
32574,0.6054738074108971
32575,0.2897887866155453
32576,0.1491682412529679
32577,1.6211236642987736
32578,0.8154114905059775
32579,1.4303671693469155
32580,0.2838120812738712
32581,0.2693838893634222
32582,5.018858847492749
32583,2.9039382968550003
32584,0.4015498003796149
32585,0.8230546972690743
32586,5.31422502758827
32587,5.7349466351866125
32588,0.14410786396496442
32589,0.20906050118111216
32590,1.9150002801666373
32591,0.7742882618351188
32592,0.8151812771135823
32593,1.8013990443972439
32594,0.22174272463115877
32595,0.1737537570755534
32596,0.7748762688964562
32597,1.3895295793058087
32598,0.24947809764491546
32599,0.5800885571317778
32600,1.915569921056627
32601,0.22964107913027398
32602,0.14430638110872165
32603,1.5119751689307517
32604,0.5185537294168039
32605,0.25151113250938495
32606,0.5221681114225066
32607,0.7905850461954982
32608,0.6703279148848803
32609,1.317589352278207
32610,3.2546440022463603
32611,0.6750536015714665
32612,0.5803257620729424
32613,0.4224433980574887
32614,1.5489762709054322
32615,0.4544739205500937
32616,0.0360945088278855
32617,2.360484962257797
32618,1.4982337137116146
32619,0.9490448192569874
32620,0.09255115508972234
32621,1.1643536192290234
32622,1.987923127139209
32623,1.2345169101277402
32624,0.056913770322488906
32625,0.9486037824609996
32626,0.41334457183113216
32627,1.3856390550650568
32628,1.9037364028474206
32629,2.178323009207896
32630,2.708880352713443
32631,0.26713919479381065
32632,0.33421064777830267
32633,1.5453201844156101
32634,0.7709258382010639
32635,1.3164022609445514
32636,0.39312754951226253
32637,3.1624696798155245
32638,1.083632653588625
32639,1.4201752586269751
32640,1.3128217150565014
32641,1.9059102735809241
32642,0.6085391313951647
32643,0.5096952804184427
32644,1.6276521818371903
32645,0.3727685919608462
32646,1.9572453837363426
32647,3.1955617552112616
32648,0.1644632118443341
32649,0.23619141541022357
32650,4.5090026814314355
32651,2.0660658064022854
32652,1.9289960027401662
32653,0.5832607900397229
32654,0.09177817856651806
32655,0.7738993314819369
32656,0.6845276560297141
32657,0.4664971190219702
32658,0.5216358778303815
32659,0.9111519312493197
32660,1.323356562798112
32661,0.9288316458198188
32662,1.6463247846406
32663,0.3795661893236434
32664,0.4687609981874358
32665,1.6119285334960327
32666,2.292329934804604
32667,1.065023149745592
32668,4.183832380835247
32669,0.8018969791014949
32670,0.3728903568308725
32671,0.9658780894236041
32672,0.38348634061824816
32673,0.13554591068397048
32674,10.874417199546055
32675,5.970624875813575
32676,1.5912827531108178
32677,1.1939579564947118
32678,8.392328341794098
32679,0.36701645795661625
32680,0.37685285377064925
32681,0.58843806760317
32682,0.34136110190422153
32683,1.497391800543897
32684,1.005050030492578
32685,0.5519235814091322
32686,0.782377731426368
32687,0.3989665239499946
32688,0.4100709118643581
32689,0.19617596365494105
32690,10.35907906982348
32691,1.8572926875043148
32692,0.9398150969915137
32693,1.9952402250499728
32694,1.465009703360372
32695,2.1450262869259884
32696,1.5207492749410512
32697,0.972415025580006
32698,0.7984432619013164
32699,0.44879992852215783
32700,0.3593720230336746
32701,0.11734245893282319
32702,8.051589811018758
32703,0.313821714192309
32704,1.503765543986399
32705,0.4400743088928976
32706,0.6918059402291747
32707,1.0115960478915844
32708,0.20509220324213143
32709,1.3144472412077186
32710,0.32884769756055343
32711,0.15745433700099679
32712,0.38277625177338015
32713,0.03882255455461772
32714,0.8073886507505993
32715,0.40291063758765927
32716,0.612321393694249
32717,0.39866560263118805
32718,0.01818086921343504
32719,0.39930186780671423
32720,4.5788573771409515
32721,1.2447534278431733
32722,2.191657770344288
32723,0.9004242953303581
32724,0.8938782204392074
32725,0.3092266046370547
32726,0.7857228683081051
32727,3.6420361269248196
32728,2.7220702416369655
32729,1.891880081856296
32730,1.8234715279788736
32731,2.8631663048201883
32732,0.5269699578638665
32733,0.39518317579115575
32734,0.45661972428659814
32735,7.526121013594597
32736,1.8755845343035582
32737,2.1646795433060966
32738,2.3843382035893317
32739,0.5031139480191741
32740,1.049931942748476
32741,1.6679752360530837
32742,0.3907032000972266
32743,2.50007022156978
32744,0.1313114312717843
32745,0.19031444481554474
32746,0.048903339176473805
32747,0.9003693908772734
32748,0.3242787659061291
32749,0.5120205968659793
32750,0.8126420516119266
32751,1.069134548917391
32752,1.296909951291774
32753,0.29638912388651417
32754,0.6167136359068129
32755,0.7792324948328245
32756,1.4941150143033655
32757,1.5213080679411903
32758,0.9920788514633967
32759,0.9218229517874048
32760,1.1740205239737127
32761,0.5015618560000802
32762,0.17582917551157146
32763,0.22704417958023185
32764,0.5855727361579871
32765,1.9962858932133143
32766,0.11496873516350485
32767,1.0228411952093412
32768,0.14566776428275996
32769,0.41794403949967407
32770,1.2152274343402545
32771,0.5099480054935058
32772,0.2549405811611376
32773,0.16666746892652423
32774,0.5181787978999292
32775,1.1806759939164588
32776,0.4622405460689247
32777,0.7175268916423477
32778,0.22497287104213193
32779,1.549503379483905
32780,1.0290529690052734
32781,0.23896620154749193
32782,0.8493562079668797
32783,0.3355213424718564
32784,0.34134835376413497
32785,0.10426178445842273
32786,0.707478049596692
32787,2.5244362879550333
32788,1.9570063326603255
32789,4.042385766251231
32790,7.4506926072282
32791,0.32237696159642426
32792,0.1486704477356731
32793,0.21283508911926305
32794,0.6141198972393708
32795,6.447834165391578
32796,0.33967382826856896
32797,14.829819207146175
32798,0.3100624539280569
32799,0.7146371911810969
32800,0.1843496358375625
32801,0.9035617300309668
32802,1.091546269317598
32803,4.366793123337238
32804,2.1992100224829607
32805,0.2892006023612583
32806,2.1004585220935814
32807,2.668624502666178
32808,0.7449708527900629
32809,0.22246377148447344
32810,0.6174550801024269
32811,4.983440221041506
32812,3.626617429144461
32813,0.1825321575520243
32814,1.5572334641386447
32815,1.2370199917731401
32816,2.3294642999010904
32817,2.3883628905189003
32818,1.6797916995727429
32819,2.5953839623945782
32820,1.4847995775611713
32821,10.564896268697243
32822,1.4317538670280023
32823,1.423605672175384
32824,1.8807616169895405
32825,0.33651882086367857
32826,0.5412118994381199
32827,1.8163146544903306
32828,1.1203794398222087
32829,0.20965578355399248
32830,2.129850040891826
32831,0.9305812031015902
32832,1.3895640288410993
32833,0.5777598928166232
32834,0.2966318239018213
32835,0.21552360825090708
32836,3.6699002794910425
32837,0.11699395903550298
32838,0.4230315124143507
32839,1.3985947758254595
32840,0.1960935000408479
32841,1.5014182146843573
32842,4.9236356453650725
32843,0.20151913725512688
32844,1.1599526818151247
32845,0.11581349086394459
32846,0.6184776594655974
32847,1.0789280363648126
32848,2.4573465175888543
32849,0.34115912989863084
32850,0.8161507066934806
32851,0.6573428893191215
32852,0.21976405831012846
32853,1.3247310488389892
32854,0.18266905799235475
32855,0.0934425145600384
32856,7.881217033353824
32857,1.259308623426492
32858,2.6204686043156578
32859,0.3006990276680826
32860,0.4146338853837471
32861,0.11397821538020768
32862,0.9369338215325533
32863,1.1348147988549753
32864,0.9881133625665552
32865,1.8119665753179472
32866,1.866664324168619
32867,0.6617581303100157
32868,1.0699094347339142
32869,0.2699633620590197
32870,0.22164656059120305
32871,0.8682908730392149
32872,0.925606610217551
32873,2.151956616455656
32874,1.130060448132043
32875,2.193852940210863
32876,1.1597107674865155
32877,2.490458095684902
32878,0.31980659072709505
32879,0.8473633651390402
32880,0.08635054283517611
32881,0.08414873393135296
32882,0.3075872661879682
32883,1.424009284758938
32884,0.13571649139529887
32885,0.05543557706681428
32886,1.2804488864034373
32887,1.8785574073240592
32888,1.6507268645786621
32889,0.6235249791214357
32890,1.7888156803188564
32891,2.1332413486798636
32892,0.1079397641498379
32893,0.5293999598524
32894,0.7235551980101538
32895,0.7974315152603102
32896,4.284822978862462
32897,4.483094597065238
32898,0.3225264119206496
32899,1.3962580969445715
32900,0.17847740099594528
32901,4.965670824526569
32902,4.734223013618595
32903,1.9747053626728317
32904,1.4083307210008285
32905,1.3434710585031804
32906,1.1581584125329063
32907,0.6242550713135818
32908,1.6806447971086926
32909,4.5709312583658495
32910,0.1600271250217746
32911,7.068768094708174
32912,2.7447368850241407
32913,0.15260509248710472
32914,0.6591710753114915
32915,0.11064286460684174
32916,1.1453293551994341
32917,0.33648846291698153
32918,1.975484457162569
32919,1.8422988161053457
32920,1.263715059150665
32921,0.38073495977456695
32922,0.5703859876570363
32923,5.399606679395748
32924,0.6812843238209165
32925,0.5681124586926474
32926,1.216643313883433
32927,0.28349740161362813
32928,0.14706821037190745
32929,1.0022122129812752
32930,0.2012826813209626
32931,0.2509606337491406
32932,0.7765390935971371
32933,0.44198026725583217
32934,0.11465930495896208
32935,1.663873991606383
32936,0.09411971569670492
32937,1.53071315828164
32938,0.707548671515266
32939,1.5761638479203577
32940,0.2567294553463445
32941,0.5027021235148532
32942,5.148547306181837
32943,1.2971047260947919
32944,1.4188217814752069
32945,1.7534268480241293
32946,3.626211110110906
32947,2.4952630459322536
32948,0.6805425048964713
32949,3.822251016042078
32950,0.08966234492521659
32951,9.198173908218143
32952,0.25324718152142267
32953,0.45768523417001516
32954,2.573318781210874
32955,0.266974922727871
32956,2.6963810715237475
32957,0.42317035713109286
32958,2.1075723632807803
32959,1.8151069937859177
32960,0.07651883047453999
32961,0.037083424650518816
32962,0.10609727222278699
32963,1.0420783950685626
32964,0.15789797064125716
32965,4.285115848874618
32966,0.7425172446001277
32967,2.95553891639181
32968,3.374450334929771
32969,0.8714088153953344
32970,1.1489616371267313
32971,0.1478477391670392
32972,0.25217812224800856
32973,0.08483494019577166
32974,0.039315267923406186
32975,9.234516385884602
32976,2.7432190687746174
32977,0.2707708420299628
32978,0.6201343006799122
32979,4.777755056827204
32980,0.3957087427807004
32981,0.24876476793998356
32982,0.26283042249651767
32983,0.536946009172864
32984,0.8312633103669148
32985,0.2755871668222355
32986,8.507424187739243
32987,4.247105821978728
32988,0.16032971908020766
32989,0.5508414320479298
32990,0.09919820885810617
32991,1.4684185641020107
32992,0.5519840570439439
32993,0.38517492577515916
32994,1.2558056203008312
32995,0.8889667498429763
32996,0.7418225776060178
32997,0.19767355522459784
32998,0.40410206095199896
32999,1.0115717959797683
33000,1.2220699346481547
33001,0.8256860801914321
33002,0.33413491263873896
33003,0.47641098577496316
33004,1.905845854683377
33005,0.26932504608415503
33006,3.0747187936735805
33007,0.6922489122727256
33008,3.0088100497846373
33009,0.5067029931260134
33010,2.171813290342431
33011,0.15553794004890334
33012,1.0045628771457185
33013,0.4135656561822155
33014,0.06643009272794717
33015,0.20888569979354943
33016,4.342805731718466
33017,1.1283979585804345
33018,0.31991336705845663
33019,0.20753242205209255
33020,1.3478003235451261
33021,0.13579171422799105
33022,0.5249356008075468
33023,0.12752916338611364
33024,0.24631628563643856
33025,0.11372709659423373
33026,0.1661042402536219
33027,0.35472877705882827
33028,2.21481969428978
33029,1.0291009816210206
33030,0.7491099970192165
33031,1.3094794253864475
33032,0.8743788463642159
33033,0.27122202298548626
33034,0.12638014292781496
33035,0.43062321138724874
33036,0.773422681180332
33037,0.7346736259919517
33038,0.5425688547029688
33039,1.2737170805885767
33040,1.3386387926533994
33041,1.3926663965464494
33042,0.40507249481148194
33043,0.5966051400946806
33044,0.5597366321506327
33045,0.11029537111852104
33046,0.22743078464348776
33047,0.27286799399807593
33048,0.4837813303303078
33049,0.08354898571799754
33050,0.12055039858739265
33051,0.2717850088384212
33052,1.8168501278332037
33053,1.4389758534728054
33054,0.4499373887834487
33055,0.6348691246660693
33056,0.5577366344701258
33057,1.1541821973421362
33058,0.12182732797665106
33059,0.1639624707694896
33060,0.2234513444624186
33061,0.829775674829269
33062,1.3443205768619568
33063,1.1141148495450075
33064,0.5546495353597184
33065,0.6722147708920652
33066,2.2302842973767696
33067,0.5614844663833096
33068,0.10145449639015153
33069,8.209651064304406
33070,1.857220160906642
33071,0.4681029087107807
33072,2.776977848990816
33073,2.9640861449333213
33074,0.7262750833580319
33075,1.6808860621628146
33076,0.5886941254244187
33077,0.5675441311754199
33078,1.1849077763230915
33079,0.25902666968735244
33080,6.34562161286222
33081,1.2261243219130644
33082,1.728102630780051
33083,6.840285925326599
33084,1.56212749793917
33085,0.12999212515192085
33086,0.5458401771666829
33087,0.10148561977759829
33088,0.860516751425492
33089,0.5243969034392889
33090,0.426486043279814
33091,0.27609092403867996
33092,0.3147289940427803
33093,3.8189968597501074
33094,0.24554658920174316
33095,5.136841248115834
33096,1.1958415518323664
33097,0.2737500167642829
33098,1.2156373089092614
33099,0.9172224775252359
33100,0.3617708927633554
33101,1.929789817879794
33102,0.9892912281607684
33103,1.4274182744713286
33104,0.5336496014722981
33105,0.20875200583849912
33106,1.4928141350462696
33107,0.08302443806514699
33108,0.06455200157583428
33109,0.15652853551204535
33110,0.5745053883513814
33111,1.606499380409864
33112,0.9058263647600377
33113,1.6223232836965236
33114,0.12317213928306643
33115,0.7936311246773909
33116,0.28953324773852446
33117,0.23927964135574178
33118,2.132059620384974
33119,1.9477136863508369
33120,0.2942267739647758
33121,7.145873730769203
33122,2.509963149903832
33123,0.1855684776713598
33124,0.4246797647490776
33125,0.8874774722127133
33126,0.8641871059041982
33127,0.4931908329837362
33128,2.5992530889773424
33129,0.2720077913078812
33130,0.961290410992937
33131,0.4116676625998366
33132,0.3725458124198663
33133,0.5491999516370407
33134,0.663236275035299
33135,0.8151316326235312
33136,3.1138330392815967
33137,0.3215733491625765
33138,1.1690025016820687
33139,1.0257386827110078
33140,0.42672810711380327
33141,10.884036022019222
33142,0.2161935763388012
33143,2.866202132339206
33144,1.5295279871663987
33145,2.406188137403565
33146,0.4667097793997497
33147,0.9484017447132842
33148,0.5097719151962959
33149,1.9811479986527718
33150,0.5829433342867996
33151,5.093706531665151
33152,0.7202636281699486
33153,0.7732603824501709
33154,0.3383899883295038
33155,1.4230985124592146
33156,1.3367828145897118
33157,1.4238282798719077
33158,5.127972377997228
33159,0.516916478349423
33160,4.059145544619824
33161,7.672010507775108
33162,1.1984897974518205
33163,1.749225413268258
33164,0.9675403035922966
33165,0.923604490506406
33166,2.5271265163164744
33167,0.3075885130885311
33168,0.23521591078336263
33169,0.40648395675099186
33170,0.3825817354338012
33171,0.3484045044724888
33172,5.826876573370783
33173,0.2506843091419375
33174,1.1210291768483382
33175,1.1653523513640593
33176,0.6880758282390264
33177,0.36850750839383406
33178,0.5042993191411932
33179,9.536884172870256
33180,1.6318214947452816
33181,0.7562965802123292
33182,0.30618700445261177
33183,4.180355263243916
33184,0.3268376283463265
33185,0.9541455012303512
33186,1.6497569736353264
33187,0.14413312122203778
33188,0.911159702182095
33189,3.41665911710151
33190,1.97066858393855
33191,0.6234620145930315
33192,2.0576055271380316
33193,1.8603680984278688
33194,2.1453787035058585
33195,4.625234225822907
33196,2.5129471070397638
33197,2.941858858662522
33198,0.6579075406170868
33199,0.9655754988455179
33200,4.597388229267528
33201,0.09197440837820887
33202,0.24683362749400461
33203,1.409953641556855
33204,0.5718981982670459
33205,0.1321016713055675
33206,0.12871319530136655
33207,0.31489429809202496
33208,1.2858658917172383
33209,2.8507682952160986
33210,1.4241570564513497
33211,0.24877760343422056
33212,1.0509352229046738
33213,1.9932932103741017
33214,0.1047821934246564
33215,1.3207209814483483
33216,0.9444113230665314
33217,2.103486286090726
33218,1.600601307027858
33219,0.21026295019298596
33220,0.2910983210319567
33221,1.798192932903559
33222,0.9744862568525102
33223,0.10063782645679425
33224,0.14094218760890434
33225,4.246675255676549
33226,2.2568734841556393
33227,1.2641779013788264
33228,1.079307759532786
33229,0.2694680681657059
33230,1.61105082970685
33231,0.699177173326125
33232,0.6029994846349972
33233,0.10271030068409533
33234,0.24216803045271765
33235,0.8189787501099194
33236,0.12396353275129092
33237,1.0124383335910931
33238,4.1836521926088395
33239,1.2342871690085968
33240,3.468693705325442
33241,0.6525876429355549
33242,2.0253693642745056
33243,1.6087434935614995
33244,1.4805742849690615
33245,0.16189048789601254
33246,0.19069126508861567
33247,1.5235614576604841
33248,0.18670583570173663
33249,0.9065814039474364
33250,1.1382351369872168
33251,1.128795246225898
33252,0.9653058734584923
33253,0.51912184287139
33254,0.4901241309144512
33255,1.0790246439624342
33256,4.44206325140047
33257,0.3957285541522424
33258,0.2747688871053011
33259,0.7071728834918066
33260,0.2745524024194954
33261,3.4010549599896756
33262,2.2676506780691468
33263,0.20833437789700576
33264,1.5239989000695533
33265,0.18865181595548886
33266,4.401807406258724
33267,3.672841218683442
33268,1.0634258097176852
33269,0.07917706698719179
33270,1.2396692041805717
33271,0.7973865163437532
33272,0.23966101008781882
33273,0.12065780278400699
33274,2.9183144715070446
33275,2.2456763473970267
33276,0.19934332733391028
33277,0.7128012164908234
33278,1.2973699638785103
33279,0.20974598169514644
33280,2.0104000412250507
33281,0.2299083171443796
33282,0.4868942623805341
33283,0.9531056972701323
33284,3.468182475047756
33285,0.6005169723445372
33286,0.3101557910247125
33287,0.11770877341366207
33288,0.41613621168183557
33289,1.935468193215156
33290,0.3020287564944986
33291,0.8157230938294293
33292,0.2787481440717919
33293,6.906713098165718
33294,2.843694036282408
33295,4.8720860083518325
33296,1.0087782805944825
33297,2.26769730045452
33298,0.3163683308695018
33299,1.5787736176538258
33300,0.4244350542255821
33301,0.8968854502998355
33302,0.139378245727201
33303,0.32555796142400106
33304,0.6088914484888887
33305,0.27849775083567613
33306,1.7268754610492931
33307,1.9476882788690486
33308,0.691039480662968
33309,0.8317059029006344
33310,0.13002549464857788
33311,1.048774852822021
33312,0.4606003235825337
33313,0.2365221494239787
33314,1.0467285597414029
33315,0.30371544748819107
33316,0.24937812897602465
33317,0.14313619592325993
33318,0.5295848032550451
33319,1.0582452261529793
33320,0.5768707719608258
33321,0.9314813236375932
33322,5.736492950931273
33323,0.08218567047145207
33324,1.1181830596936688
33325,3.2623865949716153
33326,7.349878200647409
33327,0.3706535338786867
33328,0.17090192174258154
33329,0.8857321121771923
33330,0.8989891760052158
33331,0.9737574052205351
33332,1.5298758698722013
33333,0.29603993554393976
33334,1.5259508078984871
33335,2.34500578182432
33336,2.8251597806132707
33337,3.7288642661981646
33338,0.1260885783748694
33339,0.3801752875023076
33340,0.36791167913370826
33341,0.29645677581233754
33342,0.9059559592608749
33343,0.29934202539471566
33344,0.7385092187713956
33345,1.8425563826351556
33346,0.29299876194859253
33347,1.1333376231877552
33348,1.8121788971453723
33349,0.16232284695537752
33350,1.3828300974122523
33351,0.7593144775907811
33352,1.027740128861773
33353,1.2601525214127771
33354,0.2619866605251789
33355,1.222086499535232
33356,0.5452052619983111
33357,0.10693987179351608
33358,0.7295584232259457
33359,0.1608445528581859
33360,0.943575927147589
33361,0.8296505014880661
33362,0.4164243018023705
33363,2.175371384657018
33364,3.494315312348647
33365,0.44384362042391673
33366,0.20651791114178006
33367,0.21570537590021674
33368,0.7901942000497326
33369,2.7393868675956488
33370,2.2395477312129755
33371,0.3516457600346413
33372,0.4656472706607122
33373,4.746304107045218
33374,2.0783502883010425
33375,0.3196715702129562
33376,0.9474310141455161
33377,0.23024080734697858
33378,0.14812911521445082
33379,2.722106049916504
33380,1.28646446765854
33381,7.628524702019458
33382,0.10999579651520403
33383,0.9670781606935176
33384,0.7349975136397089
33385,0.2970546294889336
33386,1.2859687575463592
33387,0.3706078869650882
33388,1.15489315055384
33389,0.09313743620168834
33390,3.7034979748192787
33391,6.323426938765158
33392,1.3426886019971638
33393,5.25729171622362
33394,0.6700603115337035
33395,0.277948101450005
33396,0.6701069913574366
33397,1.7386592841282917
33398,4.175003586487992
33399,0.2430699691154534
33400,0.13806541480394183
33401,0.15459396999256914
33402,0.12032401239912305
33403,0.4801450305152224
33404,1.2050789609521413
33405,0.7882634517708752
33406,1.176482830355115
33407,0.09227719788513349
33408,0.17588108216784618
33409,1.0543434556382605
33410,0.5161477129729328
33411,0.8581183408709513
33412,0.7071814997655388
33413,1.6811648191273172
33414,3.873396834907797
33415,0.6354317262995051
33416,0.12757382729914685
33417,1.389571715236591
33418,0.09044808269080058
33419,0.28658214755641753
33420,0.4093537272597779
33421,1.210788635597381
33422,1.958799661323985
33423,2.1319713435694156
33424,0.07197896618358797
33425,0.24772724201320476
33426,3.0610854050049254
33427,0.8614115832729944
33428,1.4559108105140137
33429,0.901346534208787
33430,1.399636412968373
33431,0.5861049216805652
33432,0.9236500195480492
33433,2.274937359681528
33434,1.1674507245612957
33435,0.6364590536808626
33436,1.322055550153236
33437,1.9863365339209296
33438,0.3539877091334126
33439,0.7627474120336666
33440,0.5302181805091591
33441,0.4364316555554228
33442,1.602025426357471
33443,1.4158192912919167
33444,2.544602678869917
33445,0.8669032468552877
33446,1.701779198698804
33447,0.275201205832854
33448,0.1461834919605302
33449,1.2584900159863421
33450,2.036672141398644
33451,0.43460635776493195
33452,0.4618397876453005
33453,2.4153138977073114
33454,3.2603512681847535
33455,0.8824424374278805
33456,0.14350744344261468
33457,1.898850041175034
33458,0.5563621092654853
33459,3.956314978093951
33460,1.8850411040162924
33461,1.0485995260594378
33462,0.658245881942463
33463,1.0894501116430273
33464,0.24238762265996397
33465,5.078317445878772
33466,1.450011863454174
33467,0.5167601775664241
33468,0.414373132476359
33469,0.21530323762494463
33470,0.18189595184679053
33471,4.647487288122992
33472,0.45102556745376193
33473,3.5557977377064596
33474,0.08990559484819806
33475,0.12831876577903908
33476,1.2070364513360585
33477,0.3721055717818351
33478,0.5207461651763782
33479,1.2293723967625945
33480,1.9757660244161919
33481,0.22728964076865069
33482,5.176452796923524
33483,4.138529866666971
33484,1.7668387282747209
33485,0.5486866549805962
33486,0.5696362096258816
33487,0.11482526392931786
33488,0.7257906593161696
33489,1.0087086164324754
33490,0.7782439868478052
33491,0.21752216855993212
33492,3.0294273441537047
33493,2.748193547416572
33494,1.7558167368742266
33495,0.2688570079488944
33496,0.304582684532379
33497,1.5747333555591128
33498,0.9463788646384398
33499,0.5941229493749068
33500,0.12870706045026264
33501,2.237632510426513
33502,1.89751676689306
33503,2.0461983968721995
33504,0.44229256046519905
33505,3.0161036313992082
33506,0.3970864328477014
33507,5.832234195160928
33508,0.4847050532276005
33509,3.802569771052712
33510,0.5936359114698502
33511,0.7382477148947123
33512,1.2225922202042383
33513,1.153325069597715
33514,1.618500567550173
33515,0.1595368459440253
33516,0.3064369293967763
33517,0.1662221172603224
33518,4.166022530452419
33519,0.21378927848413928
33520,0.2382666626177084
33521,0.17872838261187218
33522,0.8269472561476338
33523,1.8439654820565008
33524,0.186019473680037
33525,0.35287899762245734
33526,1.4518021922307949
33527,0.2526151978077204
33528,0.12832822654296827
33529,0.16182285151118342
33530,1.5558264701590037
33531,0.44331900547543746
33532,1.3748149394004572
33533,1.3695374903670774
33534,0.4980288914869696
33535,1.0685626890265605
33536,0.4177307086051471
33537,2.456391704037897
33538,3.6305413963790176
33539,0.6724339226640065
33540,1.4836505168783247
33541,0.7154474174151605
33542,1.4243225925042529
33543,0.3928573142842539
33544,0.07397082773586296
33545,2.011117789836407
33546,0.1986770387975198
33547,0.33652410390763154
33548,6.200551023855997
33549,3.0165257110890793
33550,8.086778412077216
33551,3.0819481140786076
33552,0.932944774388919
33553,0.36146884071766994
33554,0.33539983230131054
33555,0.2119705611055425
33556,0.015380575533081883
33557,0.5200282526213763
33558,0.8307132851590284
33559,0.22715439126896303
33560,0.20858243322323627
33561,0.7293486164162278
33562,1.3865753228175364
33563,0.21362852367781665
33564,1.718708846567617
33565,0.03060518792900969
33566,5.474796841630891
33567,0.7133728493563669
33568,2.4083014367604125
33569,1.2124583579600676
33570,1.8260287799520392
33571,0.11662783180583845
33572,0.1913472726375814
33573,2.143768026957014
33574,0.4069939112434527
33575,2.8645047371938888
33576,0.7612343082978488
33577,0.9161064411713253
33578,1.1448538893324967
33579,1.1565719382059545
33580,0.12166426603666301
33581,0.26008221451415203
33582,0.3113731447376913
33583,1.0626036916123318
33584,0.7308519284491699
33585,0.9636464321766188
33586,3.219870017804755
33587,0.19889042690049843
33588,0.859660192788286
33589,1.385793307944434
33590,0.3137983669432139
33591,1.266049413860038
33592,1.4521658211758788
33593,1.0591504821418471
33594,3.247137647725071
33595,1.565091397674956
33596,0.7182070715054166
33597,0.2657942814432194
33598,0.6677568152234703
33599,3.0816635091245024
33600,0.11963959429159382
33601,1.9874393454769759
33602,1.557847415823471
33603,0.13907394267745304
33604,1.1201602886618127
33605,2.7930475623229225
33606,4.509917814915042
33607,3.0845962972089898
33608,2.5082607854339845
33609,0.39399951031553065
33610,0.456602299061895
33611,2.875574513496137
33612,0.602706308651123
33613,2.3156908860978302
33614,0.41993762295713993
33615,2.817555830980412
33616,0.3544841110638454
33617,0.0521801475662545
33618,0.6897612941746882
33619,0.8047410253153047
33620,1.9025486127992919
33621,0.1193001804683706
33622,1.5807526376653513
33623,3.3816332344621123
33624,2.315381626551585
33625,0.42270955876153954
33626,0.24213632818963493
33627,1.321838716107001
33628,1.6070324860707808
33629,0.07776640169036646
33630,0.05059507148262945
33631,3.3934418496818215
33632,0.8015702116741026
33633,2.8459307295411227
33634,0.700319248785349
33635,3.083988029486973
33636,4.154300551807801
33637,0.3740456507448699
33638,0.7282919858593075
33639,0.550566442307897
33640,3.0363476946777337
33641,0.09799155847178094
33642,1.0735964575441341
33643,1.2986282537197344
33644,0.21349794754110402
33645,0.1259136999934807
33646,0.129713464335049
33647,19.23654172013741
33648,0.3734999264615203
33649,0.9496352800164837
33650,3.36609730614901
33651,0.27935046965020394
33652,0.47371843586205387
33653,1.0735301225586233
33654,2.370928134961934
33655,0.08161537838368459
33656,0.208320585631931
33657,0.36121835643886246
33658,1.1925386735295456
33659,9.132546106067824
33660,6.787060355356757
33661,1.441003824287366
33662,5.775558045323986
33663,1.0661139530361978
33664,0.22449093382316473
33665,0.3618632998396683
33666,2.479763215124619
33667,0.23508679746052397
33668,0.15512583693999088
33669,0.6296288427074244
33670,1.30469266668656
33671,0.49719111505403035
33672,5.781762606522903
33673,0.5825557916832064
33674,3.56355541394389
33675,0.04811305876601046
33676,1.0808999913773867
33677,23.634594442280385
33678,0.5144771924497066
33679,1.390249022436998
33680,1.4186147460378815
33681,1.2930685200072258
33682,1.7638183325067982
33683,2.0697194014851052
33684,1.2807905545686504
33685,1.2373411320434753
33686,0.21203887296881796
33687,0.4423047298680266
33688,6.564915287344609
33689,1.8798874887862125
33690,3.9217163423046695
33691,0.16308045072048694
33692,1.3229851109965636
33693,0.04372943703686046
33694,0.9682006651917727
33695,0.5454504097401992
33696,0.2595135342066983
33697,2.875744140595401
33698,0.5940671653958176
33699,7.630901558054911
33700,0.33730939202026655
33701,0.4649790894681576
33702,0.7323899160268932
33703,0.43508575259695625
33704,0.33270413624528966
33705,0.3700294497415044
33706,0.9595983445554651
33707,2.753907012123289
33708,0.6000358944463068
33709,0.47222706671933246
33710,0.40525146925595934
33711,3.1168287688785714
33712,0.8559223748128355
33713,1.1911642066278276
33714,0.9634746376954806
33715,0.8954972474016816
33716,0.418830239817679
33717,1.1137989298851645
33718,4.369900604786854
33719,0.4609568283076937
33720,0.6257622823200248
33721,0.27614044603185967
33722,0.5842846932071556
33723,0.17742992980585107
33724,0.0992532619021916
33725,0.13279078337960737
33726,0.24108441590282648
33727,3.232156376863118
33728,0.9972369274835907
33729,1.5448049665001597
33730,0.226571255219984
33731,3.087932381427314
33732,0.31986533299162995
33733,0.8423644110404858
33734,0.880681231055062
33735,2.2525392476638104
33736,0.19752177070030402
33737,0.8932940676886129
33738,2.3329044055620347
33739,1.0697807277703353
33740,1.4958456340125823
33741,0.8132153802822303
33742,0.14714684778400458
33743,0.9597639676455264
33744,0.09963114144878962
33745,0.4186925377229016
33746,1.339980818484965
33747,0.7284871396119609
33748,1.383920759691461
33749,3.304349217849024
33750,0.3835644501285527
33751,3.1802072601986735
33752,0.5310763488934922
33753,1.449363796609356
33754,1.9178574140060158
33755,0.11853808109223257
33756,0.3564846120880242
33757,3.4910588837921996
33758,1.4940831921365778
33759,10.163337215901466
33760,0.6521415793828479
33761,0.932093489735614
33762,0.76827753528136
33763,0.9750054525867888
33764,0.6265006143926848
33765,0.45760355957020865
33766,0.2162190747406839
33767,0.8322996376293909
33768,0.5195275856938321
33769,0.07777730695291774
33770,0.3684018797540023
33771,0.31975753802809276
33772,0.9331240049795364
33773,0.15929259802953086
33774,1.3332240173409293
33775,0.367404457697579
33776,0.5497664739308403
33777,0.045469371256989584
33778,0.09255366156840285
33779,0.2732508241910795
33780,1.4917204337676477
33781,4.145760253400597
33782,1.5660572876336654
33783,0.45105436312718905
33784,0.7069186952862273
33785,0.1672644984891526
33786,0.5085854037356707
33787,2.0937857812275484
33788,0.8661531083946357
33789,1.6985709139994583
33790,0.02248497185531595
33791,0.6136981397103072
33792,2.336498458949546
33793,0.21956438851387217
33794,0.1694519713175957
33795,2.550610195450595
33796,0.3841687438271517
33797,0.20848529283108982
33798,0.21196957024456192
33799,6.722155025276676
33800,0.22216658205074896
33801,2.61876873426718
33802,1.3341629734138005
33803,0.27777000709492455
33804,1.095536766530926
33805,0.70804805590877
33806,0.06522246238306234
33807,0.3615107247540581
33808,0.17531321331696934
33809,4.266083430405351
33810,1.0949542100895018
33811,0.1005078403112134
33812,1.5986738841502413
33813,2.9269155785779666
33814,3.633810486814006
33815,1.2873477253679941
33816,2.461107314741026
33817,0.3495199971077906
33818,0.19695656619930912
33819,2.640509232742579
33820,1.1722561810167718
33821,3.611412027624636
33822,1.1305621166829807
33823,0.6977035338810667
33824,0.23656994300793918
33825,0.11748797693220357
33826,0.29763717164737596
33827,0.42091992873881
33828,1.193780310549292
33829,1.7931248364006231
33830,4.446061590342011
33831,4.781989575315248
33832,4.588932130236379
33833,0.48018577715407834
33834,0.4465199274623232
33835,1.3008213894035912
33836,2.033065057871929
33837,0.3988896803025358
33838,1.093589870201333
33839,0.3838765443300796
33840,0.28560817247515546
33841,1.1121772607598535
33842,1.4516028365488918
33843,2.7460707218590126
33844,0.11386913677586034
33845,0.25566558073781137
33846,0.6742000362173545
33847,0.05570698323143154
33848,0.1082125995027767
33849,8.782921046200212
33850,0.4463975175150065
33851,0.11428688389067056
33852,0.1252334020614483
33853,0.899741704260589
33854,0.500345480585173
33855,1.1047353374157471
33856,0.7355358232089234
33857,0.14409209101193898
33858,0.142063896340137
33859,1.4820616000395614
33860,2.7183109300555697
33861,1.1203446999090536
33862,3.810014055554683
33863,0.26019073308678775
33864,0.6670690005597829
33865,1.9440945320895826
33866,0.7699168619672465
33867,8.046432213620069
33868,1.3129890549099783
33869,0.3713476315050571
33870,1.706817512325135
33871,0.9368362322379221
33872,1.0422324933197564
33873,0.6573843485014583
33874,0.6448788212923137
33875,3.679744368884745
33876,1.7017606341013554
33877,0.5092048369456902
33878,0.578652380510298
33879,0.21010399789334347
33880,2.770591732047007
33881,2.677254780634701
33882,0.4921465716620526
33883,1.1425251150667455
33884,7.998198780726393
33885,0.5277874324855242
33886,0.2337509812546378
33887,1.5112418106702787
33888,1.9945753682905596
33889,1.370962500264135
33890,0.6807820322824792
33891,0.6949595074333572
33892,0.09303169283197273
33893,2.3868319980101402
33894,0.32756488215324275
33895,0.3060160485176905
33896,2.445564892934547
33897,2.4228293213508048
33898,8.49129389936033
33899,0.9238368801436978
33900,0.7149183723439962
33901,4.533618169140842
33902,0.15605554797933113
33903,0.4416968900474545
33904,0.7529078395038831
33905,0.12079802944643493
33906,1.702064468747507
33907,1.2224258443741127
33908,1.867358408660421
33909,0.6219273338855278
33910,0.7504898018988829
33911,2.0234519142868646
33912,1.0570423321086526
33913,1.435406870425237
33914,1.3238307423406341
33915,0.44349554721537615
33916,0.5147878080458631
33917,9.52174148676966
33918,0.03995979371255567
33919,6.930365279105968
33920,1.369956561829054
33921,1.9467604931082971
33922,1.2309491852882848
33923,0.8402245181407029
33924,0.20261714492307858
33925,3.0477188833396127
33926,1.7542117528545638
33927,5.440814554890919
33928,1.4659188279128794
33929,0.5306731562550597
33930,1.2631143186047584
33931,2.310148354895251
33932,1.0753987946687924
33933,0.4782938455779035
33934,0.1570677326398959
33935,0.43947161447609323
33936,4.2922421943456435
33937,2.043412799881982
33938,0.16779024833661993
33939,1.931982669986975
33940,4.250602828727917
33941,1.5331300577619347
33942,1.3362284440798775
33943,0.15521558025203497
33944,1.0243075587978516
33945,0.5382933464583454
33946,0.6584235661281654
33947,1.1316865947965107
33948,0.4192590984214614
33949,1.7197557634436023
33950,3.574211900620703
33951,0.3952668402652674
33952,0.46929955757887204
33953,0.6127752146477243
33954,2.1930346580926434
33955,0.06594371979427396
33956,2.8749199178257383
33957,0.12108378828712808
33958,1.021654522968361
33959,0.7000901301305431
33960,0.9372374921396847
33961,0.17203028408318868
33962,2.5041870165266333
33963,0.7411385075441379
33964,0.8816662924432483
33965,0.5447835907905032
33966,0.21316977918772456
33967,0.1309733830107263
33968,2.7304309601456196
33969,0.6971563869658314
33970,2.4349151677611274
33971,1.3198476792393457
33972,0.2031825883704334
33973,4.237958292340209
33974,0.281324626035275
33975,0.7638800907852644
33976,2.630698058009424
33977,1.052037446347851
33978,0.24189026188373744
33979,2.075568151486622
33980,0.3224765972656343
33981,2.403612508463802
33982,1.169417916277043
33983,1.1484232375389338
33984,1.4005951842766686
33985,0.8071330299901888
33986,0.18170311848591325
33987,0.12095165174825391
33988,0.561903758863822
33989,0.1515724675948368
33990,4.847054753276489
33991,0.23884826945292698
33992,1.2878058615678156
33993,0.8974483544839421
33994,0.29063294193596495
33995,0.46643439911033846
33996,1.4936538528366277
33997,0.17815288801767765
33998,0.5028937143909841
33999,0.2774137157974006
34000,0.07262744588150635
34001,0.5528900502036536
34002,3.0252988216939336
34003,0.7600983727862766
34004,0.04692584910000712
34005,0.324023692183446
34006,0.24746275790170827
34007,0.420080297854422
34008,1.3710459271564417
34009,0.9790886781277872
34010,0.1000897017176682
34011,1.9348531598842995
34012,0.6608352032518128
34013,2.5715197748245653
34014,0.9813313772971287
34015,0.904658508163308
34016,0.894424409168755
34017,0.12716465278361547
34018,0.24076792123429577
34019,0.9333511404805862
34020,1.2871904618672303
34021,3.3564539941701
34022,1.838990518546265
34023,0.46018818767953446
34024,2.2471843842734494
34025,0.2451620476302429
34026,0.41873956969212933
34027,2.6675469152313998
34028,1.6626949831053734
34029,0.08336037549814074
34030,0.19464052864029563
34031,0.1434475132615101
34032,0.09027566926006422
34033,7.498880581476133
34034,2.116920843280716
34035,2.877042465472671
34036,0.5300021223272672
34037,1.2343633455709628
34038,0.09032712220440402
34039,0.3011711895517009
34040,1.2371150694106658
34041,0.2776751655015085
34042,0.644923507571745
34043,0.9108670232134688
34044,1.0067393876758712
34045,0.4612640754435979
34046,3.565267164008705
34047,0.5500583765685958
34048,0.19888539334632752
34049,0.7562689654119776
34050,0.9556739446026444
34051,0.7081398592232843
34052,0.11194118044905423
34053,1.3911335206561866
34054,1.019931786009897
34055,0.38470522587284695
34056,1.0502547217675848
34057,0.1872490168363428
34058,0.29109503928573915
34059,0.6146924698143312
34060,0.140047122316198
34061,0.07806431335255494
34062,0.6586761433145547
34063,1.094865446302715
34064,1.266895066867882
34065,1.545576284854097
34066,0.7764894231061924
34067,3.5934493067913342
34068,0.5022280422781826
34069,2.3858722416061093
34070,0.8384337083362935
34071,3.944579716170472
34072,5.219988788479716
34073,1.4253886754391483
34074,0.9224250240684346
34075,0.2646407910744297
34076,1.1366816286417076
34077,0.6715943064998742
34078,0.9950544147849093
34079,1.413061089489759
34080,0.6472129069097572
34081,1.2843201817661054
34082,0.06975740012062617
34083,2.9646311529458935
34084,1.74468367864247
34085,0.3446934935469086
34086,0.3981456888448307
34087,0.6808001927641844
34088,0.08482087929399909
34089,1.4939949952150777
34090,0.3787761546365218
34091,2.1995298274801387
34092,0.3615840891610464
34093,6.184645027674227
34094,1.1049473771769167
34095,1.9145598997959288
34096,0.709263409485192
34097,0.49279052093620396
34098,3.1741469000127474
34099,1.0141678592034162
34100,3.7290386803047397
34101,1.660513225768956
34102,0.05784906921574541
34103,0.4293821075205583
34104,1.6648763806623117
34105,1.728590659902023
34106,1.9102811514427678
34107,0.14748279418307822
34108,7.16360970265812
34109,1.9477363299279107
34110,1.6384231290907778
34111,0.08644607405261119
34112,0.7501845573384808
34113,1.7244316685768009
34114,0.06607657354057721
34115,0.3792643617354337
34116,0.3363187921580831
34117,0.1436040376943939
34118,4.978513517130552
34119,0.06177575005635734
34120,0.119458974037966
34121,0.21223028453455342
34122,0.1770264158621026
34123,0.11948895032284727
34124,0.25390387253662217
34125,0.20840640516060893
34126,3.23435276664548
34127,1.0643570691906161
34128,2.4735478461985467
34129,0.5296083833139351
34130,1.6490083176648613
34131,1.447980418902599
34132,1.458086419700964
34133,0.4701109180564901
34134,2.0994075529643097
34135,0.3612054410720878
34136,0.1994021806397742
34137,1.6977801240978687
34138,0.28397630854496625
34139,0.14143064607258388
34140,0.2656842782084244
34141,2.031779429478446
34142,0.034985092007975845
34143,3.7353766743724304
34144,0.9559487831786694
34145,0.24511673676995502
34146,0.25666462673317647
34147,0.5567515558648559
34148,0.5987282399645899
34149,1.1771627014906842
34150,0.2502948798831699
34151,0.4892081018400125
34152,3.8703480773400627
34153,4.015746198010688
34154,1.4299545172229309
34155,9.270665985119676
34156,1.5974509676722366
34157,1.081951123112542
34158,0.45062911994755245
34159,4.7219013819990465
34160,1.2038634332845086
34161,4.350271884681888
34162,3.0756080481860164
34163,0.4420253069557248
34164,0.10220128485702583
34165,4.317595586932908
34166,0.07506192652945495
34167,3.3463460319879528
34168,0.7205090404522251
34169,0.39882168982131694
34170,0.510569376888324
34171,0.8683259294092054
34172,0.20960325390970802
34173,4.85040518884912
34174,4.101040742522537
34175,1.358880910573776
34176,2.006037175678001
34177,0.3931736996754679
34178,1.1385233101328562
34179,0.48225064213565416
34180,5.019106395118582
34181,0.48681740423030917
34182,1.3812983932782164
34183,0.593282032543597
34184,0.6544106195973426
34185,1.5168635756640216
34186,0.33688728321263123
34187,0.776627743657912
34188,0.4516329837455867
34189,1.225653456306411
34190,0.4101969644462962
34191,0.12263591762668166
34192,2.6334738575402383
34193,0.3270928265464671
34194,0.9287761169320123
34195,1.7698120425734647
34196,0.5955381137059929
34197,0.6622664556427008
34198,0.6244756726726111
34199,0.43329976695335665
34200,0.6811686479017269
34201,2.0818456195177824
34202,14.132815448671932
34203,0.34269758363445346
34204,0.17942195454091311
34205,0.3294415214421135
34206,1.5916061388254483
34207,0.20457484283955407
34208,2.1421745029979324
34209,2.1738396529881125
34210,0.3445430436413569
34211,0.8191089139562115
34212,0.6565013641808377
34213,0.6678400654627455
34214,2.4772754587230024
34215,1.9057576424412979
34216,0.5712106826092386
34217,0.08198636210422124
34218,4.4176459252998574
34219,1.011735615550458
34220,0.9652715047982836
34221,0.04397732384015187
34222,0.22526325968231245
34223,0.14795737571129852
34224,0.29280436564701506
34225,0.5267738477561126
34226,1.208720982985644
34227,2.543270640919987
34228,12.1316867047556
34229,2.565436053485383
34230,0.08065303482297649
34231,5.882271490709651
34232,0.7272939785033039
34233,0.7656288741810522
34234,0.8006217554234496
34235,0.1710126584704321
34236,1.9440845194002667
34237,0.4511166352161138
34238,0.2698568092392498
34239,1.6092359777610055
34240,3.134874404270405
34241,1.7333717362418932
34242,2.8242747662161176
34243,0.5793224277145425
34244,0.46500415812717943
34245,0.87721540830443
34246,2.230677588060831
34247,1.511955751488589
34248,2.006668737247847
34249,1.0861084058733137
34250,0.22102253862608395
34251,0.584873428395616
34252,0.18553526206892304
34253,0.5254263405260045
34254,2.720804406856912
34255,8.61729804513119
34256,2.56395352803888
34257,0.17699470493697855
34258,0.6267175826971815
34259,0.16791675423752042
34260,0.7971755971186522
34261,0.987792323869345
34262,3.0480150008206093
34263,0.44886880716369365
34264,0.2585986578420317
34265,0.046674260994164614
34266,0.7518692685474213
34267,1.6408029814331475
34268,0.11383671107027418
34269,1.478558281254837
34270,1.6764883943854914
34271,0.8526740276809044
34272,0.11949366601792759
34273,0.8957959527193535
34274,0.5742353492791218
34275,1.3051152539593616
34276,0.35690979012454377
34277,0.9370942104519269
34278,0.25424660532667526
34279,0.15044656354843172
34280,1.2407123327902119
34281,12.702729837313745
34282,0.3623167750775125
34283,1.0320450305602031
34284,0.12482837001866383
34285,2.51808070371458
34286,0.4303668520852235
34287,3.7979357552693322
34288,0.37739585472706827
34289,1.3731942009648435
34290,0.46201443121880165
34291,0.38273124080031357
34292,0.5702160987077345
34293,0.35535543776969997
34294,0.8340775197080381
34295,3.451309784680782
34296,0.9689050160353307
34297,0.48491198531895785
34298,3.042819575077998
34299,0.5791921766706957
34300,0.2787504870740318
34301,0.4480344957589649
34302,0.8540063799131739
34303,0.45275313222862973
34304,2.300991091651202
34305,0.45278747527192426
34306,0.11953431668718004
34307,1.4079491003086209
34308,0.2792100525214822
34309,0.17494404562294
34310,0.4171819934089007
34311,0.5032063416455589
34312,0.31633570288500473
34313,0.34423063794422126
34314,1.6645852717995164
34315,0.43787170718586815
34316,3.817656292019204
34317,0.17867896946599876
34318,0.9484009448357557
34319,0.7877819636619549
34320,0.24411522344514378
34321,0.0942017583067058
34322,0.4985723514878549
34323,0.03605599450916727
34324,1.1343277475890114
34325,1.9593884740665146
34326,0.49071076657798723
34327,5.645540859680677
34328,0.558342738455812
34329,1.1735746824507942
34330,1.136622722696321
34331,0.23236556108246653
34332,1.1507479688812563
34333,0.6294819141899712
34334,0.9014541920749064
34335,3.6067313158628327
34336,0.46668483835152413
34337,0.41829968455567956
34338,0.14843165777283637
34339,0.6824622648605168
34340,0.8892967736723805
34341,0.343825616276067
34342,1.4285953022744962
34343,0.3218551611020685
34344,0.0812256023576195
34345,0.7056274635186992
34346,1.556970103435779
34347,3.152781144400132
34348,1.2293567176852536
34349,1.4672430009492778
34350,0.49396964454791875
34351,1.2534875400022556
34352,1.5583694857166264
34353,0.09087817286752303
34354,0.8531819767337827
34355,1.5804053101773559
34356,0.8243352044136161
34357,0.28314581951628065
34358,0.21639384644040205
34359,1.1042447917803095
34360,2.800758676621584
34361,2.834927260283763
34362,0.09059452782171504
34363,0.2779935355737333
34364,2.3502503343635626
34365,0.7173100030655273
34366,3.4272469784981365
34367,0.18881141420863717
34368,4.9997374719628755
34369,0.34171616286611944
34370,0.5014242364795262
34371,0.6713352601259746
34372,3.6404196958281214
34373,1.8771803280453465
34374,5.326056668083314
34375,1.2261536091185459
34376,0.7997502063881388
34377,0.5716562508666171
34378,3.0599130871085416
34379,0.7490428253617915
34380,0.10526423804148499
34381,0.21623938283826674
34382,0.1901505278037052
34383,0.9196497786177079
34384,1.8659953508693745
34385,0.3749077113030556
34386,0.818184025466688
34387,1.8723571300945945
34388,1.4892921769432976
34389,0.33803393732000625
34390,0.7334356981780908
34391,0.5342482690054788
34392,1.373977058373492
34393,0.9132988661558814
34394,0.3306894862888131
34395,0.1348203523939676
34396,1.4374100393793776
34397,0.705519320566245
34398,3.9797701819160873
34399,14.552626876222016
34400,1.0448865408044916
34401,1.3538016353734785
34402,1.2566700805483053
34403,0.38011844594308575
34404,0.8326328927421274
34405,1.0254700455808683
34406,1.0439569598240788
34407,1.4247805082750677
34408,0.8342929260614963
34409,0.9345459116193557
34410,0.2568165683477558
34411,1.1563882750981562
34412,0.29483551478337866
34413,1.7240305774843685
34414,0.15595273290019152
34415,1.0813439273398848
34416,0.8608495631389236
34417,0.446808918750572
34418,2.000863492182437
34419,1.2305258942684802
34420,0.32606059889564487
34421,0.727238818011722
34422,0.844404392902466
34423,2.5216618633766115
34424,3.9792971896579257
34425,0.07522558840745246
34426,0.32493827044550044
34427,0.7312175324640575
34428,1.2514365848041964
34429,1.6534362817301482
34430,0.48909194844665144
34431,1.6730729700030345
34432,0.19648897176641789
34433,0.19840118388057026
34434,0.4911882257190674
34435,3.9975878858043004
34436,0.6679393537534919
34437,0.30437705545301297
34438,1.5676314164614684
34439,1.8679690341857291
34440,0.07530468561789944
34441,1.07791461490727
34442,3.7764495188006086
34443,0.4565166926786328
34444,0.27552877789839986
34445,0.6362347454805874
34446,1.3244670609659734
34447,1.294151267032408
34448,0.05167910259008671
34449,0.09714735176015368
34450,0.08663655526724849
34451,1.4683847120431783
34452,1.691339500739624
34453,0.4022306782130511
34454,0.5391176634691985
34455,1.175169341664744
34456,0.38793072611556595
34457,0.18061677377010882
34458,0.14990114344415317
34459,2.237810176237316
34460,5.041571102976992
34461,0.2268693627025188
34462,0.32889381326640416
34463,0.1605848736012013
34464,0.6819843457869614
34465,4.406865649392524
34466,0.6466658064586874
34467,0.16531712637674667
34468,1.7272990864555582
34469,0.27726715282536285
34470,0.2174151239238371
34471,0.8541554849381121
34472,0.060896844448635884
34473,5.035537410095165
34474,2.6293473224478037
34475,1.9372663485267552
34476,0.7788545362525393
34477,2.3349230429449808
34478,0.25521692714431016
34479,0.006747565773153106
34480,1.0358143467764827
34481,1.6946811546102072
34482,0.25087897906678164
34483,2.2236812058668907
34484,0.48199413063634244
34485,0.4192791257854603
34486,2.546763314627793
34487,0.9960730647192602
34488,1.3985714953349901
34489,0.7928352659441034
34490,2.1163086476687463
34491,0.8061205949819374
34492,0.15575231083995472
34493,0.15284720628332787
34494,0.10064175993332009
34495,10.715473574029792
34496,14.88853871990807
34497,0.23763932625808445
34498,3.0270154447295416
34499,0.29400424039583223
34500,0.5117755507209203
34501,1.945133847295477
34502,3.4715301292769536
34503,0.22428806815808744
34504,0.33573866975734595
34505,1.571007842071833
34506,2.5229778366423674
34507,0.08822761845507004
34508,0.3439578086882445
34509,1.651284320981228
34510,1.0654432408251742
34511,1.6055357220680873
34512,3.6870799051910965
34513,10.82313634818547
34514,1.2098781704396118
34515,3.1427595937019195
34516,0.41847498557982915
34517,1.5408940181414188
34518,0.644412745048506
34519,0.17214126489749002
34520,0.2844450197217302
34521,2.8138571882664642
34522,0.27677930468662065
34523,0.8278148058280518
34524,1.1502238532228577
34525,3.2684604792920346
34526,0.24592518641875893
34527,0.17266226010648422
34528,0.7501911709879255
34529,38.40007953990506
34530,0.9086585876641974
34531,0.3316243774641066
34532,0.6220759118638735
34533,0.2169266944907707
34534,1.1107431430886112
34535,0.32531586057428036
34536,1.3212561724351306
34537,0.11366444239324329
34538,0.1726149885639269
34539,0.45591616070519897
34540,1.7244082000058012
34541,0.6568075800904849
34542,0.36202824632878783
34543,0.29828462566985864
34544,2.416793802668319
34545,2.8097020815231826
34546,0.04452044981777531
34547,0.9003618501551945
34548,1.4130413798379031
34549,1.4613877157125439
34550,1.4966073932761077
34551,1.141846197041521
34552,0.957803277756502
34553,0.10113050676029517
34554,2.773416493747434
34555,4.339924966085556
34556,1.1369084084306955
34557,5.616084238958089
34558,0.24539013169153848
34559,0.7811777662574703
34560,1.1546952836876336
34561,0.23621662260467652
34562,0.08645940019933004
34563,2.3604879088065474
34564,0.3698139025327638
34565,0.7410375615821204
34566,0.12058244556944443
34567,2.8424917308144195
34568,0.3886482157849661
34569,0.02316588862220001
34570,0.6131894057346474
34571,0.37612773937910343
34572,0.5495393280896393
34573,0.0784447935443265
34574,1.2162281391251657
34575,0.3286977010977363
34576,0.9387098535438237
34577,5.1752769456482755
34578,0.9725599846336339
34579,0.9814128999444391
34580,1.8112335673555928
34581,1.1524429736889892
34582,0.46854347889110276
34583,3.970161219739226
34584,0.46199761067029305
34585,2.25261482623357
34586,2.054223351778504
34587,1.4485549578781733
34588,4.604220992681208
34589,0.1354390003287873
34590,0.7741917492501155
34591,0.8868811169890408
34592,0.25364497391867824
34593,0.5912473984799556
34594,1.6865341961111562
34595,0.9178204357623503
34596,1.4420124075295333
34597,0.42844629095638
34598,0.11710133600982334
34599,5.7321158653910524
34600,0.8250434365372437
34601,0.1827731910618563
34602,0.1556047929644736
34603,1.15281594257396
34604,1.212279005606339
34605,1.6826206935116357
34606,0.4241592817806048
34607,0.5912473814340178
34608,0.973020133870278
34609,0.15308188011391885
34610,0.11940778022875559
34611,0.5901809716735326
34612,13.112770639372043
34613,1.5046922083282173
34614,0.444758603164854
34615,0.1713864285315219
34616,0.936958926846483
34617,2.5807129145485894
34618,1.3235501670487708
34619,0.18372995476986076
34620,0.4685392665442264
34621,0.2908299114894508
34622,0.30081376959930967
34623,0.2678145654542825
34624,0.16717753966833157
34625,2.75037843406774
34626,0.09467483751547709
34627,1.1393262216987514
34628,1.5495370551806689
34629,1.6454324816953318
34630,0.20931032012433007
34631,0.4013952019604241
34632,0.11267783144874054
34633,2.6965093031564984
34634,0.7358856160504889
34635,2.1610720703946127
34636,0.0798640426757623
34637,0.09805907781254566
34638,3.5787777344470166
34639,0.8268326483157373
34640,1.8705394214082924
34641,0.11198378929361691
34642,0.24538367220975543
34643,1.2944207269875552
34644,1.5076602068217257
34645,2.2976457036838687
34646,0.14605454504602322
34647,2.3453691728596637
34648,2.398514038759592
34649,0.4514933295885696
34650,1.344121338703177
34651,0.16331189407358923
34652,5.806330531975103
34653,0.3615540256913387
34654,0.475980710847642
34655,1.5344854399006373
34656,0.9024035250874618
34657,0.9082048032801636
34658,0.13481477702023117
34659,0.12757717574064256
34660,1.5589121046119307
34661,2.505458340324254
34662,1.3891989111209202
34663,1.973091926381088
34664,1.8421839391108485
34665,0.811687411870571
34666,0.04106110596983933
34667,0.2178394550161473
34668,2.480574610389524
34669,0.41911551186524826
34670,0.8666855425118842
34671,0.15055478209540443
34672,1.423903403463957
34673,1.1276617860814526
34674,0.583568179520289
34675,6.414855889998703
34676,6.786231418841911
34677,0.9958603089291553
34678,0.7943983425312252
34679,7.320227399543187
34680,3.66766257954781
34681,1.2076727681539754
34682,1.4527610802025581
34683,0.14997953256768823
34684,2.0207624744796844
34685,0.5823610072715362
34686,0.7077685540759655
34687,0.4089397318388281
34688,0.4286185624508401
34689,0.23942193140924978
34690,0.25981001423177635
34691,2.3762433882791067
34692,0.5952823152061077
34693,0.19822004010262514
34694,0.1956823178270448
34695,0.7854250818160303
34696,0.23808189158531964
34697,0.15128523463926632
34698,0.6714605317139425
34699,0.9613825244493829
34700,0.21122790071203656
34701,0.212212794342306
34702,0.8115368427156914
34703,12.87225450106116
34704,0.6529286892648807
34705,1.1101757002133734
34706,1.3677681027149013
34707,0.6244660914090402
34708,0.5776746010282015
34709,4.44819456395191
34710,0.5749714072160508
34711,0.5445447765384974
34712,1.4302376174478886
34713,1.0597025094704058
34714,0.7063800949764443
34715,0.12814822871917825
34716,0.45165999328197837
34717,1.1306482149746913
34718,0.15608839557375181
34719,0.9506630981272521
34720,0.3538637485815079
34721,8.002575097771372
34722,0.7762873657437896
34723,0.1974490253365703
34724,0.5874750438713059
34725,0.2560931764755844
34726,0.057309647957634144
34727,0.5795969194615898
34728,0.07824241893885402
34729,1.1968418427360292
34730,0.8914808496798123
34731,0.16779660992487758
34732,0.2678909991759636
34733,1.2928301622049239
34734,0.33614884970982606
34735,0.4030071911400347
34736,1.027819233254199
34737,9.133572691397475
34738,2.3298621064373357
34739,7.495551402746437
34740,0.24272100428331822
34741,0.7740164627482001
34742,0.19914681727265907
34743,1.8716286266025075
34744,2.712934845939153
34745,2.6213411779993088
34746,0.2601079844079418
34747,0.9641514882630349
34748,0.9520195679045154
34749,0.7340753858805896
34750,0.34053239199062607
34751,0.6655039855610344
34752,0.17067438965705484
34753,0.3343946098890266
34754,1.6238813773281304
34755,3.1058506880493164
34756,2.957057380540586
34757,1.6898914339551623
34758,0.4156354640080006
34759,1.0595462611691757
34760,0.16480321784592383
34761,0.9077169256009348
34762,0.5549524742274595
34763,0.18284794428355713
34764,0.5827347644498234
34765,2.8735957241075596
34766,3.9187266460502213
34767,0.11423515386972245
34768,0.6851947554898283
34769,0.09191677477093291
34770,0.6589656556844884
34771,263.30124433585917
34772,316.8224052803782
34773,2.4449870301103425
34774,0.25841162298980247
34775,0.6760640749504592
34776,0.9112712121704382
34777,0.384567452796197
34778,0.41681036434694846
34779,2.199455202925378
34780,25.53438442229012
34781,2.0067958792520004
34782,0.08291701015815185
34783,0.7951468062145437
34784,0.5535660538079474
34785,0.16389078902895948
34786,1.405227313910002
34787,0.16125248879886755
34788,1.0270881897221862
34789,2.361138628810324
34790,0.36228828354862175
34791,0.9447115604524599
34792,0.7655016741088199
34793,0.6014505461756031
34794,2.7250993821496956
34795,0.4292902969631888
34796,2.475469602263458
34797,1.0537293054997126
34798,0.88802062023171
34799,2.2829664863922905
34800,1.3905924957502551
34801,1.8267525092204222
34802,3.5101612240972164
34803,1.3871424238616374
34804,2.3664449308544637
34805,1.3832087106998132
34806,0.11921449536127159
34807,0.5461755588497603
34808,0.8542737471809799
34809,0.4966811274515682
34810,0.44144258598392627
34811,1.205335297287353
34812,0.12292712931365181
34813,5.009232319043056
34814,1.3626482321183724
34815,0.20050586685973848
34816,1.043553015337815
34817,0.33495654100857974
34818,1.6264597653435893
34819,0.7192751189301954
34820,2.274973298585717
34821,5.0169957494945026
34822,2.9284418777833343
34823,1.8762332576812053
34824,0.9861438089021957
34825,0.1062358884348066
34826,0.40405359254489487
34827,0.6188600973685533
34828,0.12098049656080265
34829,0.34654358898159077
34830,3.668637557239379
34831,0.21651791960895803
34832,1.4457511409387773
34833,1.2659659351259582
34834,0.6893060777411418
34835,0.6953142355911042
34836,0.34114962595914583
34837,1.3764395254589497
34838,0.31336854271402426
34839,1.1730685747372434
34840,0.13542137118520692
34841,0.07249114581477172
34842,0.26181209340291955
34843,0.5594047753360543
34844,0.6403138094562871
34845,0.23358598396225178
34846,0.7266895196238343
34847,0.23929123031092558
34848,0.31116273623501
34849,0.3229898955164017
34850,2.9605930367779054
34851,1.2730020703615417
34852,6.376436988986504
34853,0.4901713005965861
34854,2.118987011098914
34855,1.3175225948064158
34856,0.046339796660197316
34857,0.3029564793426691
34858,3.288593114593001
34859,0.9048244421035369
34860,0.8120906521948845
34861,0.2971598927026773
34862,1.0863823027299986
34863,0.9858261215507477
34864,3.200924738170636
34865,2.4306928669468757
34866,1.4267203880172148
34867,1.4525385218908233
34868,2.7491610751429447
34869,1.1772230272027555
34870,0.36322339544681287
34871,0.14652155219342738
34872,2.8715282656778904
34873,0.1424698235383914
34874,0.9876858292843401
34875,1.519226818148311
34876,0.03030504516753087
34877,1.149251425398653
34878,0.28369010041026066
34879,0.5293360472525052
34880,2.0381848076762004
34881,0.11852665397162404
34882,2.1807948157241404
34883,0.2001031058818605
34884,2.6385720337353478
34885,0.5924278676885663
34886,1.1164869093648035
34887,0.8551757753898049
34888,0.8553710559109533
34889,0.3884373572325302
34890,0.8180371011632103
34891,2.141284557173907
34892,0.7713967996716055
34893,1.0401636583141856
34894,0.22205713180759654
34895,0.5830966045362448
34896,2.0402070885591463
34897,5.659082166051337
34898,2.341259606795632
34899,1.4540024311535946
34900,1.0776998969630411
34901,0.4049182879757666
34902,0.7507049434696634
34903,0.7510852336692512
34904,0.5777303168873151
34905,0.48729266946346433
34906,0.2862444696903699
34907,0.06396557403801785
34908,1.4726906633886683
34909,0.26252627757702013
34910,0.4339558389131476
34911,1.3076075386822092
34912,0.46235429444491005
34913,0.19662757026396496
34914,0.8754518426567729
34915,0.9678615514558658
34916,2.475178625354468
34917,3.268340758153593
34918,0.6725520571742876
34919,0.6742649675557151
34920,0.43581409805588966
34921,1.1719610618325111
34922,1.8108865211389462
34923,1.7195262728836642
34924,1.4099174393259193
34925,1.7876108412369438
34926,0.22057862896920818
34927,4.158199641158649
34928,2.4500868151978326
34929,1.148064406292043
34930,0.2812029199260111
34931,0.3301826811919901
34932,0.4633967729147963
34933,1.9494884058227728
34934,0.06277109592554901
34935,0.30680369610408254
34936,0.2993095407459884
34937,1.1053747971779653
34938,0.1729560604397275
34939,2.83334974897206
34940,2.387060739208113
34941,0.8081585552014744
34942,1.6470115715781437
34943,0.22177504191477604
34944,0.08624410221376805
34945,1.601028252164036
34946,2.1172538551885767
34947,0.9304871843583813
34948,0.4992225665644744
34949,1.7950627804634414
34950,0.8430818012348777
34951,0.847341235561094
34952,0.2100076831685758
34953,0.9585830179341136
34954,0.7726171403717496
34955,3.7668729707159505
34956,1.3484739781045145
34957,3.164677520708154
34958,0.6691904760254301
34959,1.4018735136854827
34960,0.1323339114526486
34961,0.618928138886335
34962,0.3559296781797101
34963,0.8720494785391898
34964,0.06770107442216969
34965,0.1937462805288692
34966,0.6270255680469535
34967,2.8199534053116264
34968,0.05250556988589014
34969,0.3443546949400862
34970,0.09696678923594032
34971,0.33792534428392246
34972,1.0670662236283723
34973,0.16069314996217057
34974,0.5363831004957837
34975,0.927355456199634
34976,1.8662461356398081
34977,2.4309839110849505
34978,1.4318261935519376
34979,2.049302224247343
34980,0.2362777396908617
34981,1.5836253247814063
34982,1.9980253373675245
34983,1.9146708738168274
34984,1.1576063306127358
34985,0.7159945797349218
34986,0.7509651506842961
34987,2.1831223489565352
34988,1.4773230374544641
34989,0.8854796413676557
34990,0.9254676564838441
34991,0.3386227079832031
34992,0.30883559866668014
34993,1.3190812427806178
34994,0.09075456685586947
34995,1.2393365989015408
34996,1.1931219260608947
34997,0.17240485721156293
34998,1.1381502370472014
34999,1.340095670946198
35000,0.44080789332052067
35001,0.08355179489564263
35002,0.43975224382392486
35003,3.7876321149923293
35004,1.5574917134525703
35005,0.8515641170814248
35006,1.3565657952990473
35007,2.470076866289194
35008,1.0659208376305926
35009,1.0584452609946855
35010,0.9933779799479083
35011,1.1424387667754867
35012,0.05047264820913174
35013,0.16431539444722287
35014,0.5543089243828854
35015,0.6890520818189649
35016,3.455802327071516
35017,0.5910558262601423
35018,0.32911076697616704
35019,0.26254300596606267
35020,2.838250968770033
35021,0.5950244402033522
35022,0.6505895688521962
35023,1.5911243112403213
35024,3.8610610253948385
35025,0.5550216256331278
35026,0.2198089959548977
35027,0.4407583805422261
35028,0.44321097589373015
35029,6.6917482972871865
35030,0.37633133762746857
35031,1.606951829453414
35032,0.06980747314313787
35033,0.2459372113559688
35034,0.2680681853257117
35035,3.6567709853286643
35036,0.26050185546985405
35037,1.5651765229096937
35038,0.20898384364756334
35039,0.7794676929439401
35040,0.544327771121601
35041,3.321293072754874
35042,0.2965622992418685
35043,0.7989038213183537
35044,0.24554983308611822
35045,3.650786790496798
35046,2.181535048340551
35047,3.3094312502169156
35048,0.03746496267609775
35049,0.40713336529174365
35050,0.1872497624006483
35051,0.4044595747959661
35052,0.5734007877287892
35053,5.705175561412576
35054,0.41561835306574946
35055,1.4251933588931702
35056,0.2100533981916123
35057,5.444745549250204
35058,0.48863337803674384
35059,2.3064788520799677
35060,0.06915894943815679
35061,0.26491951771203764
35062,1.778618830741659
35063,0.519589759507928
35064,5.1933256810575665
35065,2.059136498270602
35066,0.43635020589442164
35067,1.5808690747558685
35068,0.2796811168249331
35069,1.0669586502433408
35070,1.4357646061771627
35071,0.34368819939094586
35072,0.11853313370377028
35073,0.8022964575172853
35074,1.2730487367671999
35075,0.549883504798615
35076,4.027457836233911
35077,0.6240458475493359
35078,2.57807444367028
35079,0.35569186089257465
35080,0.853496561894693
35081,0.03437374281601971
35082,0.1041365469841931
35083,0.41850962776874
35084,0.6032817987451262
35085,0.13608689874622948
35086,1.021210482562984
35087,0.13715123290465095
35088,0.6418415585780968
35089,0.9594847038379443
35090,1.144214629418252
35091,6.852420278039092
35092,3.1515328875315194
35093,0.43930034219891556
35094,0.10365685987145767
35095,0.07740505682121528
35096,0.3502759098024424
35097,1.0110300647470887
35098,1.2510134869014433
35099,4.5806492234796
35100,0.3693705403703998
35101,0.4934076084452096
35102,0.1385807995954795
35103,1.5361068056174327
35104,0.048893026733899905
35105,0.18625550672575444
35106,0.1087631661960737
35107,1.4383022100164191
35108,6.3502452707618
35109,1.7024225673617952
35110,0.4782263014953299
35111,1.081809697212131
35112,0.22946960933008195
35113,3.968665212552505
35114,0.78704938866326
35115,0.4658140190403911
35116,3.8117246032467156
35117,0.9687356942389646
35118,0.35077431388096564
35119,1.0206609344930588
35120,2.952030789625294
35121,1.477039259516989
35122,0.034005534360751315
35123,0.8959996997985397
35124,5.113948126472405
35125,2.6526199548544733
35126,0.7629121148775994
35127,0.5895086964620879
35128,0.7851025901495475
35129,0.6181741067674196
35130,0.7759754486834383
35131,2.650947641996909
35132,0.9736467507645249
35133,0.4068598011143597
35134,0.7601177891296558
35135,0.5157806739403499
35136,0.7470892870590339
35137,5.195942879392764
35138,1.4766277415979432
35139,1.7140386519155522
35140,0.6403320503998464
35141,0.72168680935534
35142,1.1017230259055706
35143,0.356138382646742
35144,3.1964972816352866
35145,0.2454905505458984
35146,0.3497720980719288
35147,0.3300067532916785
35148,0.36631685899013156
35149,0.1308622110267743
35150,0.27040003117609746
35151,3.641905019388153
35152,0.6641503159039693
35153,0.5103833611372824
35154,0.4235141233225796
35155,0.28957614709869994
35156,0.1045203823925571
35157,1.8015670809125095
35158,0.16473208872339282
35159,2.0282446527734486
35160,0.4801065097026028
35161,0.831025782435202
35162,2.447446720384451
35163,0.23524492539998468
35164,0.5205617055475088
35165,2.4691211544227687
35166,1.1244817072853361
35167,0.1457246529866393
35168,0.46563750447582813
35169,0.911889542936039
35170,1.1506089620028308
35171,1.819627519692614
35172,0.6442779957988756
35173,0.28210986603545285
35174,1.0133415770147804
35175,0.6454760310451366
35176,0.6114825779459147
35177,0.3129706743835946
35178,1.6059120003192537
35179,7.180156064493713
35180,0.7409840885117449
35181,0.40636675765102814
35182,0.7814644113005442
35183,0.2638031368419135
35184,0.6561989303564298
35185,0.12443952714643128
35186,0.17776117277279654
35187,1.244378811715808
35188,2.4621086192289723
35189,1.6081689483861057
35190,0.5462188725717504
35191,1.06970843680879
35192,2.686529911386093
35193,1.4441404671748561
35194,0.857661816041511
35195,1.2047412805456832
35196,2.223343628060932
35197,0.25687143237997306
35198,1.1403121063217332
35199,2.9648947778493677
35200,0.1084085023034161
35201,0.096913982434477
35202,0.913571153933685
35203,0.6504550317374552
35204,0.8959472251742382
35205,2.293536577877624
35206,1.0072767828916762
35207,0.3974067249143008
35208,0.059460772874925925
35209,0.13014930667619104
35210,0.7626326036244245
35211,0.09319626728910288
35212,1.6505631768183944
35213,3.390529294626646
35214,0.297531416283928
35215,0.715123249422983
35216,0.34269634063107535
35217,2.975971816310157
35218,4.5789614233949605
35219,1.9132708290746072
35220,1.0349174638847878
35221,1.7690787840153466
35222,0.44451803142965063
35223,5.9358842536782594
35224,0.4254912312662573
35225,0.7410271395082051
35226,0.14966740291787553
35227,0.6112253945920637
35228,0.579927358179348
35229,0.415677629706556
35230,1.5433042295476542
35231,0.11357381692097994
35232,0.1090997684943901
35233,0.3891464922073628
35234,0.5577943119514217
35235,1.4760196072324763
35236,0.7217892741909921
35237,0.2565159551098588
35238,0.3664334349038972
35239,5.108692411558863
35240,1.655819132980294
35241,22.774191408236494
35242,5.121110815318898
35243,3.3588560257648785
35244,1.8718683077752147
35245,0.33932994636411956
35246,7.28580461697706
35247,5.489920890063246
35248,0.4039924723048717
35249,0.5122054354360632
35250,1.2411018362987996
35251,1.7937106253360395
35252,1.310241329377396
35253,0.2417988450879326
35254,0.18048344889972748
35255,8.930411663596717
35256,3.8469061062372316
35257,0.36940959045573996
35258,0.39432774377537794
35259,6.205956756644207
35260,0.11085699773779704
35261,0.3105153595930236
35262,0.21317091745432448
35263,0.24379120358700263
35264,0.3771450315619735
35265,23.379584136099687
35266,0.46476035830408374
35267,2.5799824668006606
35268,1.5257100175222218
35269,1.0558088806131813
35270,0.3415515182252429
35271,1.9764232709290093
35272,1.6451712684084934
35273,1.8737668896392707
35274,0.5912911465400381
35275,2.7298486544358633
35276,1.5686147030218962
35277,0.06768305859043464
35278,1.5181838210494465
35279,0.32611207085017385
35280,0.23617704722613425
35281,0.3238467253700235
35282,0.2273313960200931
35283,0.9560657910072081
35284,7.502880955304954
35285,0.9417787211991147
35286,0.4229826510239849
35287,0.30433589919394577
35288,0.35430901009951127
35289,1.5933813203655605
35290,0.1251816223841047
35291,1.131880033997819
35292,0.11971292550266528
35293,3.415588191248758
35294,0.09988979178551932
35295,0.5821162058442234
35296,1.1415094328154507
35297,0.14523912295477964
35298,3.1625616953422275
35299,4.30286781057347
35300,0.4286575827638104
35301,7.515622022072722
35302,0.5547241869709219
35303,0.35292298735771277
35304,0.7523876295895953
35305,1.3913483919230694
35306,0.784027746540956
35307,1.371791411166345
35308,1.5538314291633792
35309,0.7750415014033925
35310,0.14260093450664213
35311,0.3422619862144987
35312,0.12500729104291902
35313,0.5222803593980532
35314,0.17762918711885817
35315,1.1057002387736743
35316,0.5002761661073853
35317,0.9145879147038352
35318,1.4939432470245904
35319,1.1839537180535307
35320,0.40383965644988057
35321,0.9504911506051065
35322,0.7029046621615622
35323,1.5574643653148974
35324,2.644919346983297
35325,0.8799087143894903
35326,1.0903367548142733
35327,0.39275705756417734
35328,1.4808242711559778
35329,1.7668424233727482
35330,1.1449756231075388
35331,0.09266896961475429
35332,2.4986721699440237
35333,0.3126414793303889
35334,0.833937978983745
35335,0.7834931055081167
35336,1.1066656420708365
35337,3.1364611491412018
35338,1.8702855844079467
35339,0.42187257020551794
35340,1.178543075657026
35341,0.545336195232869
35342,0.6546275721861994
35343,0.8404152769050155
35344,1.5941824744831488
35345,0.07330021988204512
35346,1.6463644140837332
35347,3.010712147260269
35348,0.5555052424596304
35349,0.3049634802149253
35350,0.16953733305549945
35351,0.03797335990892767
35352,1.332843652823238
35353,1.7597119876123413
35354,29.02177585091555
35355,24.296911216454177
35356,0.09062944694922495
35357,1.2105696105290127
35358,4.9926573029140435
35359,0.8553760774148956
35360,1.7007731431583057
35361,0.8047817168156394
35362,0.25695329207971407
35363,1.4723101549096
35364,0.6567986236935525
35365,0.7951800424819883
35366,1.6173638049663515
35367,1.8195916468951379
35368,0.1309968341353175
35369,4.355666786575059
35370,27.729117053006693
35371,0.1187530479048642
35372,0.5960034376497648
35373,0.8633182556199751
35374,0.2419728442695126
35375,0.7018353957055616
35376,2.420952392478261
35377,0.8589193990797137
35378,1.659304897810468
35379,1.6484561523766699
35380,2.219450570791279
35381,0.3206415309796235
35382,0.6042051876189042
35383,0.27222655645584243
35384,0.16228177787547415
35385,0.3052257848272577
35386,0.21015415199613444
35387,0.1699431514659212
35388,1.7607409080231797
35389,2.697227703004274
35390,3.3302021338003103
35391,0.8768527237854026
35392,1.289197944811204
35393,3.98843007978315
35394,0.3934088898560184
35395,1.1386635649714727
35396,0.1315453180277697
35397,1.3933449340186466
35398,15.15022116008888
35399,20.608684656916502
35400,0.2910720529151161
35401,0.610729463611022
35402,1.1686801188595057
35403,0.16420818013244878
35404,4.273667122773937
35405,1.132914728399024
35406,0.19052920629765896
35407,0.38615528968098833
35408,3.5528190325725704
35409,1.39219076725064
35410,0.9683938997463617
35411,1.653533951303477
35412,1.667143469616577
35413,2.250065039065616
35414,19.612043773552543
35415,0.4525354618357605
35416,0.7149857537726638
35417,0.4231927966592288
35418,0.06724008170396281
35419,2.179034898486747
35420,0.45375713096131404
35421,0.1653015337158124
35422,1.5228610118665424
35423,1.5585585068885601
35424,0.34981079569307333
35425,0.2585227383248
35426,4.686128971447248
35427,2.3896454116265247
35428,0.5088429571779096
35429,1.6334480901267285
35430,4.664205351790774
35431,0.27454221705466036
35432,3.0255756669964087
35433,0.4890709360811903
35434,4.984552229362759
35435,0.07342042065809823
35436,0.5886131869279603
35437,0.8211922387974958
35438,0.7883634753984413
35439,4.222477881627027
35440,1.4374215009984945
35441,1.2070310062535607
35442,2.3828347711819235
35443,0.7588401574465853
35444,0.9699267575981396
35445,0.8966229488554746
35446,0.2606284457865594
35447,0.3324929760435711
35448,0.5636441520196682
35449,0.5405322582715003
35450,0.33512674805176634
35451,0.4971077726053579
35452,0.48575354276249555
35453,3.2478056661204042
35454,1.1427464238549927
35455,0.0807780728544407
35456,5.658176699618588
35457,0.5696751598580017
35458,1.7823728266687868
35459,4.678282740634001
35460,0.9351864746519858
35461,1.6134226619623893
35462,3.3452505093472054
35463,1.3762183352108899
35464,0.1907513355166201
35465,0.2899554300039717
35466,0.37383175095583987
35467,3.0027616820369945
35468,0.17697932269319006
35469,0.32338585909575424
35470,2.2744259108895886
35471,3.9892509960745857
35472,0.40943001241528754
35473,1.2731893456254608
35474,3.0004804233923896
35475,0.9621184168418535
35476,0.13837994142284088
35477,1.106029138767088
35478,0.24351593955723363
35479,0.033872196378031016
35480,0.5405703893733206
35481,1.2648479741077705
35482,0.6137716270332718
35483,1.1194234748621452
35484,0.7860265686877671
35485,0.06929659897430021
35486,0.899183137183794
35487,3.9059988662912284
35488,0.12116418032095211
35489,0.1746411742949526
35490,0.7414327188291233
35491,1.4463959844202767
35492,1.7078655980401765
35493,0.4378255713750515
35494,0.7865660579340289
35495,0.6913128021832171
35496,1.9123658012868432
35497,0.07561942968101885
35498,1.9879684821347015
35499,0.11242772320660656
35500,2.8071280476225686
35501,1.5836370601193932
35502,0.18810425948450918
35503,0.7168403981251036
35504,2.2186565513614864
35505,1.4873965688881345
35506,0.5842887581419428
35507,0.732746546595692
35508,2.0283549778692627
35509,0.6321435964535911
35510,0.6069410046179107
35511,0.3445480373224945
35512,2.8610975738039364
35513,3.6350657940949898
35514,0.24523378659367612
35515,1.158649934671998
35516,1.8977508729712187
35517,6.911787558564132
35518,2.7547300840489766
35519,2.908826793779696
35520,0.30673675607972883
35521,0.5432845544760635
35522,0.5515139110046285
35523,5.416299934850256
35524,0.15425002783082328
35525,1.1018095346123453
35526,0.85121367804299
35527,1.955230603764695
35528,0.13784479589467985
35529,1.0406457615739468
35530,0.17928848841045147
35531,8.72468949815579
35532,0.4417467745250436
35533,0.8310881296432978
35534,0.4301669469235141
35535,2.6422631971844104
35536,1.6099073808200337
35537,0.047137000528505946
35538,0.1450621698249824
35539,1.354781963284424
35540,0.5715540956068705
35541,1.363940958431115
35542,0.5287083992485012
35543,0.0492141551090722
35544,0.5860343622894402
35545,1.667917156046325
35546,1.1008289059210983
35547,0.8208883457095457
35548,0.3603040843567427
35549,0.2691878657626163
35550,0.16166186647583455
35551,0.120684860559021
35552,0.6273134269465734
35553,0.8414183616779592
35554,6.316562413457817
35555,1.8387324863437087
35556,0.9536210848863514
35557,1.329721534227524
35558,0.6843563910816354
35559,0.5905928851097878
35560,0.4762802494260402
35561,0.3092570863671787
35562,0.7545313328817503
35563,0.525335475106313
35564,1.3023528071709944
35565,1.720760303331987
35566,3.619847244866681
35567,3.466946407479025
35568,0.5702709212393169
35569,0.3673510329316509
35570,0.142011459001174
35571,0.7085843880108003
35572,1.0557503177031498
35573,0.5420456258487418
35574,1.1484047372926707
35575,1.9647069603820455
35576,1.2317890515531484
35577,0.2689347737545007
35578,0.4569280851951164
35579,1.1840812240465328
35580,0.34403059909244776
35581,1.3037515137214803
35582,0.18958193002962437
35583,0.2588254698941038
35584,0.20777971775661191
35585,0.7002181654695698
35586,0.4791096388252991
35587,0.07352692641878454
35588,0.7881655026181316
35589,0.10401490351200213
35590,0.6222701727780929
35591,0.7632270895268786
35592,0.15698741331474259
35593,1.7900316221347279
35594,0.13286367571144747
35595,0.7265249281856777
35596,3.1138071855069027
35597,2.524234307090576
35598,0.7047609053048877
35599,26.571471616561656
35600,1.5340900030800257
35601,0.9713355176628656
35602,0.7084229477992794
35603,0.284463637870415
35604,0.09679163985332562
35605,1.6775820253571267
35606,0.6967937295746325
35607,0.25614403142991066
35608,0.03625244218438134
35609,2.473894581963351
35610,0.14849018316418078
35611,1.4594092043630618
35612,0.5822090410826644
35613,0.4428819126249351
35614,0.45900002290591935
35615,0.1659260797160225
35616,0.8602733544252275
35617,0.07492038430344965
35618,1.5106084521610375
35619,1.624110676342965
35620,1.3204537037514679
35621,0.10076408218138891
35622,17.422241089997737
35623,0.07820627937694812
35624,0.8221529056817818
35625,1.1602419175614063
35626,1.4640545368297468
35627,1.5105266330648772
35628,1.3574081927005692
35629,0.3021109075303226
35630,0.9483751969084582
35631,0.6986590792517837
35632,0.21218027322891309
35633,1.0636364273793464
35634,0.9068582400092207
35635,2.104868208657515
35636,0.0851293296492424
35637,0.9071972672385653
35638,0.4945509973222985
35639,2.3996769367796182
35640,9.497140174661924
35641,0.2684613979966594
35642,0.2152731418791596
35643,0.9714800921066032
35644,0.5419911438013272
35645,2.1913068115002527
35646,3.9731987005807032
35647,0.4523722981830515
35648,2.499297575710772
35649,0.5106236810996773
35650,1.5756324655936824
35651,0.981832754553059
35652,0.12061647542248881
35653,0.20341970324179331
35654,4.984624487043118
35655,0.502164890285521
35656,0.41674770365478075
35657,0.6889297160962419
35658,0.29993569929461417
35659,0.30111817161307713
35660,2.3283626168501748
35661,0.5707676995648509
35662,0.2798095306294758
35663,0.08586250491978688
35664,0.6423333858409147
35665,0.657305775957285
35666,0.37842665687441474
35667,1.74793963575795
35668,1.0096173941605617
35669,1.0200641395539845
35670,1.1887007399282945
35671,1.1658618818956736
35672,1.1915119359470525
35673,0.8282401623833018
35674,1.8570187326974081
35675,2.2995267022432255
35676,0.793500698451348
35677,2.19524308082396
35678,1.424973141882738
35679,0.12860961062927947
35680,1.11424571156576
35681,0.40066393031344105
35682,0.142857173659553
35683,0.09142391483724417
35684,2.256045582281225
35685,0.06757756070709059
35686,0.2077078689975471
35687,0.26495981291319354
35688,0.05666164826196965
35689,0.0763429480468585
35690,0.0988023950700044
35691,0.19400513947378506
35692,0.20075241717801623
35693,0.41032012963334635
35694,1.0973003436793403
35695,1.3973170049399768
35696,0.8136151397041573
35697,0.4041187688655916
35698,0.2567781429827584
35699,0.16379770104524854
35700,0.09008595472813971
35701,0.7404161087125763
35702,0.11417901620127059
35703,1.80828327874188
35704,0.19900938593852815
35705,3.7985809834252606
35706,0.6004127616958371
35707,1.1214207494023616
35708,0.30498636786351657
35709,0.08648503698079668
35710,0.7014711904529408
35711,0.22288594727661815
35712,10.983158596669716
35713,1.8886881882752804
35714,2.299181491019786
35715,0.773960890615509
35716,0.7148731218098436
35717,4.405038257593614
35718,2.457897970134035
35719,0.2544230724016801
35720,0.1962452444729534
35721,0.32035027245602754
35722,2.1364962342879616
35723,1.6133540210338218
35724,1.8399514136268482
35725,0.30430387494457545
35726,0.12514251466442464
35727,8.863289586773075
35728,1.5698249108011308
35729,2.501457004834651
35730,1.8818400163768538
35731,0.22791470518917878
35732,0.39725024213540266
35733,1.634012200886825
35734,4.827058758304517
35735,0.6374666162432173
35736,0.3694227831014109
35737,0.5145625601974891
35738,0.42876445135616503
35739,1.0413250584782627
35740,0.2635815426941786
35741,1.1395502322241502
35742,0.13023051409863778
35743,2.3103905559259275
35744,0.08648500835831933
35745,0.8466534813930768
35746,1.2969645560389513
35747,0.2310757202146852
35748,0.5427821334602742
35749,2.423407334296746
35750,0.11683164688193047
35751,0.4466756198592374
35752,0.14220951647459829
35753,0.827836448164538
35754,0.35270818127497233
35755,0.3414024062837885
35756,0.10594161577970237
35757,0.5190845186778063
35758,1.1957778426024923
35759,2.0500539275365455
35760,0.17510564969994902
35761,0.8874183938426236
35762,0.40609799262799373
35763,2.859014600950911
35764,0.24649819957381502
35765,0.07930874128637377
35766,1.6597843081620856
35767,1.5907595947880393
35768,0.16222196468721495
35769,3.2755041229939024
35770,0.4266320259207131
35771,0.4933338947543294
35772,0.9924262191575667
35773,1.0073670754534634
35774,12.373264683100393
35775,2.58449005422428
35776,2.467275157421714
35777,1.9011861756660096
35778,0.40312730580158185
35779,0.4034515839370566
35780,0.5498027136479147
35781,5.221334181635293
35782,0.8154495468359307
35783,0.5456443215524283
35784,1.0562180683479325
35785,0.18160430744463701
35786,1.3537066803614324
35787,0.31040413046924636
35788,1.1867401932533712
35789,0.692759634758647
35790,1.9094338448350396
35791,8.164606305094663
35792,0.7426207441328628
35793,0.838354688894559
35794,3.3283165391987612
35795,0.544545238541266
35796,2.0322848066975348
35797,0.5694601887772082
35798,0.9654580781151979
35799,0.9975884548976874
35800,0.5568401140311234
35801,1.0897358981652892
35802,0.2585051526387134
35803,0.15143649302198486
35804,1.9324523865754735
35805,0.39012948402664105
35806,0.40877800466796893
35807,1.6859633526799551
35808,0.22372358687628868
35809,7.527273050614637
35810,0.21039343297306906
35811,1.6493923002036641
35812,0.1783908827372615
35813,5.084915732650434
35814,0.25409210536203963
35815,0.49763553498153723
35816,0.8737507684617013
35817,0.9760894923788808
35818,0.465037788315654
35819,1.76003579183655
35820,0.5691651108601508
35821,0.7249327407510411
35822,2.9333795237336675
35823,0.4497961542164356
35824,1.635662570555826
35825,2.952182058619469
35826,0.3591649626927475
35827,8.222253374577933
35828,0.26145538624391135
35829,0.8136693860370294
35830,1.7799639088183514
35831,0.31858601619368315
35832,0.16378503935907204
35833,0.3425643201213211
35834,0.22217427058349742
35835,0.9198705885928607
35836,1.9357635301249931
35837,3.0617423399961696
35838,0.9511109154282058
35839,0.9778990915148508
35840,0.12049491435942268
35841,3.01658360774245
35842,0.8691036518791149
35843,0.10451694938824656
35844,0.27077358915689975
35845,4.804799150983193
35846,0.4184451785798401
35847,1.5473602731077083
35848,1.0083497942112771
35849,0.2002937173661451
35850,1.2705681897161183
35851,4.308755239121246
35852,0.5455402716265237
35853,0.15070811715595364
35854,0.28667131602989393
35855,3.4818946321357465
35856,2.6641913999238858
35857,1.1650954672124552
35858,0.5356113338881011
35859,2.2994263207598533
35860,0.3453524511742012
35861,0.0554118369863591
35862,0.08269281822169611
35863,0.3546831233010325
35864,4.488078543394681
35865,0.20898380398957264
35866,0.11894869484923094
35867,0.6674954128247073
35868,1.6525017811412663
35869,0.28119166355310193
35870,5.870863204426746
35871,0.16073571008651696
35872,4.038735897536593
35873,2.1879900072003426
35874,1.0850015450343125
35875,0.10853050287958282
35876,0.42352382212842626
35877,0.5209990310639128
35878,1.764704326777538
35879,0.1978642287656985
35880,0.5004743027745169
35881,0.6208712935449722
35882,1.364724339013803
35883,0.0651262217446608
35884,0.37648232990659636
35885,1.357257225645347
35886,0.3262305092054704
35887,0.4717781477788703
35888,1.5527703168040496
35889,1.6527185972090377
35890,0.5149310546975306
35891,0.1662131600687093
35892,3.308208367323092
35893,0.4531971021032885
35894,2.388513873388447
35895,0.1582625064345108
35896,1.6875786718066612
35897,0.8100581315055162
35898,3.7287870335823077
35899,0.34436301406126024
35900,1.2959213326581815
35901,0.4311015684202466
35902,0.6406235078627723
35903,2.8846071612532955
35904,1.1268234574167353
35905,0.47230726415188135
35906,0.7657285639105367
35907,0.34775528406567036
35908,1.3320077893387858
35909,0.5235802876374144
35910,0.468595969538511
35911,0.2809515982550337
35912,3.184307229774794
35913,0.29424046096360573
35914,1.040004911143785
35915,0.40370604995071513
35916,1.2365869271664909
35917,2.236785711169073
35918,0.4909834722775733
35919,11.113568961705537
35920,0.6819525732386196
35921,2.6954559242926095
35922,0.5925982952336626
35923,0.474106890009718
35924,0.32206283247982903
35925,0.17521718229378258
35926,0.3364322163047516
35927,0.2280625653689807
35928,0.44882615721777974
35929,0.37740332609740834
35930,2.5208707212682415
35931,2.395560571396843
35932,1.8017368063487291
35933,1.9571175526760862
35934,0.15218379178636868
35935,0.1088785652665597
35936,2.4431181943328464
35937,1.061559106222293
35938,4.124112185438527
35939,0.31748883680372825
35940,0.5116313695134304
35941,0.6890289699199224
35942,0.9056867029591572
35943,0.23410433774872658
35944,1.5138529632075735
35945,2.5934573026259358
35946,0.4384597320104841
35947,4.561758086281266
35948,1.601685107919009
35949,0.9370631189828345
35950,0.98055252071084
35951,0.5166540770010689
35952,4.793514120275319
35953,1.3337929679134273
35954,2.3062027210375335
35955,0.2749994350443422
35956,0.8184928576724854
35957,2.159676983414597
35958,3.101355649721226
35959,2.5956709281646186
35960,2.059222540843227
35961,0.6463122370058361
35962,0.4564407828779623
35963,0.41623231787186277
35964,1.4331987169648839
35965,2.637799977686669
35966,0.09425957700281215
35967,0.760630878327431
35968,0.06287583381656707
35969,0.9651700513097512
35970,1.050662511281225
35971,1.8174713710243022
35972,1.0881054755487245
35973,1.1571016592951526
35974,1517.7064810376905
35975,1.4958571969584833
35976,0.20098963996520133
35977,0.5992759635891917
35978,0.1603142166554824
35979,1.9535719773056395
35980,1.4623326014049347
35981,0.9986679331172641
35982,0.4122219528245591
35983,0.7627635438116894
35984,3.5296387153356052
35985,0.11971196657503506
35986,6.391422419194257
35987,1.8172297306822816
35988,0.5954428687600728
35989,0.9743593551472056
35990,3.0404000072045227
35991,0.5623573506166109
35992,0.5127813154427394
35993,1.7561740601998233
35994,4.5876310198679455
35995,1.4151390504154817
35996,0.7347191787065871
35997,4.127133809600772
35998,0.44181803118398033
35999,0.11195139167815517
36000,0.29819833555533465
36001,0.7058378042083353
36002,7.644764987578479
36003,3.3583662040978326
36004,0.39028809038070983
36005,0.04123502062082329
36006,0.07327539435640702
36007,0.3109271586314482
36008,0.3082781789181716
36009,2.4050643682975252
36010,4.741776717558689
36011,0.19895584567400634
36012,0.1919238735092667
36013,0.21675744037550299
36014,0.6225601809058667
36015,1.4963265514871056
36016,3.414255867380121
36017,0.36120024849069116
36018,0.2126254735280332
36019,1.1622456723962389
36020,0.47898354960682477
36021,0.2833811889488661
36022,7.7590643897409475
36023,0.2550936496456975
36024,1.1141648403179751
36025,2.8065442934505396
36026,0.8602497583539572
36027,3.3215730235357097
36028,1.5145453353352312
36029,0.2299725059210971
36030,0.14312226305840767
36031,0.07148367350973599
36032,0.5850766254769739
36033,0.5567649083663306
36034,4.915713555132059
36035,1.070935927771271
36036,0.8242880785240717
36037,0.12204496439974502
36038,1.755840359376577
36039,1.3793507779341267
36040,1.2624811931241506
36041,1.2564701940457947
36042,1.6929068130418696
36043,0.6275314493605165
36044,1.15563284484801
36045,0.06987606716956248
36046,0.5016736590007771
36047,1.4834173018594725
36048,0.43219080496760454
36049,0.5070638531212144
36050,0.3254988465482353
36051,2.046302777630566
36052,9.504702355360996
36053,0.3252141402391872
36054,0.6528341420429716
36055,0.3634741218590596
36056,0.7228921142672058
36057,2.6694261661267533
36058,0.1575830868909603
36059,0.79748098359988
36060,3.034741642039167
36061,1.7012062127460856
36062,0.7166590065181877
36063,0.0409213447999992
36064,0.21519736012179325
36065,1.1014069986382662
36066,1.070544136324686
36067,3.478199363751782
36068,0.6435441497593131
36069,1.9024918953252061
36070,0.6213761355183951
36071,0.14380958583396208
36072,0.3181505568739044
36073,1.1796384286036616
36074,1.7291900783654612
36075,0.8377706413630879
36076,0.23845930836933754
36077,4.2294520736793775
36078,0.3708486203281158
36079,2.451178888371275
36080,0.19532764879778483
36081,1.568465161286058
36082,1.444080067525078
36083,1.1073215188398688
36084,4.389522711058699
36085,1.339417901188037
36086,1.059799138377624
36087,0.1729043395361971
36088,0.5877533399162909
36089,0.21984937054493847
36090,2.1121529742364418
36091,0.29623241456251465
36092,2.9161118055788777
36093,0.9544008288765626
36094,4.9531934887513716
36095,0.21449812516176153
36096,1.488519769032647
36097,0.17291729014417498
36098,5.132978454827539
36099,0.14185584407505009
36100,0.9888023980015984
36101,0.7440915944138498
36102,0.4226111761693674
36103,2.8902554194401153
36104,3.110381765811514
36105,0.8457081877065339
36106,1.614734428254376
36107,0.17379722352058394
36108,0.25552748678440507
36109,0.09675116537625374
36110,0.657694174692619
36111,0.14266258415510344
36112,1.7212816181515582
36113,3.161175959870356
36114,0.9122319628485651
36115,4.22418613789747
36116,2.733216023323877
36117,0.14466023504715164
36118,8.101793113615814
36119,2.244245049877285
36120,0.5317901218582852
36121,0.5716685923545191
36122,0.861355093055035
36123,0.22730684332645085
36124,0.2845837723290867
36125,0.38881298620762367
36126,81.30676841383836
36127,0.10547040757273007
36128,1.0029698941859437
36129,0.7162980352343877
36130,0.8715162986954671
36131,0.657985820205764
36132,2.733061967630244
36133,2.590122726417061
36134,0.567559743228782
36135,4.195443870559152
36136,3.156442710988978
36137,1.8214622986046023
36138,0.43762925100587974
36139,0.5198955636289951
36140,0.5961241152832519
36141,3.0388069092989083
36142,6.575780351482347
36143,0.28995004717116374
36144,1.7388973457228516
36145,0.10340380091549964
36146,0.6398598210032651
36147,0.49958386089524015
36148,0.3147568874270808
36149,0.5429939870170545
36150,2.235077094650287
36151,0.30766636403932723
36152,0.21830763629957492
36153,0.09089688263516245
36154,2.0664475170223424
36155,1.2959599480139194
36156,0.4053232882127784
36157,0.9135235446160593
36158,0.2375591127735512
36159,0.09299008999624736
36160,0.41278133223679847
36161,0.4002525089212316
36162,3.667491166317821
36163,1.982560681064418
36164,1.1059000532933319
36165,0.23854407385753296
36166,2.5502040077632504
36167,1.7082485474997853
36168,0.2850043015959952
36169,1.6428020579286597
36170,0.26333465881748275
36171,2.65428406598731
36172,0.8193385684444818
36173,1.291870297641879
36174,0.09799373692216137
36175,0.7393443495486344
36176,0.2458882351909436
36177,3.792803093643336
36178,0.3920070185148148
36179,0.6678468405715925
36180,0.11663166361677028
36181,2.6690710878438506
36182,1.1705100007308744
36183,1.8208084613114222
36184,0.9853227369385015
36185,0.5335363763888787
36186,0.14558071592697208
36187,0.02141518023131276
36188,0.5904170836245524
36189,3.2994181395855886
36190,0.7301686972494075
36191,0.27922004328445865
36192,0.6562371387516747
36193,0.10076062234391953
36194,1.3577717135148095
36195,0.6991952778815261
36196,0.38519762492277165
36197,1.6419680258155618
36198,1.1426003343683606
36199,0.4766540767851628
36200,0.5983766789043121
36201,0.1653679791509701
36202,4.5081491265605935
36203,0.37459839151289115
36204,0.9160116707215493
36205,0.37498450510482956
36206,0.5723086933462962
36207,0.9613878621947047
36208,2.006877718996096
36209,0.19323599629347876
36210,0.2562173459347696
36211,0.6878220453725632
36212,0.16892145850508586
36213,0.9986795849460103
36214,0.43554328719169494
36215,1.867036374419859
36216,1.8101870109394418
36217,2.9955565657625263
36218,0.7596702525165491
36219,0.48363122959552185
36220,1.1859207617485494
36221,0.9702392238107574
36222,1.6052978790371593
36223,0.623866997398784
36224,2.55617773331895
36225,0.3411690963759631
36226,2.5801583514400734
36227,0.9415024624726819
36228,7.704383193139213
36229,0.47284905366689367
36230,2.6570760153204613
36231,3.9443761341903243
36232,0.24688871370264903
36233,0.5503447763776024
36234,0.33686484280134443
36235,0.08774962324216787
36236,0.32349622579277654
36237,0.21897275025685922
36238,2.6789841591116597
36239,0.1414659814914337
36240,2.7161171814043192
36241,0.740750840521899
36242,0.17531913989060066
36243,0.33639741255791367
36244,1.5604410476958677
36245,0.0717970286769247
36246,0.3663398735413256
36247,1.3792274258394726
36248,2.8104401056609545
36249,0.6274699583591482
36250,0.36131621455066265
36251,0.20883091485105232
36252,0.5792726156669818
36253,0.29774785328400255
36254,0.31588649984381334
36255,1.1128392039601915
36256,1.9967907018635151
36257,1.847473507911692
36258,0.9722595559195517
36259,1.4220784070359342
36260,0.46241396093666287
36261,0.3163418016297313
36262,0.6421365964540489
36263,1.625807542234922
36264,0.21140060792222026
36265,1.6785288947201382
36266,0.37180392052684136
36267,0.7399211952735092
36268,1.4641953770581875
36269,0.15917643022540157
36270,0.8722366266660049
36271,0.7096917321352921
36272,0.39909209215582675
36273,8.317363866858555
36274,0.081054389725683
36275,1.0370001980186472
36276,1.3238883695424097
36277,1.3716972507408178
36278,0.24475563823420524
36279,3.014287785110715
36280,4.890067686755156
36281,0.46450768999151865
36282,0.301979232793748
36283,0.9866504565384536
36284,0.41256938872172294
36285,1.3033542020741073
36286,0.6721216564769382
36287,1.6227207919382298
36288,0.8831635198086722
36289,4.103284032095085
36290,0.7870399975168751
36291,0.17231768738818498
36292,1.008429955603694
36293,1.0301946871590542
36294,0.8348501132496835
36295,0.3735601250419911
36296,2.2344555602288194
36297,0.21235237074708926
36298,2.1826872443788727
36299,0.8195120174401817
36300,0.7184388689016599
36301,1.8064654731316683
36302,0.5143849850747423
36303,0.8473319085228347
36304,1.6027459299962878
36305,0.9424264104113516
36306,0.290968444798558
36307,0.21161716044122292
36308,1.1101468627436528
36309,1.0712380580673664
36310,0.31835849647356895
36311,0.2347695153113814
36312,0.03394197939814556
36313,0.6395143752743783
36314,3.0341499645829253
36315,0.2619499051415708
36316,0.544347709559743
36317,2.8159666698848564
36318,0.3044629295722752
36319,0.172855651265627
36320,0.24838451116210858
36321,0.36742957803967796
36322,0.2761965312306096
36323,0.2729770768044558
36324,1.1505243424826164
36325,0.6069977344853632
36326,0.47087094711255517
36327,0.23879620568775767
36328,2.8711156316979456
36329,1.5933798527945793
36330,0.6949628046495555
36331,5.462215602139565
36332,0.3524704113769559
36333,0.20681409575273113
36334,1.1324457651110722
36335,0.3707929651861781
36336,0.5421752248801575
36337,0.6634517090566938
36338,0.1463893097846916
36339,0.11731351283557431
36340,0.774673850902861
36341,0.7410079162984743
36342,0.3052505707734284
36343,2.5636341685012423
36344,0.15176312352293567
36345,0.8706297104583838
36346,0.0949739772386418
36347,1.6474001265266929
36348,0.13411612902877265
36349,0.7218486004101281
36350,0.9218431240807867
36351,0.4400613396311118
36352,0.7553560786523732
36353,0.050698443212920816
36354,0.18600967108507233
36355,0.07954250117984525
36356,1.0386631699638258
36357,8.157983263112511
36358,1.1057084027839115
36359,0.08875373301444604
36360,0.7311924639129052
36361,1.2438757422375335
36362,0.8705474421427679
36363,0.21730893540299828
36364,0.3831207465863535
36365,0.5712201142997927
36366,2.1623696526580116
36367,2.146385567536898
36368,0.12081202228245738
36369,0.08875329624359171
36370,0.5082686959040057
36371,0.29065048774599267
36372,2.6715840424980515
36373,0.5799198632070407
36374,0.1951178101057457
36375,0.19133753978576123
36376,0.8045048143503495
36377,0.12350997885336447
36378,0.6274642435047328
36379,0.1137618974558878
36380,0.4457072862180588
36381,0.5116891773189322
36382,3.3458326611626124
36383,0.23221765089760513
36384,0.17368213076671163
36385,0.522537466546625
36386,0.08497325607936412
36387,1.134691553475365
36388,0.7602229080140576
36389,1.8917110681251685
36390,1.240975534369713
36391,0.2614558747271516
36392,0.29746114413234354
36393,0.1570947739432408
36394,1.5967398055208977
36395,0.9738254616412355
36396,2.6796966674568954
36397,3.9400972145672344
36398,1.7584248667408473
36399,0.9438367657082516
36400,0.4534104507019958
36401,1.0581596856013855
36402,0.8781405649932592
36403,1.060166030700375
36404,0.7460860442735487
36405,0.2195083201267458
36406,18.922511922074655
36407,2.2398601704662893
36408,1.9723674946599707
36409,0.18945581576049084
36410,0.27779385089206066
36411,0.1416450421140037
36412,0.419807284891126
36413,0.4844784803638532
36414,0.45212257707743575
36415,0.09778880130920758
36416,0.45525254341473176
36417,3.346702623234787
36418,2.736503078627092
36419,0.23268303255053316
36420,1.4473707692416098
36421,5.117165381209272
36422,0.6434721214525085
36423,0.170351575127006
36424,2.5499894177931646
36425,0.09392049523590164
36426,0.7287739231888788
36427,8.439895042848695
36428,0.22613301948547293
36429,0.3562435890684956
36430,1.185900648857487
36431,0.27935571200240567
36432,0.18760940949593252
36433,0.9503575493399461
36434,0.7445857660954841
36435,1.3772824961329222
36436,1.2440258095866426
36437,0.2765145470989546
36438,1.4407336198167326
36439,0.44980366178045306
36440,1.2549197157707797
36441,0.4840128927919375
36442,2.461175664986504
36443,0.6335520514649393
36444,1.0101591437877038
36445,1.1658207236925995
36446,1.6147430103213762
36447,0.1665749554205052
36448,0.8045666008644621
36449,0.8037923679496286
36450,0.09621709281429364
36451,0.2741478562195008
36452,0.49421221768221946
36453,1.701282024136352
36454,0.9932831697459394
36455,0.5670182277876988
36456,3.26475595176029
36457,2.385125012603995
36458,0.11042941743998178
36459,0.30390767561781673
36460,1.0238693265758558
36461,0.13041107757778653
36462,2.176187082436425
36463,0.5312721308243662
36464,0.7666649503787347
36465,0.1376960162951248
36466,2.6767345956573902
36467,1.8719520102991025
36468,0.5188452122865022
36469,1.131108313408667
36470,0.5857912070851805
36471,5.908893235538063
36472,0.7163100622595232
36473,0.6254455110682906
36474,0.14257916987630465
36475,0.4991940578737012
36476,1.4593366687856224
36477,2.037770469295756
36478,0.6477694293334525
36479,1.082215928869367
36480,0.163865816879404
36481,0.38584692954025174
36482,0.28121112577485385
36483,3.449188117593653
36484,1.445800407952287
36485,1.0483558361562717
36486,1.6854948285516316
36487,4.79291194678269
36488,0.06400947388917735
36489,1.479086883762972
36490,3.6820676764481965
36491,0.45952712494803616
36492,0.44918530230514503
36493,1.2504314881343424
36494,1.5311923954775193
36495,2.2653224158042335
36496,1.1247973308890211
36497,0.6934087916655248
36498,2.840961056604903
36499,0.3134814101797435
36500,0.6581616983717327
36501,0.5478943378517143
36502,0.5758476444250016
36503,1.461003639722796
36504,0.2987102938750045
36505,0.1178523554635781
36506,2.5455075357797745
36507,0.37117205125962915
36508,0.24061880072722988
36509,0.29854732174125836
36510,1.7219488067212416
36511,1.415954865051467
36512,0.18528585815429505
36513,2.612492353422755
36514,0.9061165146128378
36515,3.914738436638227
36516,0.629385869528623
36517,0.42734952858086644
36518,0.4715388460492186
36519,1.4923439889916148
36520,0.3688754609143158
36521,3.072069519044218
36522,0.1541150033859435
36523,1.7703945489551332
36524,1.811988626396832
36525,0.1539211104528886
36526,2.129341067287487
36527,1.7092897378471616
36528,4.572943967546875
36529,2.64335025971973
36530,1.2642389435067498
36531,1.014056415909669
36532,0.06078027378179835
36533,1.0140040231089038
36534,0.6317455627826564
36535,1.1443549628480623
36536,3.5065995449352587
36537,1.587550099571216
36538,0.46842267533521337
36539,2.987818073558861
36540,0.9582854548566119
36541,10.304990850540525
36542,2.380177264334459
36543,0.15610414864743286
36544,0.35460970503769695
36545,0.04540549152653986
36546,2.3292743952739428
36547,0.7926171346581473
36548,0.6643330792190851
36549,2.819757681959452
36550,4.2793931853136025
36551,0.6005181003909124
36552,1.750902659583485
36553,0.229448323774814
36554,1.673467117040147
36555,0.09991491339944582
36556,0.4561743964334392
36557,0.9395340968313779
36558,2.4159934662698817
36559,0.39811025808223616
36560,0.40866073798069114
36561,0.2705492928800767
36562,1.5422666867531956
36563,0.028859501347045347
36564,0.3084788620093295
36565,1.7341601968912919
36566,1.2670969306719708
36567,0.46789139151634107
36568,2.9608236474809613
36569,2.1291253397353254
36570,2.202075000490994
36571,0.9258348426335973
36572,0.07636258737247278
36573,1.983830943611206
36574,0.28253277552087686
36575,1.3078340976510912
36576,0.39231867783576496
36577,1.7047051614040876
36578,0.8792197499005648
36579,5.224657406473397
36580,1.1140987182221815
36581,0.16653306884504412
36582,1.0924747521763105
36583,1.776541466815829
36584,0.4509955481247628
36585,0.9201938313576964
36586,0.9315726725720599
36587,1.5395344993643394
36588,10.300929011209833
36589,0.2523021721591803
36590,5.268906604111011
36591,1.6874779136515323
36592,3.084980684096952
36593,0.051515521292776555
36594,2.0447777827214173
36595,0.3468105205672272
36596,5.723410469203852
36597,0.742476792315944
36598,0.7249780781494387
36599,0.3007206983704135
36600,0.6547586583197476
36601,22784.83014068452
36602,0.37072332871679486
36603,1.7652797167237508
36604,0.27551769966249384
36605,1.8197439136927105
36606,3.5257811945519966
36607,0.17640866770230196
36608,1.4621987637247496
36609,4.447308261458523
36610,1.2610539318794167
36611,0.9944137597931004
36612,0.21957631227791236
36613,0.7566347066232059
36614,1.7278941968252788
36615,0.3955538668418419
36616,1.1420069515136329
36617,0.29237728841769933
36618,0.3206225813826498
36619,1.8712728251152888
36620,5.2064961138595605
36621,2.36141479869139
36622,0.2152032310530402
36623,0.06999871297001821
36624,1.8040030487042986
36625,0.4355829955527182
36626,0.9224221275426046
36627,0.7927607073748246
36628,0.43607718250684807
36629,14.013614541593984
36630,1.5479507648625574
36631,0.6815236226123071
36632,1.1558609177241879
36633,0.09875166338989018
36634,6.63904846895867
36635,0.4121681497857943
36636,0.20592501233208982
36637,0.5371077470952877
36638,1.6643561540458478
36639,0.30126101125900645
36640,0.9868974154070603
36641,1.8432373519327043
36642,1.2888427591239406
36643,1.43291982867415
36644,0.10351572308379259
36645,0.7004584735955757
36646,0.8170247343667467
36647,2.3123761946459647
36648,0.2877007204036513
36649,0.2838773959698607
36650,0.26470205877059894
36651,0.3724160071079727
36652,0.6643709265143152
36653,0.2498190871912936
36654,0.7097020288796853
36655,1.3473310106604146
36656,0.8754855946393992
36657,0.9209460590502571
36658,0.904761858448474
36659,2.3353256449233113
36660,2.069665815471353
36661,0.16853109593315346
36662,0.6780149293252504
36663,2.511609670161807
36664,1.4680692190789923
36665,0.11571267109036039
36666,0.6046798627070572
36667,401.73508069861447
36668,1.478273474263121
36669,0.5232518058924286
36670,1.571316971805948
36671,0.33215884951912505
36672,2.213904057934051
36673,7.170513145423
36674,1.098042013825208
36675,0.047169908831642154
36676,2.1006586446082522
36677,0.2853178758834733
36678,0.7097308122669816
36679,0.5272675090443317
36680,1.4710235826868743
36681,0.6037331363704943
36682,0.4982056134725902
36683,1.7229167444157512
36684,0.5944501937779301
36685,0.6521840785309909
36686,1.475649508581346
36687,2.656195558704523
36688,0.33552524625397234
36689,0.9557608641269256
36690,0.37691192302841314
36691,3.8554251273834352
36692,0.4713392502146165
36693,0.4398009225724275
36694,2.158339414973376
36695,1.8029879395842758
36696,0.23449949473278928
36697,0.8649941449308131
36698,0.3598962799931417
36699,1.9877590508417429
36700,1.9391818088870396
36701,0.04922587176445368
36702,1.6287869157941868
36703,2.3461006976763734
36704,0.9427643197053048
36705,1.7956677936230578
36706,1.2397190464151302
36707,1.4170768855690623
36708,0.23029291963405896
36709,4.7392601063588975
36710,1.2122839850499618
36711,0.05942405924007532
36712,1.7342722753874154
36713,1.3148710115831501
36714,0.71782533794596
36715,0.5520719656838575
36716,105.31146573694657
36717,0.24604157342729233
36718,0.32469466657790097
36719,1.1153861050412823
36720,2.4519812407323474
36721,1.157009229743108
36722,1.6689804734673153
36723,1.746464068883252
36724,1.8675486103395016
36725,1.7609873861065124
36726,1.4270508438419218
36727,0.6209374127078061
36728,1.5018408070286793
36729,0.21490187778370318
36730,0.5565434115281789
36731,0.2755049804037589
36732,0.22594360359216592
36733,0.9963236496383973
36734,3.5910695673362
36735,0.9722503344277933
36736,1.200034095066034
36737,1.3689551356449934
36738,2.181569957982656
36739,1.4540788658245392
36740,0.47348324532891994
36741,0.33311153413343675
36742,3.039890556339092
36743,1.8973458889269919
36744,0.21421191566291553
36745,0.5083033418370158
36746,8.411419230059002
36747,0.39018942778125637
36748,17.462997757432177
36749,1.6243233785283704
36750,1.0376679514390825
36751,0.8046928229845903
36752,0.8663262260655644
36753,0.07592078916813647
36754,1.5502727600166868
36755,0.16239841796342844
36756,1.3689952888182635
36757,4.111108742226903
36758,6.630477353189347
36759,0.34444208711452334
36760,0.4204680947570121
36761,1.1684867078769785
36762,0.6824515616837763
36763,0.040424620355451996
36764,1.7492641620121407
36765,1.4578673808062748
36766,0.8749700718658615
36767,1.7411351649161164
36768,0.5335477948762828
36769,7.338459587550513
36770,0.2246503349027526
36771,0.881386699025059
36772,0.1925347434608914
36773,0.05844359508926916
36774,0.762629649702034
36775,1.6548927744305797
36776,0.5888036168526993
36777,1.734184542097427
36778,0.5564469844476038
36779,1.701239734999616
36780,1.3045216827058748
36781,1.9501494251123939
36782,0.6296664785709001
36783,0.20301387129018572
36784,1.8375443946449659
36785,1.525110158367494
36786,0.7108315348588748
36787,0.5786325376274739
36788,1.915342564444492
36789,0.7525097110736508
36790,0.5589200316346473
36791,2.5198838604424028
36792,1.2158690657430873
36793,0.06612445048446511
36794,0.970532992059906
36795,1.7714500775417716
36796,0.36662668314633406
36797,0.3195147752357148
36798,1.1787915065783285
36799,0.811621532677006
36800,0.2775650509927077
36801,0.16002394434580994
36802,0.5497926455520329
36803,1.0180525165471783
36804,2.7870561701375123
36805,2.7714292153846207
36806,0.785263052952942
36807,0.736251981576503
36808,0.05914441863998257
36809,0.9014987261602906
36810,0.11182487426859145
36811,0.48210622441567574
36812,1.2141256834575427
36813,0.22891638553222463
36814,1.0656893169508619
36815,0.1757399560670813
36816,0.09946915814638081
36817,0.5188889263621743
36818,0.12768249751404295
36819,0.26215695953060647
36820,1.0320247875653388
36821,0.17039521745993005
36822,0.8393786446301512
36823,0.2696912532353113
36824,0.9749357901591127
36825,1.487539739702703
36826,0.08784310914259509
36827,0.4030621011586981
36828,0.29130923299961753
36829,1.3426984047897959
36830,2.0228136998882067
36831,0.7448176230522754
36832,2.0652491996155287
36833,0.1356901338913156
36834,0.3729868225471234
36835,2.5072944742901715
36836,0.12376377722436435
36837,0.0738653945739629
36838,0.258884472080815
36839,13.705357935186289
36840,1.7946654738169414
36841,0.12984864941952556
36842,0.18128723965136856
36843,0.7432441405975675
36844,0.5932473340637949
36845,0.8024348889717464
36846,0.062164285734887775
36847,2.1202094108210767
36848,0.16920794023700522
36849,0.5494903163045268
36850,0.07920220410810475
36851,1.76155398159458
36852,2.223456518208774
36853,4.31722922397864
36854,0.15340685453186303
36855,0.5248074551342032
36856,0.21462214502126917
36857,0.03268342650471853
36858,6.185183883848532
36859,1.1293255322973845
36860,0.09156468162275752
36861,0.7856303771172045
36862,0.8763935499192336
36863,3.9026319262916775
36864,1.3485217327755952
36865,2.4664493297638153
36866,0.20358686357929104
36867,0.2796940368922724
36868,0.6270201874324882
36869,1.7895852927497011
36870,0.4808220175155683
36871,0.775138473652135
36872,0.19417165524792612
36873,4.073209193794218
36874,0.6332684366001137
36875,0.3393841974020346
36876,0.7646522651388372
36877,0.20756672989005423
36878,0.1698967391991425
36879,0.475440013528302
36880,0.82068488964203
36881,0.7773561628225973
36882,0.5916167080084942
36883,1.7887739304067916
36884,0.1593605013752063
36885,1.408347425684088
36886,0.2952734038196466
36887,0.2845373857235038
36888,0.24514185739874897
36889,0.36149236428929443
36890,1.1749794516876084
36891,0.24154646578535813
36892,0.2110128594751943
36893,1.2637593418450281
36894,35.14869438542991
36895,0.9502555083394406
36896,3.600175192468445
36897,0.15590430775277198
36898,0.21349635136647366
36899,0.17837839023375296
36900,0.48555773078076603
36901,0.6352121418212135
36902,0.6263910215102492
36903,4.347946973551692
36904,0.5890786727295708
36905,0.9793200719664952
36906,1.3105198463913816
36907,0.5350968429616375
36908,1.1765013951684753
36909,0.48561333048451294
36910,0.07057372663082628
36911,0.6212033138959998
36912,0.549649117582592
36913,1.6774926949594788
36914,0.07513127398258414
36915,0.6766734674115502
36916,0.37399733637033505
36917,0.04729596184013278
36918,0.13009464883360075
36919,1.0824994418151979
36920,0.4523153323619289
36921,0.22251731995049134
36922,0.7267588088070714
36923,67.35789461468111
36924,0.5682578262694055
36925,5.5276344674917155
36926,0.20666247864045673
36927,10.537930345671521
36928,0.3366505954038381
36929,0.28129268549038644
36930,1.1017053047885308
36931,0.7979712460791211
36932,1.357184777824967
36933,3.8813975711556643
36934,3.5240781477383587
36935,1.7472259660561387
36936,2.3338969372239617
36937,0.24635378257377347
36938,0.533636919543735
36939,5.854150177624099
36940,0.992057120918293
36941,0.42665014707649557
36942,1.7151927213791645
36943,3.9952802724976024
36944,0.575101920488966
36945,0.7790005173078148
36946,1.5148413754475616
36947,0.7110523388955062
36948,1.7773546754089373
36949,3.9250087510879945
36950,0.8528091108653358
36951,1.2741519381526347
36952,0.5816626001626837
36953,0.5124154757648743
36954,0.41235681954490416
36955,1.1230933178861344
36956,4.32097886922183
36957,0.24997569012058785
36958,0.13763305024196482
36959,0.540484215994855
36960,0.7235043603665731
36961,1.394479530834009
36962,2.3272729595397075
36963,1.2703986870449315
36964,0.8283593171876674
36965,1.061885826051771
36966,0.21931529500030514
36967,2.476981037969173
36968,0.09691158650842684
36969,3.731043834377239
36970,1.8699466725647138
36971,0.37694828463155095
36972,1.9256522989859874
36973,0.3479293013602837
36974,0.5766077706716002
36975,2.566508383785815
36976,0.15565446471912664
36977,0.3386910350991127
36978,0.573524369009609
36979,0.9880459362759115
36980,0.7619721059072793
36981,0.36504933730079997
36982,0.6338200695927575
36983,0.8736393780222058
36984,1.2546010609745917
36985,3.0018231685945715
36986,2.764390549896767
36987,1.989763168931146
36988,0.21103747954884994
36989,0.18808664049821489
36990,1.2977343828894998
36991,0.20650248114388325
36992,0.8895868209105487
36993,1.7685021470518183
36994,1.2339916186540318
36995,0.5254314542915122
36996,1.2985540654296885
36997,1.6166998093316594
36998,0.1446268228057756
36999,0.11916681968384078
37000,0.08273560173817111
37001,3.1835239480942015
37002,1.225919397273742
37003,0.8044431717091268
37004,1.0052654310202902
37005,3.756377295772972
37006,4.289021678175342
37007,1.8758363454780753
37008,1.0217844284370585
37009,3.2468108768776913
37010,5.815082301260175
37011,6.662460040004005
37012,0.2041035917241632
37013,0.44282630505466636
37014,0.7268586368982174
37015,0.6294660479014907
37016,10.623137765783236
37017,0.7655642287457982
37018,0.2897681187687672
37019,0.3065571992040056
37020,2.546660296262999
37021,0.21490276690103793
37022,0.25181163239719556
37023,1.7439511405674222
37024,0.618524969252529
37025,2.5150993115700353
37026,2.0383480139243058
37027,1.6685567908993442
37028,0.6048378679278269
37029,0.6008567756929295
37030,4.436833369373571
37031,0.18633683005678633
37032,0.14676473913107227
37033,0.2505119213428548
37034,13.473692946074468
37035,0.9949059058761317
37036,1.108391823173596
37037,0.8688191634917333
37038,0.6126087632318166
37039,1.857165016535696
37040,0.17816197044171395
37041,1.0765167465996826
37042,1.9302011252836353
37043,0.5615770369313797
37044,1.9518642047649846
37045,1.9935075875186756
37046,1.4949655167039837
37047,1.018760571023317
37048,0.7011482120801913
37049,1.4508810986685055
37050,1.7132894317148575
37051,1.338212434140815
37052,0.952581448687947
37053,0.37744340791265685
37054,1.0229039695492779
37055,2.0099679417741125
37056,0.6952105436783639
37057,2.200641702805846
37058,0.3585519238471477
37059,0.517612323727345
37060,2.2743050020061677
37061,0.6735728011667093
37062,0.5718342089724536
37063,0.3776718466086103
37064,0.05608678585964445
37065,0.21119693270955284
37066,1.5743484756695505
37067,1.0679510823336793
37068,1.7866353035543647
37069,4.474374813992088
37070,2.3067535035372577
37071,1.7820927864855598
37072,0.41911951790997004
37073,0.25872708235350605
37074,1.5365399739484056
37075,0.3422144530448948
37076,0.21562836479696723
37077,0.6765876407287639
37078,0.25809731683489945
37079,1827.764017286715
37080,1812.2438389451504
37081,1.1272175039635033
37082,1.612419710270683
37083,0.6778902147227075
37084,2.5102972155082277
37085,1.122937186959127
37086,1.5978753703339528
37087,1.0971161975577541
37088,0.7635961218438061
37089,0.9690768228042699
37090,1.053828856949246
37091,1.3701643554888727
37092,0.44838941548055833
37093,1.7927933651373513
37094,1.2415980232476949
37095,0.16601437826428322
37096,1.321992358776781
37097,2.9035938326206794
37098,0.8148776946839722
37099,1.5395696954919982
37100,1.3182604717485638
37101,0.8445834271132573
37102,2.2388289097196807
37103,0.9262736424957314
37104,1.0550346635378154
37105,3.0948548520285755
37106,0.6636381336115366
37107,0.13896869052169963
37108,0.8935748145121161
37109,29.011754766058484
37110,1.400177955245474
37111,4.080982079311454
37112,0.5278665642539584
37113,1.947829271053224
37114,2.403286642272031
37115,0.6799702749944478
37116,0.18718415192988247
37117,1.1748208575493222
37118,0.4490783893169378
37119,0.10180232117044077
37120,0.24145579904686795
37121,0.16619825085763928
37122,0.3592325760981886
37123,0.6821891500919787
37124,0.9665828229893788
37125,0.4716115706949485
37126,0.36121611296655287
37127,0.8720515812757939
37128,0.21024986968063653
37129,0.850339080745868
37130,0.33699118250882837
37131,0.446513445219257
37132,0.12661599532406162
37133,0.4320111739658886
37134,1.8174738965353399
37135,0.8801687011520434
37136,0.9026008686701159
37137,0.24534427531702438
37138,1.122437900302922
37139,1.522471535354411
37140,1.9492356807072784
37141,1.5610473454353484
37142,0.11702467206727576
37143,0.5171390498681883
37144,0.048425738287313155
37145,4.524587395203808
37146,0.4160920454551112
37147,0.5650947318981602
37148,0.7874172825515765
37149,14.382726875913038
37150,0.15159821761045772
37151,0.08705240845176804
37152,0.5917997360766
37153,0.248467433931012
37154,2.5631255524492222
37155,1.7091748775542372
37156,0.2671643836006531
37157,0.17309607828095896
37158,4.513117289151517
37159,0.1351914332274793
37160,0.2097195015841987
37161,0.7285397567869902
37162,1.2375784729285786
37163,1.619052988850401
37164,0.35147716255467815
37165,0.4636740520215532
37166,1.0512850601899357
37167,1.3550760563383486
37168,0.6726188951140053
37169,0.3006795162637215
37170,0.6766275310841787
37171,1.1131111529151767
37172,0.0730938321468147
37173,0.3573863458482127
37174,0.18278205910999226
37175,1.7674449889666397
37176,0.29918673943403057
37177,2.6205765420028895
37178,0.2973554302926693
37179,0.4457296135346517
37180,0.6362221669916537
37181,1.884332511685861
37182,1.020862895673605
37183,0.2533666808137074
37184,0.36614618693851086
37185,0.15263746451410684
37186,0.29404193478573903
37187,0.4391168478138277
37188,0.3467564297925277
37189,0.23310312626113022
37190,0.21998689215192188
37191,0.5738862102295151
37192,0.11998661746604553
37193,0.6272082522502288
37194,0.8965379970460428
37195,1.0337898456621044
37196,0.4838068752023549
37197,0.23548841267722895
37198,1.1975290485349823
37199,0.2307491112617983
37200,0.5788637138028023
37201,0.609000376274595
37202,0.34473459462272726
37203,2.334706018480359
37204,0.7273485369782974
37205,0.023826340100807267
37206,0.2122930361172421
37207,2.0447930810053907
37208,0.3920900373315658
37209,2.601112104131349
37210,0.30626569062194625
37211,0.6597416391594015
37212,0.506318953784113
37213,0.11862961754654062
37214,0.621890291644782
37215,0.21456126584330215
37216,0.33160319785280246
37217,0.6689402904244113
37218,1.2069653421507678
37219,0.7506635052460403
37220,1.661952387303679
37221,2.9664129156360226
37222,0.48705823942640614
37223,0.9529537518684816
37224,1.0040408473309523
37225,1.7163106981363268
37226,0.27755127734396634
37227,0.18682940046971772
37228,0.15933838329360805
37229,0.21142279025241711
37230,0.5161697496140362
37231,1.5267775864988065
37232,0.17246593463936802
37233,0.5113888767632223
37234,0.48851772412827627
37235,0.0925410736613297
37236,0.6837812011319636
37237,0.53509927822539
37238,1.316580903884489
37239,0.2093173405869879
37240,1.238938506582559
37241,0.7593864732038427
37242,2.850371464517146
37243,0.12260308342618446
37244,0.0656548868479733
37245,0.13414467686207357
37246,1.9290919525596217
37247,0.3336509093782453
37248,0.38165695763787955
37249,0.06712284939540025
37250,5.7560973627682515
37251,0.05920154162165267
37252,0.9515663729079342
37253,0.6540371487094561
37254,0.431206140973946
37255,0.9582359066743558
37256,0.3263437721861632
37257,0.2959459870135702
37258,0.9558767530979018
37259,2.850532298181908
37260,0.1278043027027795
37261,1.802954725914742
37262,0.26990398745393657
37263,0.7837908269983569
37264,0.418376725025516
37265,0.32744646524110843
37266,0.5997097235425981
37267,0.21369042976745373
37268,4.326905891557423
37269,2.6622454251541026
37270,2.2981846620168582
37271,0.15604079776697694
37272,0.21905654716773584
37273,2.675157445511881
37274,0.3480695791440346
37275,1.2951890635581076
37276,0.23492758675275127
37277,0.3273578251249423
37278,1.2749979534877847
37279,0.39130188290412937
37280,0.6351453647712041
37281,1.2674818127434413
37282,0.4931216548044095
37283,1.0176339188862062
37284,0.5095805339704309
37285,1.838957987127271
37286,0.9395675459787235
37287,0.4892370826622012
37288,0.45132862715889926
37289,0.6776924271552929
37290,0.7076056916749064
37291,0.04537940218294604
37292,1.945379251051367
37293,0.5887961401029426
37294,1.3609302642025762
37295,1.0185956532426572
37296,1.1202436075672983
37297,0.3221461681014772
37298,0.7785402837736499
37299,2.9182768179113014
37300,0.04431095678394219
37301,1.0406117609197099
37302,0.23428352932812255
37303,0.13498621634085944
37304,5.609440985276397
37305,1.0488593491489298
37306,3.0383604058337608
37307,0.6092507516977383
37308,5.560848452197434
37309,0.12631088752339076
37310,0.7525375912931257
37311,1.9139234609913212
37312,0.49728913151331355
37313,0.7462847672040404
37314,0.48090804221039807
37315,0.9035449505154864
37316,0.43984021509584376
37317,0.2909242823111231
37318,0.9898413947343762
37319,2.4600558762142897
37320,7.102641436221487
37321,0.8213898110857613
37322,4.0353106856231005
37323,0.4011280641364191
37324,0.08983738312917262
37325,0.3590804394390601
37326,1.8956247665761485
37327,1.7713145586858132
37328,0.21780548881045947
37329,0.15811179577265264
37330,0.08826762872962797
37331,0.5012364742213941
37332,0.3085810762830331
37333,0.640492046028255
37334,0.3624690074756919
37335,0.4506521746768101
37336,1.8150193736597506
37337,0.18629714216736
37338,3.1281297996451523
37339,0.0871616722579246
37340,0.20019160003090755
37341,0.16441671692033685
37342,1.1937759528596499
37343,0.5725649048739492
37344,0.2759541489192176
37345,0.06224586470226774
37346,0.3029317284283175
37347,0.15107414570255054
37348,0.5372688923691786
37349,0.6832585575082383
37350,0.16422108292320578
37351,0.6452327396783751
37352,1.6386952754128836
37353,0.38765731967682693
37354,0.6836654040279462
37355,0.11635008401446675
37356,1.8808751754327906
37357,0.557608112799067
37358,0.3463944852679778
37359,0.3421003857384277
37360,0.37828509861380794
37361,1.3934023973789793
37362,0.20109680118651235
37363,0.4083162277084812
37364,1.4618509728050135
37365,5.170413100322965
37366,0.0732971141434538
37367,1.02164263460628
37368,3.6288629866949744
37369,0.4197021788286487
37370,14.907575904588608
37371,0.34837827611736194
37372,1.2059556973931862
37373,1.492234311742589
37374,0.16158058075313567
37375,0.23588436700315957
37376,0.7038996325780841
37377,0.1828954065166908
37378,0.360636010496108
37379,0.29645971901853985
37380,0.49370429950269007
37381,0.2621969606185939
37382,0.487969890744648
37383,1.8668862245799758
37384,0.8477642959487663
37385,0.9927155392153265
37386,0.8679573147103026
37387,0.8017619150194448
37388,1.8480112278787297
37389,0.4409447754604799
37390,0.10727349353291286
37391,0.6171052745515502
37392,0.460769158577618
37393,0.4645277771171509
37394,1.195320064327012
37395,1.298095659572631
37396,2.666327356632699
37397,0.25473382535124695
37398,1.7164647449002441
37399,0.6026980925329315
37400,10.08587076008914
37401,0.41822318974290207
37402,0.6902180979397258
37403,0.13762601087934603
37404,0.40323663812321536
37405,0.7271149382965499
37406,1.9841407094754553
37407,0.2910411666705466
37408,5.1307816050941115
37409,0.5970407148355907
37410,0.6209632492348717
37411,0.7522890144813421
37412,3.9824060105615304
37413,0.9267371420236615
37414,2.865583536011952
37415,0.9041428125979357
37416,3.9616486573239404
37417,1.6701738075640664
37418,0.5200817692905768
37419,7.559205212316
37420,1.4254461494953525
37421,0.8265062042412912
37422,6.273479935062749
37423,0.11162127785939177
37424,0.3182543584828568
37425,1.9307743714045358
37426,0.04256738148435469
37427,0.5871190796543667
37428,0.517861989667553
37429,1.552339746831299
37430,0.32265885390872406
37431,0.3308035417199824
37432,4.829070975900921
37433,1.7282710628528932
37434,0.5652055372902197
37435,0.7042522856077237
37436,0.4832098490210979
37437,0.29063177336636437
37438,0.205003209018012
37439,0.12023262952348114
37440,0.08678727272417437
37441,0.9495888978149157
37442,0.3992463470364843
37443,0.14362038800914526
37444,0.4961567893619304
37445,0.2899365635970496
37446,2.39396698733648
37447,0.7775153676075366
37448,0.6286351764619917
37449,0.6014667950955824
37450,0.4710841230560119
37451,1.8347894506133082
37452,3.440344736291946
37453,0.9476771923037518
37454,0.13764989679398262
37455,0.32408356739798166
37456,0.8372994882462211
37457,0.6857591843821071
37458,0.49800421728481775
37459,0.44217514440085287
37460,0.016709233921366848
37461,0.1629530574920994
37462,0.751909540816952
37463,0.331998313969605
37464,0.17650769702824903
37465,1.1656147125949112
37466,0.8753589283820143
37467,0.9277438829374571
37468,0.2610383142658496
37469,0.1377649534826993
37470,0.8553792531636959
37471,0.03481995265808555
37472,0.18035820280083162
37473,0.13941846801413788
37474,0.8124084264997203
37475,0.2986936152360993
37476,1.0470928872064191
37477,0.19281330506442484
37478,0.024454895807137386
37479,0.3905040678547203
37480,0.05483843368209858
37481,0.07699464204693864
37482,0.4788588942648996
37483,0.3135277201559724
37484,2.8578846747774542
37485,0.2779451749114297
37486,1.017717161272262
37487,1.615589289325659
37488,1.2668166483060297
37489,0.19486271045491532
37490,1.2107246133226177
37491,1.7499040979856881
37492,1.6464468976709776
37493,2.551041944895597
37494,0.8730427866595524
37495,0.1606717555474124
37496,0.8866132878042865
37497,0.6133053962640417
37498,0.19445330137231204
37499,1.0350230093122683
37500,0.7855799805442215
37501,0.5454946023044794
37502,0.5757436009340726
37503,2.0288168091289407
37504,0.6067475102901961
37505,0.8044887023130218
37506,5.035301737667617
37507,0.08141532881285186
37508,0.9092898253001969
37509,2.159670658224506
37510,0.7168994649298778
37511,1.1637252320050897
37512,0.27298103397169204
37513,0.7180082234341304
37514,1.168476550619102
37515,2.6728778367994193
37516,2.1815660264236447
37517,2.3567153292109686
37518,0.5637325514380318
37519,0.1254765847549481
37520,0.3950916097783418
37521,0.049686504051156336
37522,0.1479140236644167
37523,0.15184214305544885
37524,0.3738224051244104
37525,1.0412188316516695
37526,0.05489060860412738
37527,0.28183024702091636
37528,1.4195185720183712
37529,15.983865651793955
37530,1.2537471966404146
37531,6.181956804413831
37532,2.3332489634380873
37533,0.6588243982402049
37534,3.836413324520197
37535,1.3601023808574202
37536,1.6505312783004664
37537,6.5741423296455
37538,2.596419953208194
37539,2.4463838850556816
37540,2.043701234821018
37541,3.9652227483293707
37542,0.35842233339694063
37543,2.3260207620469413
37544,0.9964384610219372
37545,0.8159124020998795
37546,0.7815348832422643
37547,0.30235813623904967
37548,0.2496894290445717
37549,2.023605427526144
37550,0.33100690642873376
37551,0.7568309968619192
37552,0.5443396405149243
37553,0.03169475440777985
37554,0.5930809759338261
37555,0.13328221145097732
37556,3.9893248027932198
37557,0.553467824726396
37558,0.5570369911735906
37559,1.2221834154362088
37560,1.270666218662918
37561,2.2725868498718
37562,1.2762401908561491
37563,0.3744619640169685
37564,0.5105057694047332
37565,1.7440362623664263
37566,3.3355454443624613
37567,0.2205316108031618
37568,1.07728787132185
37569,2.0408400207560407
37570,0.2941193709032464
37571,2.5781544256438873
37572,0.33898772907185887
37573,1.0347074356182524
37574,0.712724371297051
37575,0.844017293911374
37576,0.37854264210270144
37577,0.2958690400316263
37578,0.3753424264334745
37579,0.6878211587595111
37580,0.22611227799374084
37581,0.8237351084166017
37582,0.8063965897150952
37583,1.0433876837638931
37584,1.7980359660838143
37585,0.7045059298358887
37586,0.29934300282641824
37587,0.1837799538714363
37588,0.41973073348535855
37589,0.10614119881362503
37590,0.1524546135261501
37591,0.25036891018406315
37592,11.139551139983038
37593,1.0707625809566748
37594,1.5977670460698294
37595,0.6460285805999912
37596,0.3246718342938241
37597,1.5800575794233505
37598,0.01734542954495375
37599,1.4282279431755749
37600,0.5504267315967563
37601,1.5556943932838885
37602,0.9345371044414172
37603,0.6742435154411277
37604,1.5302423144893553
37605,1.2826985330857406
37606,0.32440342914622694
37607,1.2994132000190224
37608,1.0399482812858691
37609,1.2751881813277675
37610,0.19612885851969042
37611,1.0818550406381688
37612,0.7007338114473917
37613,1.2784503871570565
37614,1.7093973517798555
37615,0.2580965618869865
37616,0.061210031899975904
37617,1.8957742191428206
37618,2.125149349489161
37619,4.578013710217246
37620,2.0963904016880437
37621,0.5677256377520268
37622,0.9138109053409433
37623,1.0057789329529048
37624,0.4947469316418482
37625,2.114091796970732
37626,1.1898818256273778
37627,1.2859846526752587
37628,0.631632874640525
37629,17.26802924868489
37630,0.20848148909320818
37631,0.9699450446537362
37632,1.8045225041072932
37633,0.14183948315692463
37634,0.5605852735554667
37635,1.2285061101861317
37636,0.5121455084263427
37637,0.7812393542929921
37638,0.49042897354168846
37639,1.0048271359179308
37640,0.25379627878456334
37641,0.6032592081783248
37642,1.5838804531924287
37643,0.23782588311339375
37644,1.3804821529297464
37645,0.17255749387635969
37646,1.3369452596368305
37647,0.2275765886649679
37648,0.8631366247617238
37649,0.4757601071396732
37650,1.000715465622086
37651,0.9329583798484811
37652,0.4889129510426047
37653,8.016014103079323
37654,1.9523672047575302
37655,0.6804535170241738
37656,0.699375984639462
37657,1.7845803368786706
37658,0.2926081388838732
37659,1.6014726398509302
37660,0.05195002908149601
37661,1.1077579346228021
37662,0.1227695511413569
37663,0.2653007910240896
37664,1.3912251329761052
37665,0.4981674272801211
37666,1.026129462295401
37667,0.23723760312444905
37668,3.528748964820715
37669,1.8702355236421204
37670,2.95407019175305
37671,0.5960555896539834
37672,0.5014314801046852
37673,0.3691623021794902
37674,0.8726287315588973
37675,1.4581594987663784
37676,0.7553421890599569
37677,0.8402042474333019
37678,4.141156779647994
37679,0.08070814352795096
37680,0.28698970120726497
37681,0.04039763453128409
37682,0.39518547813086424
37683,0.5825720342066263
37684,0.21338094954760764
37685,0.4713580406098938
37686,0.2896011853183792
37687,1.1854394391409278
37688,1.062710408254899
37689,0.41433738612988225
37690,0.7303630323737816
37691,2.271711936518434
37692,2.2969504682914197
37693,3.5518418409551202
37694,1.0481461647481036
37695,0.8294626233810675
37696,2.5904419473605618
37697,0.597637720486922
37698,0.992023961648435
37699,2.6455648582781373
37700,4.1954474163031765
37701,2.5122057861727605
37702,0.13469678806897667
37703,0.07869460335958384
37704,0.38764529727450725
37705,0.20078927136651137
37706,0.8176223945198082
37707,1.419190692300754
37708,2.335508972712179
37709,0.4359243350556028
37710,0.648549040331592
37711,6.895841931143972
37712,0.803385182443708
37713,0.5523718445775851
37714,4.218601211145306
37715,2.8725988328091407
37716,3.2367820344856693
37717,0.3980362218639517
37718,2.6413215460831516
37719,1.1744647937662869
37720,0.10599712290376667
37721,3.573832336887733
37722,2.6634234288084113
37723,2.131917723618942
37724,5.000840359315705
37725,1.624206254545684
37726,0.9690632701221059
37727,0.2752770905694935
37728,2.182973251213722
37729,0.06313578085400706
37730,1.521613978736168
37731,1.1014768326420676
37732,0.7865666761276207
37733,0.730690854529786
37734,0.8809208899006482
37735,0.10541325219402735
37736,0.17327881596318342
37737,1.9191679043648933
37738,1.0306284042915255
37739,0.7461837532287625
37740,0.82953390556453
37741,2.057628856212836
37742,0.8848879182857815
37743,0.45452614060339525
37744,1.7960194641813754
37745,0.3962689229759113
37746,4.4058943301127105
37747,0.4666854099907215
37748,0.29952565989062174
37749,1.8526138575614934
37750,3.9747879348925315
37751,1.5798744101306172
37752,1.0318928086233172
37753,11.226877206112743
37754,0.8990971194563339
37755,0.4030802278349197
37756,0.14617735328371326
37757,1.897146867831013
37758,1.0982012149317366
37759,0.3133532199942503
37760,0.19636479374779817
37761,13.216056219304585
37762,0.04399846641037155
37763,0.5615724097982455
37764,0.22966365267430386
37765,0.23645529886561686
37766,0.5687630481350022
37767,0.13775314023935825
37768,1.280806673873828
37769,5.084190763410754
37770,0.1322839926716848
37771,4.054834100714741
37772,0.2853497527366288
37773,0.4153370472824307
37774,1.191100027221991
37775,0.26395074009229
37776,1.0309191407426503
37777,0.4064137416571452
37778,0.38309808875167056
37779,0.31102332736655536
37780,2.5111382836943337
37781,0.8768944269294849
37782,1.043855057972122
37783,0.7885649268143925
37784,1.3079805919112022
37785,0.41853961455946714
37786,0.4655184894282019
37787,0.5227996319470162
37788,0.9785290335235224
37789,0.891195001544685
37790,3.8859384116760567
37791,0.7013257430286719
37792,0.18197263769146102
37793,2.0343308415540036
37794,0.21556943799700196
37795,0.3392258891062976
37796,1.7362182097071777
37797,0.18246618997449005
37798,0.36683572393635017
37799,1.032321228739875
37800,0.1324150580599061
37801,2.9748475111628645
37802,0.9540196674134777
37803,1.1822201444536689
37804,2.334764580324665
37805,0.12945165257467509
37806,0.7838080992186905
37807,0.8270189680357505
37808,0.5435929332908132
37809,0.48172608655746696
37810,0.7421286684016207
37811,1.5180696319758358
37812,1.1657507448448359
37813,0.16223228918601992
37814,1.4825973274667597
37815,1.0333871586104462
37816,15.217746444905858
37817,0.42773645531092264
37818,0.9625436978065209
37819,0.14898589982165286
37820,0.10545138754458896
37821,2.269217130062017
37822,0.08197297584217875
37823,0.4055721824686357
37824,3.29636953299803
37825,0.8982042212511449
37826,0.3999427564859132
37827,0.6387748241358807
37828,0.2987091747757171
37829,0.08247525303170998
37830,1.3078260748268578
37831,3.14357700470052
37832,0.8594636114374324
37833,1.5259053960311402
37834,0.22538189341640183
37835,0.7766869405360433
37836,0.38699389518291194
37837,0.17637707452095597
37838,0.24749034178946253
37839,1.3017216039509378
37840,0.3119163688340841
37841,5.2784969078653825
37842,0.055795105663591846
37843,2.0572050144866156
37844,0.21330781351243258
37845,0.3777132111735914
37846,0.3973339904929577
37847,6.485057567857224
37848,2.207049910147308
37849,2.3944095674273695
37850,0.7195492972067549
37851,2.284063876807047
37852,0.7376951168594826
37853,0.07029976535316523
37854,0.14012245242993573
37855,2.930670118274336
37856,2.8786785993465145
37857,0.2532356043536425
37858,4.424074731355408
37859,2.3019840895723713
37860,0.6079606650401369
37861,2.36313953312372
37862,0.51839609892112
37863,0.6306257280759813
37864,3.626854208571617
37865,1.4315199859375434
37866,1.5640027722391814
37867,1.7648921927549106
37868,0.6033978567178048
37869,2.1668307136339475
37870,1.61557270368282
37871,2.046927007026224
37872,4.824630504210729
37873,0.2091046269618064
37874,0.19126162893514914
37875,0.9559690414889308
37876,0.34772362094478576
37877,2.144980500858495
37878,0.15669730702331672
37879,1.0572271653122471
37880,0.4696128471361756
37881,1.3832239864700449
37882,0.7930758326551341
37883,5.005255121111816
37884,1.3302767799040407
37885,0.6954824235266303
37886,1.5547377673737608
37887,0.8400006902724919
37888,1.4553430093433382
37889,0.9693585191701456
37890,0.24679180454047533
37891,0.15756297589910084
37892,4.536501558782385
37893,3.2502108171251485
37894,0.5642350139491632
37895,0.04292725795060505
37896,0.23207294727479438
37897,0.636719489409417
37898,1.4272318352898876
37899,0.507082252939735
37900,1.628463234508198
37901,0.20897966968707837
37902,0.6990308113806214
37903,0.16558684064736465
37904,0.06604900706342368
37905,0.7347578300143273
37906,0.5197837248796927
37907,1.748293068783187
37908,0.12710917030225957
37909,6.275826340520144
37910,3.4907159392559484
37911,1.3304937045558094
37912,1.7753075399795195
37913,0.6473179571556787
37914,0.24719570509967737
37915,0.10246444627191847
37916,0.7898306642959924
37917,0.1417900887685683
37918,2.9483268911800233
37919,0.09667746230115191
37920,1.6636801394629215
37921,0.2515243082335614
37922,0.8547584922784676
37923,0.37206940571922564
37924,1.4243464882079138
37925,1.9717776718169757
37926,1.6765342622129293
37927,1.068027775137179
37928,1.959847664770167
37929,0.06289910347530255
37930,0.16660978169962098
37931,0.06552208276303645
37932,0.37625101598135086
37933,1.182688912007229
37934,0.6958418246563839
37935,37.250424140680764
37936,1.1747516254718935
37937,0.6534838932638942
37938,0.2726786417717209
37939,1.9073103501161757
37940,1.108106983350364
37941,0.20513102998775637
37942,0.9061416661132334
37943,2.077882689947793
37944,5.394827266275299
37945,0.3367509699107711
37946,1.2608607458600518
37947,0.33573504257969344
37948,2.9224597060363653
37949,0.4051134323075793
37950,1.422875402860087
37951,0.22799762078790997
37952,2.6723020421099033
37953,0.39924697617725824
37954,1.2930115154479997
37955,0.6654609266563482
37956,0.3308551648762926
37957,1.1834058290117104
37958,2.247186063941199
37959,0.9772042056205535
37960,1.7087053290854688
37961,0.44773296575651594
37962,0.41980756679865355
37963,1.1322842807834956
37964,0.10411158322877923
37965,0.10786365678931646
37966,0.6255045505300271
37967,0.5535320868488147
37968,1.191447698751375
37969,1.7321928682650494
37970,1.7284680658182587
37971,0.9718319696983925
37972,0.1600657798632043
37973,0.39433843505431065
37974,0.4414051079822239
37975,0.9785662482328226
37976,12.380596147814794
37977,0.8749970812546235
37978,2.4904695327032154
37979,0.6895281865374742
37980,0.4281920885373047
37981,2.927886683341904
37982,0.5745195954058131
37983,1.0919121144421666
37984,5.473840869120683
37985,1.2274989600128996
37986,6.289693658728369
37987,3.368024075774753
37988,1.2421270146720709
37989,0.20714181353007902
37990,1.7273420372868293
37991,0.360447092499848
37992,0.9145713043588745
37993,0.3200427745474992
37994,1.4179968030746959
37995,0.041605784746908056
37996,0.6665361980049702
37997,1.1594273633506844
37998,0.8815529319998568
37999,1.560235630067634
38000,0.5366496898134573
38001,0.6953953615368641
38002,0.4014074353076931
38003,0.9732926433924226
38004,1.3734318828975594
38005,0.38528550734555655
38006,1.5575092854447743
38007,3.271920932124611
38008,2.326946284371321
38009,0.2983940160068931
38010,1.3334984487965327
38011,0.791078407694586
38012,1.4920957783616053
38013,0.03189296629220301
38014,1.0742909766815887
38015,0.5084805839641153
38016,0.21578286872183886
38017,0.05851557367033771
38018,1.2060627642873887
38019,0.1561124645170787
38020,0.8028014822552434
38021,0.17247365728074074
38022,0.19415349280628622
38023,0.7319461200972666
38024,2.423508643088628
38025,0.2794477024812536
38026,0.23121406368812877
38027,4.982843116128683
38028,0.936708963370394
38029,1.1411015825773965
38030,0.6794291379906122
38031,0.49902286849954103
38032,0.7693975276027492
38033,1.9296115034029944
38034,1.3109280134278372
38035,0.5023867256425533
38036,0.10577457847126567
38037,5.932950134670162
38038,4.360020250349263
38039,0.12667772216540393
38040,0.7944034437990739
38041,0.12393565129744806
38042,0.4446117631073122
38043,1.4085607142009144
38044,0.6895316771458985
38045,0.21895817994132438
38046,0.15407846745245138
38047,0.3274179788161221
38048,4.041160662708276
38049,1.622304325040857
38050,2.1297941235984137
38051,4.024418680437559
38052,0.7541660457163689
38053,0.11025354447743231
38054,0.15696131259027132
38055,0.08686361590070149
38056,0.5713244334786028
38057,0.6997258614219745
38058,0.6603644761838755
38059,9.434217982741565
38060,0.934964879805301
38061,3.0515110747348997
38062,2.9580068637067907
38063,3.856409992046071
38064,1.2340055674267896
38065,0.5090709716969611
38066,1.3129141464841514
38067,2.1243108890876323
38068,0.49423930954044587
38069,0.5992044550611937
38070,2.1248502303916843
38071,1.4614894586073488
38072,0.8349628047789529
38073,0.946276889719079
38074,0.4963018844341043
38075,0.2714610886440184
38076,0.516886200233515
38077,0.10641629605607754
38078,0.5422431105801331
38079,4.409933406922054
38080,0.20147326110435781
38081,0.09931302581482082
38082,0.10758866694524667
38083,0.6965491639308785
38084,0.4995666479381775
38085,0.3457895828977604
38086,0.3434896623397765
38087,0.5324285196894354
38088,1.0488250667678405
38089,0.11920622548012208
38090,0.06484179839856935
38091,0.49718469400080445
38092,0.3165628266756815
38093,1.06163433302597
38094,1.30123024331463
38095,4.504510062752576
38096,0.4062007527119685
38097,2.005141480306517
38098,2.004173376821862
38099,1.9750993409985134
38100,1.3815930696423653
38101,3.0219162650004385
38102,0.9051061770807531
38103,1.3414082849526066
38104,0.1061804198515941
38105,0.20878908429727563
38106,0.6723596314021518
38107,2.310177277057875
38108,0.407055691704051
38109,0.13014565987005472
38110,0.45641934934630446
38111,1.0721287643341386
38112,0.8228754647804316
38113,0.2901895416012948
38114,4.833770897088703
38115,4.53771678686881
38116,2.059503268878272
38117,0.08321408608227968
38118,0.44717889770369745
38119,4.6783800152287025
38120,0.7844345955196723
38121,0.4087359026593448
38122,1.6942568118615686
38123,0.6122671485176218
38124,0.26036326433170365
38125,0.4049019187645252
38126,0.1941314068099288
38127,2.1117051810496665
38128,0.7347869717317536
38129,1.3475692007393576
38130,3.1854063602834715
38131,0.1471858063298805
38132,0.956918694090219
38133,3.5348634322282484
38134,45.892108192636776
38135,0.49587069946418105
38136,1.6386655840254627
38137,0.9821455351917285
38138,6.8091158898056
38139,2.307098748732028
38140,0.448886031166343
38141,1.1542248207220036
38142,2.272913924530907
38143,1.5275391302848724
38144,0.6693157169187043
38145,0.559605521036816
38146,0.7755717377459932
38147,1.181953080472101
38148,2.0568559463056775
38149,0.25672599048318523
38150,0.3670859356266404
38151,0.3506111689436274
38152,0.5212436634182751
38153,0.6613597615797688
38154,0.6455582237632485
38155,0.7771523536336592
38156,0.099040070925684
38157,2.041251770605832
38158,0.2327978519457187
38159,0.5661936528911334
38160,2.1315952341009092
38161,3.1724941790165397
38162,0.892438964085639
38163,0.24063041336257174
38164,0.6111722676633186
38165,1.0554872548959426
38166,0.9783088904452908
38167,1.0087109808317931
38168,0.30459234369376564
38169,4.169323500012913
38170,0.1364427497245607
38171,0.1182613984296903
38172,2.3887676443461814
38173,0.7921750942576113
38174,0.2236470574269941
38175,0.4154546585822486
38176,0.5812109742838777
38177,1.3583117771592348
38178,2.9618350075809627
38179,0.9370533239136064
38180,1.1787754239518378
38181,0.1383111349357003
38182,1.8973730569011586
38183,0.7651456583653053
38184,0.9942302441957142
38185,0.5788226503116334
38186,0.18382458478830097
38187,0.28811163078151963
38188,0.09779337654554812
38189,0.3029511913707169
38190,7.9019676880795435
38191,0.48445703141773655
38192,0.07380918853490945
38193,0.13051106222782957
38194,0.34918324943866613
38195,1.4059652483501592
38196,2.8234422846257976
38197,0.07159410502123906
38198,0.13290569022483564
38199,0.09365900740943109
38200,0.1389025561159919
38201,0.626416610106484
38202,1.8720673277351214
38203,0.22640127769490362
38204,1.6008779752331288
38205,13.878017198301189
38206,0.12132953800282019
38207,1.4339118192580802
38208,0.37894564323032
38209,0.809731868639872
38210,0.928425473202414
38211,3.0037291294790305
38212,1.4741975325812124
38213,5.748359889663186
38214,1.3847991441708425
38215,0.07814960903874377
38216,0.47220535998915636
38217,0.10211952761233038
38218,0.3121593805870767
38219,0.6752995633369325
38220,1.089159289903689
38221,0.4029917486027324
38222,0.030525142686564834
38223,0.28862230273915007
38224,0.6085753560383401
38225,0.6779812023126086
38226,0.9953677560552684
38227,0.8095666118082885
38228,0.0735427438549527
38229,0.19575621128478038
38230,0.036635776555931615
38231,0.23224694628547465
38232,1.686909741546474
38233,5.628585533769895
38234,0.22984709787771576
38235,0.2281797286162375
38236,0.08217433369367448
38237,0.8886397655391871
38238,3.4092179023015667
38239,1.4698953796014054
38240,0.561846434558273
38241,0.5363607563023363
38242,2.768954394711867
38243,0.9386207409709408
38244,0.23119797501575068
38245,0.0709953340239743
38246,2.6575948667860305
38247,0.23707207921501192
38248,0.407287993303469
38249,0.3039173826636825
38250,2.0911048742901075
38251,0.3638523785511434
38252,1.1086823923682243
38253,0.13067694336624838
38254,1.063532901074114
38255,1.2493717230902517
38256,2.9422909141797353
38257,0.11791467517579005
38258,1.6128638529661954
38259,1.4422511457310643
38260,2.708438989949784
38261,3.500407898534828
38262,0.13550663608865468
38263,0.5128565780417113
38264,1.4826259850506607
38265,1.777171995226662
38266,0.2961896300261946
38267,2.1953997563579466
38268,0.6037956008406598
38269,1.3680681289902046
38270,0.7089924742713296
38271,2.73573671389608
38272,1.2455652528855432
38273,0.06336993276028371
38274,1.2055808841411726
38275,1.0531366257729908
38276,1.8593118923941803
38277,0.1927533098373193
38278,1.0240601436730135
38279,0.06700163920682188
38280,1.6297166562899756
38281,2.874767458858953
38282,2.2996944945655327
38283,4.04179300697144
38284,0.4065842588862945
38285,0.08844833046477771
38286,1.3697591886900253
38287,2.237745513551625
38288,0.06787635728722437
38289,0.3046516909228768
38290,0.2444532437418266
38291,0.17143615026870065
38292,3.919604640159859
38293,1.3234504516132661
38294,0.2897102350963865
38295,2.011566744850136
38296,1.0756034412931053
38297,0.19659928112728142
38298,0.6297885976946643
38299,1.0657212598683117
38300,8.049335126749394
38301,0.574937736793942
38302,0.0882436560047551
38303,0.11033618974897354
38304,2.037531950052383
38305,0.7959853469401968
38306,0.37948819400290823
38307,0.2857578797803688
38308,0.144278460196157
38309,0.3411820020139016
38310,0.7653737565172586
38311,2.6135307633901657
38312,0.08738303239615208
38313,0.11115521830604357
38314,1.3726905211616667
38315,0.36061560981925184
38316,1.2123029840364827
38317,5.599584251390155
38318,0.6515504801675717
38319,1.3422535024877085
38320,0.09178348980319001
38321,0.6959386634175201
38322,2.160706494536787
38323,1.12134199301995
38324,1.044245409058046
38325,7.391923544383158
38326,1.4670645807781741
38327,0.13614877172430634
38328,0.28034463543974336
38329,0.35478738306113183
38330,0.6217915028620454
38331,2.6977989965729603
38332,1.3945609311602112
38333,0.6995577740097592
38334,0.32941731620566683
38335,1.1573334008582647
38336,0.2881864242911898
38337,0.6340595079635784
38338,0.4889991376844561
38339,2.094924051931687
38340,1.0318336142718751
38341,0.7060190647278867
38342,1.2417877898378822
38343,0.22868458650432402
38344,0.6053706705868431
38345,0.23390693752888586
38346,0.8448153740098188
38347,1.6822965418649543
38348,0.07949082685361368
38349,0.257406181086446
38350,0.40259571132993227
38351,1.9170063086153886
38352,0.2719157145527693
38353,3.577006109662529
38354,2.4102404520336176
38355,1.6977584284613771
38356,1.0952495603053676
38357,1.854156731231902
38358,7.488270966589881
38359,0.48488967151604623
38360,0.6243714333980038
38361,0.8596922967845602
38362,0.8383094571783475
38363,0.295563338037998
38364,1.9824288037749378
38365,0.14673890667055695
38366,1.1139170849991067
38367,0.3077319243624783
38368,0.4415614325049599
38369,1.215286574372326
38370,0.29023224535487063
38371,0.2720103870204085
38372,2.957615451545117
38373,1.5834429962950822
38374,0.39377874082164016
38375,0.8783261151104915
38376,0.15172047918586198
38377,0.06257142259560054
38378,3.2660362966822887
38379,0.30189627596134533
38380,0.383277871175063
38381,0.3655539453588357
38382,3.796424753433378
38383,0.8824952600991551
38384,0.31882286270530363
38385,0.39519484486403306
38386,0.6222555387827902
38387,0.6322067510107049
38388,2.6735622484968884
38389,0.3556242717902612
38390,1.183969980846526
38391,0.2552607726449249
38392,0.763639767182013
38393,0.22798063578308944
38394,0.56587826019643
38395,1.0341325647140804
38396,0.5243364775875963
38397,0.4732840856071022
38398,3.3245526679847672
38399,0.08616083779108705
38400,0.7109270733493864
38401,0.4249414116799619
38402,0.03696482666543661
38403,0.5294051191189332
38404,1.4923332336528021
38405,0.4830238741818318
38406,2.9560929485380285
38407,0.2811695788730308
38408,4.760934594858334
38409,3.431609478024253
38410,0.5277878903651808
38411,4.630833601501926
38412,0.03708085214306607
38413,3.268207166999839
38414,0.29927068906988896
38415,0.42639556802952
38416,0.6287562403291101
38417,0.6636571584839981
38418,2.193791940320664
38419,1.1890419188121755
38420,1.3993923336882543
38421,1.0892081961433628
38422,0.5361729783088562
38423,0.5823014742744468
38424,1.218160973794284
38425,0.44291557074808796
38426,2.4585862521978914
38427,0.10438311993033692
38428,1.0371887877915773
38429,0.06353574206005153
38430,0.06308632529682219
38431,0.3079893258526768
38432,1.0186997581064117
38433,0.15166724697263465
38434,1.9652674798998793
38435,1.0530838430038014
38436,2.1156890896969176
38437,3.3728154778977535
38438,3.1364948554540666
38439,0.6185319225073003
38440,0.6076962134473087
38441,0.7256633970568819
38442,0.8708477967618137
38443,0.13696690249392732
38444,7.515821646022634
38445,0.6008160600518282
38446,0.2638435670058298
38447,0.724372835175777
38448,0.9130198383742821
38449,0.22240055863700137
38450,1.910329657656685
38451,0.29607930747992517
38452,0.1655456022719676
38453,0.07898549437082644
38454,0.3002821195329269
38455,1.4438842996612729
38456,0.769639287435414
38457,0.6383094690302238
38458,1.1144224906463926
38459,0.79778707080169
38460,0.9534031651252173
38461,5.829280024522121
38462,1.6728367074611996
38463,0.45795564362221153
38464,0.22748521437355787
38465,0.8256497745316127
38466,0.8036051963294457
38467,1.1707282072937921
38468,0.7646069024843423
38469,0.27502061108310116
38470,2.477610903090076
38471,1.27650455048972
38472,1.1905068536391612
38473,1.4978799245511187
38474,0.756506444711232
38475,3.7313926279630834
38476,1.788432769833754
38477,1.1682277484222539
38478,4.087667073665972
38479,1.4036420833379026
38480,4.643897985357766
38481,0.5591196874952147
38482,0.6504856631541577
38483,2.147542435841411
38484,0.2855251309706267
38485,0.7618133718806772
38486,0.27663489671607744
38487,0.5938718965177535
38488,1.3708709099271985
38489,1.0322012425073497
38490,0.7153736833639781
38491,2.368518712118402
38492,0.4156161754552378
38493,0.10082910384094126
38494,0.43621242234063756
38495,0.26306680417277195
38496,1.473866394816676
38497,1.2285249195466343
38498,0.8529860885322169
38499,0.3152464708800553
38500,0.621895815388832
38501,1.7995460659245055
38502,0.7362040012753136
38503,0.5280428287271043
38504,4.868349859617318
38505,0.24759960588239577
38506,0.6086560086123222
38507,0.07062883512281598
38508,2.6150483585838282
38509,0.6429190677544014
38510,0.12034909061357692
38511,0.15969931358831205
38512,0.8938623012273897
38513,0.5013863563413457
38514,0.5555479895455367
38515,2.8147769848216413
38516,0.8664248871889105
38517,1.9644877638111087
38518,0.21405866968456377
38519,0.763727867747223
38520,0.27539536501104667
38521,0.6729284960057793
38522,1.9011299252830822
38523,0.5680040601197196
38524,0.5602646748129866
38525,0.5115376523452214
38526,0.7996805261141537
38527,0.15754193223156157
38528,1.2153410481197864
38529,2.326944789411203
38530,0.40269912653503187
38531,0.7381167192446415
38532,1.1184864818548754
38533,0.8959144136529893
38534,0.14104499429485562
38535,0.8609590905721176
38536,0.4261790137079701
38537,2.5956610428179157
38538,1.4263231089703832
38539,0.20444646657973828
38540,1.088649869074099
38541,6.136833026702064
38542,1.2399284354054008
38543,0.16958895913559935
38544,3.806683332076733
38545,0.1397276599228017
38546,1.5182572858363437
38547,0.9924756926505229
38548,1.3830490755653333
38549,0.02660961598395027
38550,0.26666015339471255
38551,1.1594512216477653
38552,0.6879367636696729
38553,6.7824180721189
38554,1.4424555587310361
38555,0.9973845898559721
38556,0.8526015463181885
38557,0.42554168533274883
38558,2.7741059917779314
38559,0.22305391693890034
38560,0.19314834015751692
38561,0.42902184043328095
38562,2.264451958616485
38563,8.669823175720945
38564,0.4494742169682708
38565,0.7475199824810763
38566,0.8541169101671652
38567,2.58960381100623
38568,0.056864921434789197
38569,0.5985662477933916
38570,0.9749231112656656
38571,0.45251991570977607
38572,0.6791775891845369
38573,2.0347514301767697
38574,0.948476450503239
38575,1.4888734337325449
38576,2.202788838437589
38577,0.49345351722854885
38578,0.44364355766952407
38579,0.4138028550586112
38580,3.2060433463371067
38581,0.566785643441742
38582,1.112967729157145
38583,0.33018091048423875
38584,1.743640664017922
38585,3.390495977618904
38586,1.2393074345521697
38587,0.8333198903693777
38588,1.3940677168512674
38589,1.148235332664095
38590,0.344921910703612
38591,1.8548190790534385
38592,0.4316581917400893
38593,0.17951047925720343
38594,1.1421946387503472
38595,1.050492747701651
38596,0.48591250780115774
38597,0.1634098105563403
38598,1.167053387294861
38599,0.33645300089645735
38600,0.770568088366126
38601,2.2030613702502135
38602,0.6689184440814158
38603,0.08018364627283175
38604,0.27603489742011095
38605,0.8611763765298185
38606,0.7380753578945766
38607,0.4481544000402207
38608,2.9154184940624424
38609,0.904355793359213
38610,0.5819640344591505
38611,1.5591248209842663
38612,4.898883188979834
38613,3.6501296426734724
38614,0.14956093537485562
38615,3.681881589018978
38616,0.24352893886405677
38617,1.5229395173957998
38618,3.354721877856555
38619,2.9479051147782576
38620,0.13944032676389573
38621,0.9760365026612958
38622,0.19267917300947351
38623,0.03194268421483973
38624,0.48286600743602737
38625,4.350707472258849
38626,4.366070945503854
38627,1.2992300382979969
38628,3.010427358459789
38629,1.1225789549460443
38630,0.6826925053778498
38631,0.3039917353055295
38632,0.7098896980225312
38633,1.4419396627312666
38634,0.5691857064917497
38635,1.0937179096363563
38636,2.645414574043206
38637,0.5707455501598131
38638,0.17567917982653666
38639,1.6373921919178764
38640,0.06968727130814015
38641,1.02465291789129
38642,0.43170901598324385
38643,0.48137013672267276
38644,1.1674192450931138
38645,2.5769086300272757
38646,3.814684056950649
38647,1.1352643646002774
38648,0.48154238908121544
38649,0.21382597972646308
38650,5.2866511598157615
38651,0.3719206743509487
38652,0.37340593131143807
38653,1.058231590919307
38654,2.582788156848618
38655,0.17316279404353488
38656,1.1243190217767005
38657,1.8087607755129056
38658,3.6442403963861603
38659,0.15827749719861278
38660,0.1986879734189298
38661,3.9338074125793145
38662,0.107928201320161
38663,1.4252574851172188
38664,14.126925798742471
38665,0.14904173021942574
38666,1.005218308309711
38667,2.971971298830245
38668,2.0116344087902402
38669,1.192299745488553
38670,3.8374012531301305
38671,0.3997346355427858
38672,0.5259959829536368
38673,0.4041760689967185
38674,1.7880452376300737
38675,0.5657216967635009
38676,0.7218292897366559
38677,4.488707273843565
38678,1.8792277239153508
38679,0.24536570210525735
38680,1.463509661993219
38681,0.375542045688611
38682,0.10391825734747827
38683,1.385282131496486
38684,3.1084044322842606
38685,0.22943089041837053
38686,0.8921589703875682
38687,16.894221104631878
38688,0.6111279568189145
38689,0.35221472089566846
38690,0.35967475947622557
38691,0.7495894897312212
38692,0.4301903870855228
38693,1.0712916221894788
38694,2.184682664223202
38695,0.4131869632343565
38696,0.0736619389270751
38697,0.3067873538400384
38698,0.28972086412037457
38699,0.16273704536383188
38700,0.09810556891344915
38701,1.0901049256813833
38702,0.24587611670187468
38703,0.2870099158575753
38704,1.3309690797034506
38705,0.17142246362310706
38706,14.727885463822751
38707,0.2726529633500585
38708,0.034935939895205735
38709,0.2678318874974816
38710,3.5071067446063444
38711,2.3568900052805
38712,0.6862143089876197
38713,1.4649849187855375
38714,1.263177493658492
38715,0.4005027088123174
38716,0.5648348872156014
38717,0.20639547560376276
38718,0.21049094545039101
38719,0.5824511977524872
38720,0.36000714049039007
38721,2.258780844235456
38722,2.5154566076873923
38723,0.5182107274770336
38724,0.07349087331960648
38725,0.03636000798316264
38726,0.04321081021609445
38727,0.3210419690387198
38728,0.20039448848871072
38729,0.10056981764158329
38730,0.4518236409417418
38731,0.6258895072396339
38732,0.54575326275051
38733,1.4405352853731512
38734,2.406886498448631
38735,0.5007349979858953
38736,0.1361349017334589
38737,6.544746101494617
38738,1.8950592168856935
38739,3.168942272862704
38740,0.12195020256721256
38741,1.5978794981391344
38742,0.3270565856157451
38743,0.9517941542803084
38744,7.239101689567307
38745,2.2231595569108387
38746,1.0193233370615482
38747,0.5811564007381692
38748,1.3645365634660531
38749,2.533388915996149
38750,1.2640797202105905
38751,1.028372762981935
38752,0.2955612636317748
38753,0.5356226658312826
38754,8.748687458316187
38755,1.0238086235673345
38756,0.10799185466437959
38757,0.060045196167594315
38758,0.4019620305226249
38759,0.4832321556166435
38760,0.5263801936402488
38761,0.16118224148087326
38762,0.09478222631013586
38763,0.25786695525720527
38764,2.2075824762083056
38765,0.8895510741881488
38766,0.25733486846327835
38767,1.4228755170598542
38768,0.6296619484007264
38769,0.1317010353391261
38770,0.7430221344338551
38771,8.76674044047306
38772,1.0695845561723645
38773,1.2349261911988039
38774,0.6299791350846905
38775,1.115183764601247
38776,2.2978368239897096
38777,0.11864860009091185
38778,0.7573691848795296
38779,0.20567361112935884
38780,1.277496620160385
38781,0.4485077070960353
38782,0.8353041547133055
38783,1.9754173545496168
38784,2.2839890111500307
38785,0.4625298686427274
38786,0.6664397113542144
38787,1.3313752109379953
38788,0.2444967670391401
38789,1.6087489305485354
38790,0.06059242044312621
38791,0.7282437824736616
38792,1.178508205008439
38793,2.1105495386309223
38794,1.735352987388107
38795,2.7219390084559874
38796,1.0651197564059722
38797,1.2224503110479472
38798,2.491067316229082
38799,2.151719018782159
38800,0.5140749929802767
38801,0.38341065585374057
38802,0.17430084923356176
38803,0.5002303470703194
38804,2.562130329009721
38805,1.0779616520800337
38806,0.24098036729515698
38807,0.811635990667097
38808,0.373203576926263
38809,0.1229387097807966
38810,0.14958375910408095
38811,0.14084093939959894
38812,0.3348600777502181
38813,0.1184657083872617
38814,4.855599217856409
38815,0.516623298017986
38816,0.5527139690403261
38817,1.6825864445049827
38818,0.32556052197568774
38819,1.3120449537907684
38820,0.28036982931521726
38821,1.4645728742344966
38822,1.015945226675346
38823,1.3568232659884953
38824,0.5875847262573766
38825,0.8433876283799745
38826,0.9550652722957681
38827,0.10078598357332873
38828,0.9951149303764452
38829,4.518832553535211
38830,0.9120182701418424
38831,0.27553856590342707
38832,0.6386463221347132
38833,1.2677839826423158
38834,1.1388074489218225
38835,0.08619852718465733
38836,0.14588001261938144
38837,0.10070073919340897
38838,0.8361383718850693
38839,0.9448254854616899
38840,0.42906922262500613
38841,0.6771648545487279
38842,1.3297672089558512
38843,0.4600597422387223
38844,0.23904303306351124
38845,0.9631776554365283
38846,0.7862648929188397
38847,1.133174187669565
38848,1.7961489271016853
38849,1.4517258334580931
38850,1.487570434220019
38851,0.9509451442949853
38852,1.408319499240596
38853,0.11038248658645755
38854,0.28631761318297333
38855,0.4094443600436722
38856,0.3147844465855444
38857,1.1831830087338822
38858,1.2002838433857896
38859,0.4278477443531094
38860,0.35886807993468123
38861,0.3216364059881987
38862,0.8701542421644065
38863,0.2954442438187917
38864,0.5544262112763625
38865,0.718907953405461
38866,0.7393979642565993
38867,0.7458659991781948
38868,0.38182012275885646
38869,0.7408228616909102
38870,1.5136577782623883
38871,1.7946265864479616
38872,0.2419161745957642
38873,0.10089368266085663
38874,0.29438903738690314
38875,2.7912144879506906
38876,1.2362620522749481
38877,4.1002747765697505
38878,0.11498580342511866
38879,0.29586568745662883
38880,0.9969114032156683
38881,0.9930657905962964
38882,2.43170846888811
38883,0.23199398281446526
38884,1.3893587134234358
38885,1.5472591873615944
38886,1.6590529343816847
38887,0.9218551766314736
38888,0.3667862272538913
38889,1.1278608529662493
38890,1.0936735461312073
38891,1.6489138008921231
38892,0.13602254337166592
38893,6.590901632922662
38894,5.183815511354028
38895,0.5015409453935561
38896,0.38261931245423525
38897,0.6300896171497066
38898,0.7828794515731524
38899,0.1308411427774209
38900,1.0325235248312388
38901,1.0564446074415728
38902,0.24506466031394614
38903,1.253511770968073
38904,1.1909199141380356
38905,0.8468972858055777
38906,0.257648843434266
38907,0.8755070811039044
38908,0.1788020552773488
38909,0.6063335716448386
38910,0.15715508562401312
38911,3.487671305378878
38912,1.4968499136678002
38913,0.008503542687024742
38914,0.31525250311824227
38915,1.163882228127319
38916,0.4206501628157971
38917,1.6979572797825435
38918,0.22107567748109552
38919,0.47604442216707615
38920,1.2888782721487626
38921,0.6903821915051971
38922,0.6838749251941896
38923,0.363117915168015
38924,0.11176143783073511
38925,0.21782359443052457
38926,0.32823280827325646
38927,7.075325396385983
38928,3.086877494923625
38929,0.8277708131592412
38930,0.12656762894450108
38931,1.8398001562915889
38932,1.5593514976806326
38933,2.3719148706145163
38934,1.234577747270845
38935,1.194316720649414
38936,0.8192919995951333
38937,0.29369277755891166
38938,0.9320783593441708
38939,0.7950793269836479
38940,0.1336259278106515
38941,0.5530908401044753
38942,1.7006141953677516
38943,0.30533719850427776
38944,2.921468183311775
38945,1.2467700173899328
38946,2.7107461957098775
38947,0.21105373490637613
38948,0.29202847754744854
38949,0.9389254435556391
38950,3.171501986892113
38951,0.9172794952066656
38952,3.4262280901842175
38953,0.8899958133583695
38954,0.2953197863025395
38955,0.27771046699215546
38956,0.15709648515449037
38957,0.31533865458667226
38958,2.8775242418907445
38959,9.416542581943585
38960,1.760293299476395
38961,0.7972201921571117
38962,1.9877471191383445
38963,1.363779302086545
38964,1.0386005032822059
38965,0.8439125145783289
38966,0.8537185799144781
38967,0.13648402999475168
38968,0.2032094199645473
38969,0.15343972087710517
38970,0.7993030692737776
38971,0.36036206168894275
38972,1.209445074504543
38973,0.41121122223705325
38974,0.13752594973751645
38975,0.2704969832166501
38976,0.23882736082698885
38977,0.6481581207732856
38978,0.7841163254809056
38979,0.3376623708944967
38980,0.6260033312196344
38981,5.840592568958947
38982,1.0510567936320407
38983,0.29593455288605564
38984,0.6482449240538415
38985,3.018613392788421
38986,0.5885513618590048
38987,0.9546473699289755
38988,1.0867691413670193
38989,10.886318198744629
38990,1.4604362897420988
38991,0.04013075972466431
38992,0.6735648634167393
38993,0.292035977776112
38994,0.23321298482713892
38995,0.5889065785878786
38996,0.22925435330028524
38997,0.08147806914408162
38998,0.4474704788960944
38999,0.13710228918163708
39000,0.5673811925376443
39001,2.159949670213149
39002,0.19641652989821756
39003,3.3536024635882904
39004,1.0304899717139657
39005,0.2142029048103791
39006,0.6004765744519288
39007,0.5880478266848603
39008,0.04881938325472807
39009,1.1256837300434581
39010,6.650816740517908
39011,0.05282069698386729
39012,0.16497560624947558
39013,0.35619173173863694
39014,0.05907755745648817
39015,0.08684525436849139
39016,0.34145345959582424
39017,4.193620280423424
39018,0.6466098396192309
39019,3.9875544762091084
39020,0.5952255036547349
39021,0.6119229373667442
39022,0.06116386882800103
39023,0.9138885775300456
39024,0.2755956046687251
39025,0.13840729420005485
39026,0.47730712064883124
39027,0.4485616842766972
39028,0.5860091224821247
39029,1.6158859230083051
39030,0.16494006933807645
39031,2.5401466892903275
39032,2.903954666755298
39033,0.2671568168561101
39034,1.3972144876883879
39035,1.3254649391676683
39036,0.2287205697013595
39037,1.6632687003807813
39038,5.9130742949996264
39039,0.9586465418841102
39040,0.5857722666471524
39041,0.6616529255966038
39042,0.7970183355079199
39043,0.2511728002993376
39044,0.29495980831135593
39045,1.6184571180828042
39046,2.860123670591218
39047,0.711052324461818
39048,1.5831444308587475
39049,1.6066868697100805
39050,0.624683545263249
39051,0.2621521686291207
39052,0.37604715082449675
39053,1.2473887047234817
39054,1.476194872161238
39055,0.9223370166815037
39056,0.9235169889695513
39057,1.007834535144532
39058,2.5180301773794147
39059,0.9504745794077609
39060,0.47300111995757516
39061,2.3511687993993236
39062,0.4594285369949547
39063,1.9286123211294246
39064,0.24541759822290954
39065,0.7185058889541959
39066,5.460093861401492
39067,0.2526715770735697
39068,1.365051562166119
39069,1.088486347245329
39070,2.5327146525919604
39071,0.3913090599956146
39072,1.0750020518463486
39073,0.6882120435633625
39074,0.21090269244635798
39075,0.14205212035456524
39076,2.741695163884095
39077,1.516607860546007
39078,0.20285655450551107
39079,1.0899951224027753
39080,1.9569644083390607
39081,0.5576506097236091
39082,1.9985805565604404
39083,0.2463034390118759
39084,2.458971756847042
39085,0.42672566008747576
39086,1.1582178879414533
39087,0.3037153884647383
39088,1.0860821606230877
39089,0.20565695803099615
39090,0.9771416664902249
39091,0.6710126594388698
39092,1.357211222924488
39093,0.12027328257227775
39094,1.7194302636863679
39095,0.4192751107863268
39096,11.192919947474579
39097,0.3101223656157876
39098,0.781605170697214
39099,0.29970476195541706
39100,1.129982060510145
39101,0.5767883412991869
39102,0.04171942917740562
39103,0.48361796031347903
39104,0.5485271336422292
39105,1.0673230620746534
39106,0.4031720260063959
39107,3.3922840023189145
39108,0.9480496712014941
39109,1.8089084884609603
39110,0.31203789270626753
39111,3.289467782047585
39112,1.256016822601695
39113,0.49802614238731246
39114,0.27971234183961713
39115,1.1297319414424207
39116,2.188722090020694
39117,0.36821700454159584
39118,1.4532884401272625
39119,6.0598020283372245
39120,2.996222667970288
39121,0.60246811422175
39122,3.2977631117389974
39123,1.6727127629637784
39124,0.64443086133109
39125,0.2801615848410675
39126,0.1600104761075269
39127,0.03199414349418432
39128,1.542363009775018
39129,0.3619263717218664
39130,0.5242854594046126
39131,2.161656308519191
39132,0.2802823055395612
39133,0.504074698398127
39134,0.1785940370670323
39135,1.2270651850096905
39136,0.6917407291581966
39137,0.7527726880858012
39138,0.1679289160250744
39139,1.1294808900087976
39140,1.5473955659492296
39141,0.4370895658319166
39142,0.5560336052956172
39143,0.11624131306106833
39144,0.4546389120539393
39145,1.1450004304411219
39146,1.1599669265469768
39147,0.32931407188118494
39148,1.0298297523761426
39149,1.0533697974237732
39150,0.1591457064363462
39151,4.745691642887288
39152,1.2584835431340282
39153,0.2735793260546917
39154,0.30215563433759723
39155,0.44535399152974753
39156,0.38555486838439457
39157,0.1748934876563311
39158,0.7448079174973931
39159,0.9309856744744941
39160,0.9584071334717098
39161,1.859379331008433
39162,1.4448105136902634
39163,0.5554977219649286
39164,0.3009445493765034
39165,0.13754816715039755
39166,1.4435414562897302
39167,0.12742263505588988
39168,1.4483045112636548
39169,0.776656827857187
39170,0.5350939734787444
39171,1.739871629663231
39172,1.8022772245616236
39173,1.7285965199073525
39174,0.7175531452802285
39175,0.5720192185947107
39176,1.2647491850505614
39177,1.856163013178893
39178,0.7774594430806526
39179,0.14814190636708932
39180,0.5060352182834099
39181,0.3338229029886439
39182,0.5878136551643252
39183,1.8217321544053857
39184,0.6183530201406712
39185,3.785828129982312
39186,0.3155162614170307
39187,1.7119309882361542
39188,0.709643363750117
39189,0.753103670974324
39190,0.43141786299515145
39191,0.39985693913380815
39192,2.12369728714451
39193,0.469868752341944
39194,0.7801778750475713
39195,0.7270616044979735
39196,0.41483264262230723
39197,0.8572573575397666
39198,0.5793409182107758
39199,0.17737869810133836
39200,0.930829480770959
39201,1.067481314482519
39202,0.7593451197613
39203,0.8150243701295004
39204,1.0544970235946165
39205,0.4653461730521526
39206,3.2571988989616263
39207,0.5841831465605064
39208,0.7220022517696483
39209,0.2128039386778054
39210,0.0752933308798152
39211,0.5285698931681312
39212,1.5974032872419957
39213,1.5107872660098787
39214,0.753148413547081
39215,0.9319205831363824
39216,1.9209799115986401
39217,1.0022733584078476
39218,0.6271797213797685
39219,0.7686367159384704
39220,0.7801605483762092
39221,0.8451848404061137
39222,4.485352918451354
39223,0.35434684932103594
39224,1.0217647966533658
39225,0.21021160449851628
39226,0.07537802962008265
39227,0.31901743482393874
39228,0.23503678137342748
39229,1.8710733282358594
39230,1.0949594005465584
39231,2.565850369179274
39232,2.680338556471312
39233,0.4215214183547483
39234,0.7225195329354707
39235,1.4549604942771208
39236,2.3026203314408638
39237,0.24820728108083598
39238,1.1147773638392997
39239,1.1725412716081511
39240,1.4297889274826039
39241,0.7379761361459364
39242,0.6938367679029398
39243,0.3982925359860856
39244,0.1978937991843007
39245,0.2686412849376681
39246,0.3183726099874145
39247,0.7089519417106744
39248,1.2333858564848172
39249,0.1675666773275326
39250,0.653024237284705
39251,0.7982071888761966
39252,1.0286527488480846
39253,1.0796292829721674
39254,0.2216571120191708
39255,1.867452241327529
39256,2.1627279017541334
39257,0.27389655341853386
39258,0.17219499032459748
39259,0.48419008003572556
39260,2.0223072413676593
39261,3.7860533266261998
39262,1.1783490618384895
39263,0.43647896122097124
39264,0.20833711008077738
39265,0.08164579529335289
39266,4.203011532730346
39267,0.1861587748015007
39268,0.17727272184961881
39269,0.5573236029248261
39270,0.28274761935363013
39271,2.109441287648502
39272,0.15490689377656527
39273,0.7476619691582058
39274,0.42020538865941215
39275,0.13882897683698545
39276,1.2222301841983965
39277,1.5481793516747882
39278,0.6638787386327043
39279,0.6116246157611148
39280,0.40836388805557955
39281,0.22948736184479404
39282,0.2771708712902946
39283,0.09487734540372521
39284,1.2518080620900243
39285,1.810620556239514
39286,1.9199375504875276
39287,0.08787420804971127
39288,0.3215160100645606
39289,0.06803959321113819
39290,1.1969522955064247
39291,2.032608987290429
39292,0.9978666391151416
39293,0.24608624189555517
39294,1.086084994483164
39295,4.373860872986796
39296,2.763647750777953
39297,0.7389388332988738
39298,2.5905343013176245
39299,0.8289434129984773
39300,1.0470821149837022
39301,0.34033389650097606
39302,1.3278541299757964
39303,0.529432879756192
39304,1.5124566764356608
39305,0.11252719018556272
39306,0.15960692967233528
39307,0.20414535688694918
39308,1.342377945677113
39309,5.853792285260292
39310,1.196327550152275
39311,1.651690684501364
39312,1.8851189393144854
39313,0.06476365690892216
39314,0.7026846809741555
39315,5.104330479642188
39316,0.4992153596033798
39317,0.27362477314270506
39318,0.32590664087721455
39319,0.062069147824346645
39320,1.7105195068220658
39321,0.38119011054764745
39322,0.3413068496157658
39323,1.172518049726936
39324,1.7209745772109604
39325,0.2796451681925078
39326,1.5205794777811903
39327,1.0940804319343118
39328,0.9248464543422303
39329,0.7996408037872369
39330,1.8670240309130293
39331,0.7021656322403652
39332,1.5939464550444975
39333,0.7268232522276687
39334,2.6391447714739176
39335,1.1382874807946062
39336,0.14076714725801986
39337,1.6460007287123708
39338,0.16831791683569877
39339,1.0172694187246611
39340,0.059715114874621424
39341,13.522519749704458
39342,0.982685777010837
39343,1.691206018162736
39344,1.420968018333237
39345,3.4455866412055163
39346,0.6627992447330362
39347,0.7932606632918218
39348,1.8774121867908873
39349,0.12465168250841434
39350,0.6911557762161719
39351,0.446360421831542
39352,0.09573292364308711
39353,0.07167422148834866
39354,3.5581259686989544
39355,0.36425624251695193
39356,0.37051926430527954
39357,0.1771689807842652
39358,0.9541204787640861
39359,15.620971432567824
39360,0.5341483569734405
39361,0.1866317354893075
39362,1.2030843666908007
39363,0.7746455965662883
39364,1.420708417510437
39365,2.56710612933046
39366,0.6498323989253073
39367,0.15195656981696504
39368,0.13407086965316042
39369,1.435009099666809
39370,3.073994628314185
39371,5.880928011611921
39372,1.7780149896047603
39373,4.187365813170076
39374,0.3369468860821753
39375,0.20809236061005193
39376,1.8079231859699834
39377,0.8374974678119806
39378,0.9200566168779633
39379,1.5108801431768806
39380,0.07109511237853916
39381,17.16722731839491
39382,5.129467585483617
39383,0.917067063786255
39384,0.18809231023989076
39385,2.314528613907297
39386,1.2439036058898083
39387,0.6796913777755756
39388,0.3693593815798836
39389,1.099289944195155
39390,0.056832335733597396
39391,0.928385968144605
39392,0.6998648098863443
39393,0.8289668837280798
39394,0.34803520617747824
39395,1.2731745338410496
39396,1.1924818305023015
39397,3.2721067575961493
39398,0.3270141738113473
39399,0.48416069761825176
39400,0.6267431583898984
39401,2.4627534602935564
39402,0.24890345945911652
39403,0.8964497769998819
39404,3.245864985922778
39405,0.9815393994300026
39406,0.3576120269660566
39407,2.766997473457573
39408,0.6507634832933362
39409,0.7320764850130661
39410,0.32898222934854493
39411,0.4199675604534972
39412,1.0749066179212807
39413,1.5934472692686945
39414,0.8921384137061102
39415,0.6241954933011851
39416,0.3719556402639561
39417,1.0603476041273567
39418,0.6698348512518365
39419,0.790389203704274
39420,1.437718239726572
39421,2.0665057573591303
39422,2.2482786304590254
39423,0.8999487460391722
39424,0.5093566798955715
39425,1.0081785766937452
39426,1.3721034382054136
39427,0.4074627170162806
39428,0.48039246502494515
39429,1.2641365400738227
39430,1.105017172206638
39431,0.16671089789759017
39432,0.2899511671660746
39433,1.1217304227471003
39434,1.122433267933481
39435,0.0822341981583325
39436,0.11606986316055637
39437,0.871941641189477
39438,0.21651259299438433
39439,0.9895734968866583
39440,1.1463437122339653
39441,1.4736351914704553
39442,0.25951874010381487
39443,1.5840834688207686
39444,1.0648292027435386
39445,209.66114138430322
39446,0.5032278149664124
39447,0.09299272009303826
39448,0.346416127718151
39449,0.18703569231582828
39450,1.5120193652297647
39451,0.11738552635833556
39452,0.2008063523885549
39453,1.4712440175846397
39454,1.257298915974546
39455,0.23752259251388091
39456,0.4879609509055469
39457,1.225522731608697
39458,0.12053276111845439
39459,1.5115161177198373
39460,0.9925305762938857
39461,0.8949467373544616
39462,0.18752899357459435
39463,0.17901573308800686
39464,0.42319449987089736
39465,1.4431481577212435
39466,0.11880241408890195
39467,1.1432248100875848
39468,1.2472968829171487
39469,0.5939056615067054
39470,1.256407781100101
39471,1.230337013036848
39472,0.47859605382926096
39473,1.8051847285207567
39474,1.9909173615270281
39475,1.2044169333206463
39476,0.8114535526282897
39477,0.3472063395452547
39478,5.549466325584991
39479,0.580786410884634
39480,0.6863239679208935
39481,0.8766829050090683
39482,0.42332989746571914
39483,0.47385121697424976
39484,0.24023396560284743
39485,1.3478517006852655
39486,2.61439849660372
39487,0.6295699133179689
39488,1.898409094365376
39489,0.9807859964567377
39490,0.07710008397900357
39491,0.07748907356261413
39492,0.28458928753502327
39493,0.307797753003115
39494,2.065492848794509
39495,0.8362260602992748
39496,3.6148627004991853
39497,0.7516863927197799
39498,2.9383456042866856
39499,0.3392879746532801
39500,0.06386198834990084
39501,1.3126507389344946
39502,0.5885676696666955
39503,0.0900554243706979
39504,1.4829358705374756
39505,0.03372147540657837
39506,1.4537615366460481
39507,1.2377935386960877
39508,2.216222533431671
39509,0.9874846722108264
39510,0.10083899654977171
39511,1.3314452405011885
39512,1.7791162868016368
39513,0.9972447585596957
39514,0.05151543704821116
39515,0.8062419109496832
39516,1.1391371658726306
39517,0.5479863863825085
39518,0.03253494075097849
39519,0.281798916945085
39520,0.35061124772861757
39521,0.8766845850629691
39522,9.269296581997603
39523,3.302731256777306
39524,1.6401285217597563
39525,1.2426100518958525
39526,3.0221126765323856
39527,0.4769356534610111
39528,1.9244339067052756
39529,2.646183713558213
39530,2.4414924095152246
39531,0.6453036042694742
39532,2.0487452593928848
39533,0.9965711826185423
39534,0.09053158440324234
39535,0.14128370327092332
39536,0.13192899291435456
39537,2.083062859821977
39538,0.49976521435174237
39539,0.5577836438834574
39540,1.3679506413449714
39541,0.6147625555966387
39542,1.2008308992289909
39543,0.32329094934202185
39544,0.6936306723223664
39545,2.059666934465003
39546,0.24473436351973638
39547,0.3793229453554971
39548,0.2350869385805316
39549,2.6194788925073533
39550,2.2932087587424155
39551,1.6925265747923672
39552,1.4414120075223593
39553,0.05580430258184285
39554,1.4041379771480584
39555,0.7399589432652433
39556,3.321283957568538
39557,0.2598410660388654
39558,1.151854324205815
39559,0.4643552028946849
39560,1.7400895338914706
39561,0.16619709400195065
39562,77.55895913929659
39563,0.34608378022599356
39564,1.4304812791571464
39565,0.6099964099838397
39566,2.263400713989984
39567,2.0961582141566963
39568,0.717287629652847
39569,1.3074565594411203
39570,0.26782562906099816
39571,0.2808743857105107
39572,2.347689053194877
39573,0.9934062542919214
39574,2.354362106667651
39575,0.21382315505173072
39576,6.169705929951613
39577,5.278377681853223
39578,0.6087331602479076
39579,0.7076784278018193
39580,3.226168990031109
39581,5.904304931146254
39582,0.8040103831261476
39583,3.0471942060269437
39584,2.8447905701502854
39585,0.9454277743103355
39586,1.2053540856878533
39587,0.30384630399050483
39588,0.11697724099662452
39589,0.060732537997229184
39590,0.7636746713923263
39591,1.8133242454826937
39592,8.117688905529844
39593,1.0801652108802056
39594,0.1085009239329967
39595,2.787650327280004
39596,2.33685164128747
39597,0.3307027308997287
39598,0.39144287740137657
39599,0.46017284712824447
39600,2.4818707402448177
39601,0.14193353263987207
39602,1.3709413921508495
39603,1.1155700114179976
39604,0.688370437542913
39605,2.192874462180806
39606,0.20480790135790822
39607,4.876165950977451
39608,0.6357803714632745
39609,0.11526673819393816
39610,2.5666855639967348
39611,0.4057398587030721
39612,0.5562395874998204
39613,0.49943189287524836
39614,0.1336122833691314
39615,0.03594719292611339
39616,0.7520806423626945
39617,0.5659843005711122
39618,0.17526582175301544
39619,0.939741817618146
39620,0.25521951019921163
39621,0.2853268863170676
39622,0.31632509700615435
39623,1.5490544096067251
39624,0.14320266685655145
39625,0.6393133244415775
39626,1.0336495905878471
39627,0.2865445780391975
39628,0.4161131339452143
39629,0.15355301807333158
39630,1.0481446082613894
39631,51.108252449036165
39632,1.7514822576333064
39633,0.9369374688143872
39634,1.2902744356624378
39635,0.05622837128298804
39636,1.1486390871654037
39637,3.0590752084735864
39638,1.0122923114848912
39639,0.2860563321488753
39640,3.3275119872665906
39641,1.5523608291595261
39642,3.7324088994850477
39643,1.4344619892901898
39644,0.8642981174664959
39645,1.4017924622396862
39646,1.2033263846969042
39647,0.6883277574922105
39648,1.802095167944404
39649,1.094165884630769
39650,0.9417964561430522
39651,0.016675130883239176
39652,2.644394992358541
39653,0.4552045060207258
39654,0.27858433615717165
39655,0.5055380118304265
39656,1.8549215236617995
39657,2.363771845146405
39658,1.842629435233176
39659,1.3885325404050206
39660,0.4212695910958186
39661,0.24347093803803924
39662,0.5206264494847188
39663,0.1854025685446925
39664,1.2453914937174158
39665,0.32700201407626145
39666,5.4015521999852805
39667,0.6685249956464572
39668,0.3059108887454104
39669,1.4318011950142002
39670,17.354684352859078
39671,0.17294818441854085
39672,0.9731500433876468
39673,0.19808840265200572
39674,2.4960897875077626
39675,0.3261472361883136
39676,0.5224577362319512
39677,0.49695410181431987
39678,0.2913529583803251
39679,0.3335646296113566
39680,3.590514556569837
39681,0.1484879969962322
39682,0.7782007329610205
39683,0.49122509799986996
39684,0.10870627242853896
39685,0.31022726705899595
39686,0.689517243202485
39687,0.9070320779867757
39688,0.372275353496705
39689,0.519336747784524
39690,3.1067653153485075
39691,0.5228753667223481
39692,2.1822482403981787
39693,0.8781522828135977
39694,1.3469472246059153
39695,0.4749898010349527
39696,0.2235762742163941
39697,1.6491559556210913
39698,0.16795565992921963
39699,0.41482094659659535
39700,1.0280302252490205
39701,0.20076866370120183
39702,1.2084738380878108
39703,0.26089744319403185
39704,2.415510218738846
39705,0.41922335083708023
39706,5.577795513092301
39707,1.5353747972450034
39708,0.1382507682457023
39709,15.44648291020988
39710,1.7270709192755147
39711,3.3152495285234016
39712,0.8008509419458844
39713,0.41055434940937807
39714,1.199735499436278
39715,1.186531945581946
39716,1.4507434447598984
39717,1.1097610018991737
39718,1.333661477456601
39719,1.811159279851591
39720,2.1206848652538195
39721,0.7730621073937776
39722,4.8604872012302565
39723,0.47018661188370214
39724,2.011717064916632
39725,5.7953022659737305
39726,0.39699135220001697
39727,3.1786546855763635
39728,1.036774091569677
39729,5.079338179138072
39730,0.1647620747909661
39731,0.43632249246360977
39732,0.46218089161449266
39733,0.45856553054986693
39734,0.08972767158703339
39735,0.6584532197461316
39736,0.15987984746606398
39737,0.36013254768306086
39738,0.27508980112510056
39739,0.12569255526748835
39740,3.6513025017673297
39741,1.2750506791275427
39742,7.424494208871616
39743,0.9122464415712797
39744,0.40932012728122635
39745,3.0377448091742267
39746,0.08205200820823216
39747,2.498197360008956
39748,1.054130063380746
39749,2.0446859610467563
39750,0.6138012630276106
39751,0.49491010520661133
39752,0.3633922573789764
39753,0.11813527904017466
39754,0.11170979863722134
39755,0.027193753840630656
39756,1.0702547165010214
39757,0.5008639209452594
39758,1.4417313986324536
39759,1.8236615030958454
39760,0.027995975727616067
39761,1.4213404525369757
39762,14.795919664394168
39763,0.46101855898115246
39764,3.5258094018628237
39765,2.430312027091876
39766,2.6856722772275474
39767,0.38535859193546385
39768,0.4083954253288603
39769,0.2697851314786971
39770,0.948662260932243
39771,0.19600976752237464
39772,0.23128260581944587
39773,2.3792362192263865
39774,0.5584583462015422
39775,0.4721060443867563
39776,0.3694087182139863
39777,0.8177314195779359
39778,0.8950807595193307
39779,0.6716627944899279
39780,1.3820997308960248
39781,2.1285853602480898
39782,0.08818007470272922
39783,1.6352422094817982
39784,0.18794121183511026
39785,0.24618229725573534
39786,2.498205671407875
39787,0.06307546384550523
39788,1.9982452458398232
39789,1.0120411612337272
39790,0.2188166608487738
39791,0.40579345905600817
39792,0.9257295945860078
39793,3.074965724428175
39794,0.08405216031973328
39795,0.08315213187924879
39796,0.49954125378716885
39797,0.6900743213218297
39798,6.006641372002182
39799,7.290900504567168
39800,0.4299826947209118
39801,0.8805585127842304
39802,0.08635395712672332
39803,0.2571181750819533
39804,0.48689516852819614
39805,1.1120251617539172
39806,0.3008497650551678
39807,0.36169256793053894
39808,1.447495033630259
39809,0.8873283893757993
39810,0.8747304427140814
39811,1.23040578658574
39812,0.1177728795966736
39813,0.6536739075660114
39814,0.16421480119579593
39815,2.2336643001545626
39816,0.20770232558008944
39817,0.38979286158180104
39818,0.9330620211483653
39819,0.7203242735429256
39820,0.3329991227245976
39821,0.3310470380744186
39822,2.4561524680161657
39823,0.21300093635246117
39824,1.5967510856738663
39825,0.4277391151481975
39826,1.957206169450724
39827,1.1615344307804754
39828,0.22483056239579677
39829,1.9092633447699494
39830,1.9009115827269643
39831,1.253387041527495
39832,3.2427936899797123
39833,0.14646247729233777
39834,1.1828088530641279
39835,2.148871612454934
39836,1.1650665569594458
39837,2.7899780219503847
39838,0.3867643960867209
39839,2.6203947948805286
39840,0.33430752328538343
39841,1.0561540204480402
39842,0.5380909709967876
39843,0.12769854938441666
39844,0.3352130270462923
39845,0.7549911268015195
39846,1.620963959465721
39847,2.223029119523539
39848,0.2804659029568676
39849,0.24972993932497758
39850,0.38460510771215595
39851,2.147533550746462
39852,1.7376744849939019
39853,0.15748359819222937
39854,0.4548798659537033
39855,7.704429120144031
39856,0.3179092649386539
39857,1.0255431112090378
39858,1.0850208224143731
39859,0.3125480985307955
39860,0.09922142203599316
39861,3.669469136525995
39862,0.48250245255337526
39863,2.4919109529495427
39864,0.6127295396226966
39865,2.047243143577595
39866,2.447808280072183
39867,3.1590175945255288
39868,3.671757063040502
39869,0.3380556155466071
39870,1.4154785582849005
39871,0.3827675665216888
39872,0.42062112197343743
39873,1.864215256954925
39874,1.2677477094651712
39875,0.09114671422628758
39876,0.19282418909267932
39877,0.3318189486479026
39878,0.2807699725526113
39879,0.6987928617465105
39880,3.547382607295649
39881,1.2334296297796388
39882,0.08940919952834976
39883,0.33909230297027454
39884,0.4783124263408839
39885,1.082335726079063
39886,0.6459164090046812
39887,4.457810898800078
39888,0.21233176701905535
39889,0.28693186540091514
39890,0.20460641019451883
39891,0.820639568102881
39892,3.1753246998845963
39893,1.0030132227794213
39894,2.0854916698950223
39895,1.170740311781516
39896,1.0115019776032401
39897,0.885422883876989
39898,0.2558868649259711
39899,0.22944731341580793
39900,0.18225512893194623
39901,0.3387117575057799
39902,0.31797664018509336
39903,0.2848932276526001
39904,0.373257589354144
39905,0.7671114126758102
39906,0.38209812292548034
39907,1.5194402721606912
39908,1.5392272597414378
39909,1.7458089313330574
39910,0.5324168852755652
39911,0.1218077322322342
39912,0.4280834459973227
39913,0.05601383601422809
39914,0.7226946825772123
39915,0.7113804330899034
39916,0.06640362613635103
39917,3.2538593815829246
39918,3.6600659880283284
39919,0.5563555587612926
39920,0.48054417208727074
39921,11.392941169308417
39922,0.586382687650191
39923,0.06636459834503607
39924,1.768439882907243
39925,0.8265146759799622
39926,0.20858535624590094
39927,11.232147305005547
39928,24.933896325192503
39929,24.85695266373527
39930,1.327073586838062
39931,13.128078876136355
39932,0.8506334163427007
39933,1.0671921309592096
39934,0.12903605351776926
39935,2.8165988949574934
39936,2.9754809314475237
39937,1.002158515886571
39938,0.5457118869900202
39939,0.8744595028316929
39940,0.237995850246436
39941,2.5149153672757607
39942,0.396264889958099
39943,0.3383637369903851
39944,1.111720112104471
39945,1.600673763948241
39946,0.08814404535202175
39947,0.7479708054942926
39948,3.605533573188406
39949,2.8780605372304144
39950,3.7848270697566777
39951,0.6719289963043464
39952,0.5095634439786988
39953,0.9772164357013509
39954,0.1753917659020873
39955,2.03211350595176
39956,1.2044734573889642
39957,0.23179391697956075
39958,13.06207325142
39959,1.4378148622452316
39960,0.2503393928926003
39961,0.654110093338445
39962,1.0321617546322641
39963,2.1655811657700927
39964,0.9402501659875997
39965,0.7817571864003784
39966,0.8033810845470782
39967,0.4458571981240386
39968,1.9764257861809598
39969,0.3140392510732267
39970,0.5441371263008239
39971,0.9989783967478884
39972,0.574982973573049
39973,0.6669147869181555
39974,0.42721058144339286
39975,0.36708162113495824
39976,1.4099508943012817
39977,0.7810062744703017
39978,0.11143326228151508
39979,0.40086196328730384
39980,0.603560437161003
39981,2.383998857011466
39982,0.548815725192461
39983,0.32532817056578023
39984,0.38446317891782544
39985,3.1622315752014902
39986,1.8522208949190995
39987,0.5639958373265257
39988,1.2845063604407376
39989,2.3496677181300893
39990,0.17773509562813292
39991,0.4210962176840472
39992,0.4886845291080568
39993,0.6780509866990829
39994,0.08154426152987494
39995,2.0810028579349638
39996,0.12173132399228308
39997,1.5547618262107976
39998,0.4163894236442035
39999,0.41553504543380543
40000,0.6267098980242096
40001,0.9917497121564781
40002,0.2732191990616992
40003,0.13409106727751904
40004,1.3196708281108736
40005,0.688074357528388
40006,1.6364705834421192
40007,0.060973200240821535
40008,1.153182899284144
40009,0.44117034454950516
40010,0.48810759618692895
40011,3.9775331526962083
40012,0.2491279516270273
40013,2.431041763704683
40014,2.8089510452357946
40015,5.1834423377258725
40016,1.3035645787241206
40017,0.5421197162866419
40018,4.774548386177018
40019,1.6957698191620791
40020,0.3063667685118865
40021,1.3960917336913614
40022,3.398868048858342
40023,0.4035204446684899
40024,0.07335431176392962
40025,0.8515882957102285
40026,0.8077734747849568
40027,0.3554592482652354
40028,0.23179001514659417
40029,0.19182242716530098
40030,4.409087618409466
40031,1.7878051592547246
40032,2.396203077986989
40033,0.5114725283488724
40034,0.997199679593941
40035,0.43145019395140155
40036,0.1475430289000576
40037,0.4499271967552903
40038,2.135093213164612
40039,0.18226596913341556
40040,0.329956719122345
40041,1.7906938260753287
40042,0.49212682924297213
40043,1.5117903757197506
40044,2.709706845187179
40045,0.8841851603797042
40046,0.2303312848002248
40047,0.4356604542888974
40048,0.9465509566095653
40049,2.330649767607218
40050,1.00328554109146
40051,0.5575841306012055
40052,0.6209344933209406
40053,2.1554474759456896
40054,1.0831809658860545
40055,16.006894054957634
40056,0.804526290896579
40057,0.5734553096773374
40058,0.7729486672594247
40059,1.6410873422718621
40060,0.29390374445178014
40061,0.947167358989995
40062,0.5088283133646737
40063,0.2527886684695765
40064,0.6784511219978259
40065,0.5801841195179075
40066,1.0974989982491494
40067,0.09970417992396542
40068,2.3288587367429323
40069,1.6881234157348863
40070,0.43672544627209675
40071,1.4140465559714375
40072,0.040343027988593655
40073,0.4026812164832678
40074,0.7501785667064184
40075,1.4202163999793533
40076,2.439500929033323
40077,0.26337384481994597
40078,0.9080981956974181
40079,0.5645589319509325
40080,0.2009573126345433
40081,0.056937012661165125
40082,1.3736482162649484
40083,0.4333702493673843
40084,0.28723720130482533
40085,0.778331308149444
40086,1.2283193441972713
40087,0.6681302955584159
40088,0.18096633623257682
40089,0.35132555615278815
40090,0.35415585478432715
40091,5.653985090259589
40092,0.07439911807229284
40093,12.292861574344993
40094,2.4270878541966727
40095,0.1556571816170665
40096,3.111739257269689
40097,2.486265316994871
40098,0.5346403934908671
40099,0.32940650318939674
40100,0.12073133683576502
40101,0.035279633439820005
40102,0.4779560698053078
40103,0.07952660711733467
40104,1.1042206091836224
40105,1.0109234773513984
40106,0.09897489482136902
40107,0.3826574731533644
40108,0.3041864044769446
40109,0.814783156979223
40110,3.2347589947882707
40111,0.8016905174570765
40112,0.4008663358638044
40113,0.14301836866184964
40114,0.702333223755204
40115,1.0165948349937213
40116,1.1206390048599408
40117,0.24909037559095987
40118,0.33511222002877694
40119,0.6707736952677821
40120,1.9070869098993124
40121,0.8245020046716008
40122,0.10407626731155181
40123,0.23556622588034687
40124,0.7892228357244938
40125,1.560094341758278
40126,0.23937573447553126
40127,0.5862970652808931
40128,0.22781931539421907
40129,0.8877807994337134
40130,1.5639850379901354
40131,0.8458903115020981
40132,1.6386942745511461
40133,0.9682217343291933
40134,1.3873878403108877
40135,0.5985597672352513
40136,0.13706993162136571
40137,0.5910947457142599
40138,0.420133326336109
40139,0.3363022156938177
40140,0.266174926392826
40141,0.8176764977355435
40142,2.3982796935954482
40143,0.7399677018237305
40144,0.26258760500494094
40145,2.523462714693506
40146,0.47851908297956836
40147,0.29439899875776254
40148,0.521393862819574
40149,0.14007847039053917
40150,0.14917695426242653
40151,3.3909850273981634
40152,7.999629486252735
40153,5.535698537366623
40154,1.9037697987948086
40155,2.020915567457696
40156,2.6753563436401206
40157,3.6122586319727574
40158,0.8094435647164077
40159,0.20184745005758356
40160,0.37343514847847503
40161,4.246630327779183
40162,2.1191737696008928
40163,0.8752539021671606
40164,0.9172915803085326
40165,0.6179372641409137
40166,1.8976740353566202
40167,1.7388050164428794
40168,3.578418841008149
40169,0.4049890939853443
40170,1.9122882421027847
40171,6.889812949704113
40172,0.48501093749923546
40173,0.6062270720947978
40174,4.2258330552264365
40175,1.6870671528702021
40176,0.9374607466323158
40177,2.375539167557616
40178,1.4694636207000689
40179,0.04490609038735291
40180,0.2084357161285031
40181,1.0871297773133684
40182,0.400403274926251
40183,0.47847624351892026
40184,0.4685625865837457
40185,4.619518353152174
40186,1.8353498276133906
40187,0.22380605176564178
40188,0.16869023730657318
40189,0.3503460131053793
40190,0.1731510178451936
40191,0.1898450703680745
40192,1.0283846069063913
40193,1.0625780401069003
40194,0.2767669031638219
40195,0.7039600127682762
40196,1.0827205962290098
40197,0.30475699782792515
40198,1.058678199895807
40199,1.282869872014626
40200,0.8977460306603053
40201,0.7609944505333236
40202,0.12018566682577651
40203,4.1027698041915786
40204,0.9550380217475719
40205,2.325793306394192
40206,0.33037493368670334
40207,1.8025491967386147
40208,0.2742301722433443
40209,0.8925942067037325
40210,0.7314207051463691
40211,0.7110388967498027
40212,1.2316923894224183
40213,0.27758174775220296
40214,1.0595121484211178
40215,2.1097885513783927
40216,0.0459641688843338
40217,7.900281568718345
40218,0.896804887952998
40219,0.23339094021944032
40220,0.6578060496231997
40221,0.7299386510671112
40222,0.27292730371747886
40223,0.8004182363497588
40224,2.0794481664469506
40225,0.334680083710414
40226,1.0075744933251471
40227,0.8238822794942139
40228,0.04275659865870169
40229,5.183638505051269
40230,1.0937643777027923
40231,1.1196674485917473
40232,2.2080089533982434
40233,0.0802383801457022
40234,0.1266844116877008
40235,0.11576718144897251
40236,0.6829365441265438
40237,1.693021957784362
40238,0.3316930022227151
40239,0.4064436613203284
40240,0.18144493700312286
40241,0.11739724555618741
40242,0.5585783367488641
40243,0.1838588320589682
40244,0.9199497092356113
40245,2.156297464686679
40246,0.2880598669143711
40247,0.5576273104016108
40248,11.699568997148978
40249,0.7513114184026368
40250,0.19761006103044043
40251,4.29404926316496
40252,0.39155263578376126
40253,0.21609059637024045
40254,0.16808459579698337
40255,1.5974181182817118
40256,0.9966442565004865
40257,0.21752366416751018
40258,3.731466353380804
40259,2.3188149720826745
40260,1.2425687934010987
40261,0.4559093828309692
40262,2.3098515836201314
40263,1.3628020852718072
40264,0.16891615032236643
40265,0.31325430856141273
40266,0.5091669080830515
40267,0.5082219522939695
40268,0.6110090247810618
40269,0.7117824666562463
40270,0.9768036269760579
40271,30.193455358607185
40272,0.695547032675301
40273,0.8848381356117861
40274,0.05536983439668028
40275,0.17998328339951103
40276,0.21871515738111527
40277,0.6085318312904413
40278,0.13418371144467522
40279,0.24247468066615602
40280,0.34414442452705607
40281,0.1368402069786317
40282,1.3565272165651714
40283,1.9204985153357632
40284,0.26012980988186596
40285,0.30452183254795684
40286,3.3766650117082477
40287,2.7732006609391195
40288,0.06661410407967171
40289,0.11965298083132686
40290,0.2708112674319107
40291,2.2736178272407814
40292,0.07504659610883238
40293,0.6626979979232409
40294,3.429404998350397
40295,0.31204861100057396
40296,1.7356492408989161
40297,17.238073306397215
40298,1.6766462543785008
40299,0.26177285852524457
40300,0.7251009721998154
40301,0.18140433002460307
40302,1.4242538370773434
40303,2.3527702539041955
40304,0.6747694977278642
40305,0.3228093972460311
40306,0.20655521509807884
40307,3.9746342233495184
40308,1.800699580832282
40309,2.604223967921631
40310,4.664730757342576
40311,0.3907913159023932
40312,0.10406745137631357
40313,0.7150667182842565
40314,0.2486051180652321
40315,0.17237111306301212
40316,1.444438707260938
40317,0.17303233788117628
40318,2.8748183061384185
40319,0.7079709983543798
40320,0.6510380465119738
40321,0.15132637528125625
40322,1.124505580260861
40323,1.9112351519149688
40324,3.2847310579746427
40325,0.517059610471978
40326,3.437898558245986
40327,0.1514861213053631
40328,0.6402471788763527
40329,2.9596958219298473
40330,1.888570173844424
40331,0.3007680267947275
40332,1.9780191648260712
40333,0.4206700163586588
40334,4.092053712127028
40335,6.361703477903695
40336,4.154365064929967
40337,0.592692995438174
40338,6.38830293496322
40339,0.42089927132898847
40340,3.0655961532676343
40341,0.2179285215018401
40342,8.870229483436688
40343,0.23742574524839183
40344,5.558607201691159
40345,0.4722111532634351
40346,0.9031607452998999
40347,0.6795144028837945
40348,0.2782331206588275
40349,0.4711089929449303
40350,0.23941221737810692
40351,0.5188607481407325
40352,0.8707348640431022
40353,0.2649421460352135
40354,0.975977689171433
40355,0.3702682034159448
40356,0.43429746456929424
40357,6.6997965370943025
40358,0.20769186781810836
40359,0.8175368697487666
40360,0.2438798187396939
40361,1.1932309065817366
40362,0.5771442139904748
40363,1.140494215798301
40364,0.13522128264320216
40365,0.2381928304835269
40366,1.6216479346714485
40367,0.4764134824074745
40368,0.22744024615286884
40369,0.932601760759372
40370,0.6016603099077497
40371,0.6462415485551488
40372,0.4981725225424528
40373,2.724191409066404
40374,0.5163817172630321
40375,14.12918919542461
40376,1.1171307065006102
40377,0.5258985247129847
40378,3.172507690184893
40379,0.9828951545418662
40380,0.21871798283166782
40381,0.6454905489400897
40382,1.1348467602525987
40383,2.3041999387046683
40384,1.1020538645059623
40385,2.201291765111075
40386,1.7171033542424023
40387,0.9615300877183153
40388,0.6837914408214951
40389,4.079343296546475
40390,6.535153533109799
40391,1.2351678357777134
40392,1.749907817920677
40393,0.24234492383657724
40394,0.11207791844604263
40395,1.5653097945285355
40396,1.6643012443678904
40397,0.9487551995822533
40398,0.12545201619364166
40399,1.2163283693994085
40400,0.531452529930732
40401,2.235309403926369
40402,0.5520068030777179
40403,2.622315044889351
40404,3.490916535506392
40405,0.6537180263456701
40406,0.3850871521432194
40407,0.08125752746469854
40408,1.4932486254311192
40409,1.1031380302674756
40410,1.061879795889817
40411,1.3729227620973752
40412,0.6561192123357275
40413,0.21903930854150722
40414,0.07117557505184394
40415,1.380314586288198
40416,2.0821839358278846
40417,0.29155642237836116
40418,0.6925569585205708
40419,4.430802156691981
40420,0.3186058263911767
40421,0.2144145660567679
40422,0.13985920101165877
40423,3.5683773354940778
40424,0.44447783638029453
40425,0.47941143130745223
40426,1.0223825420231267
40427,0.21023445103989943
40428,0.5440464239604792
40429,2.2594449614677177
40430,0.15925053013439266
40431,0.6689583445920348
40432,1.367959570945746
40433,1.785914530372753
40434,1.026702029846202
40435,0.07389952165614817
40436,0.28825585567706863
40437,1.0604977982787784
40438,0.2220309701871308
40439,0.7520365121346606
40440,1.0683535368031887
40441,0.5628316811315845
40442,0.14589748147022868
40443,1.068633194676762
40444,0.5393436766823871
40445,0.6199071592409267
40446,0.8955406056963178
40447,2.5327983110750916
40448,0.5814378710289974
40449,0.8533948654155802
40450,2.3421055505056003
40451,1.8365040137496196
40452,2.8905133511693197
40453,0.1009821634902999
40454,2.967179722907259
40455,1.2011428585477943
40456,1.5200550235172128
40457,2.676993765479322
40458,0.0751592475716828
40459,1.026061847182163
40460,1.9625873135545673
40461,0.4944614494468503
40462,0.14376169804269856
40463,0.19653856405207676
40464,0.39898939433965863
40465,0.28823124893368557
40466,1.9934763192774128
40467,0.06543657740841466
40468,0.2288361656731404
40469,1.5048723535888624
40470,0.10532061176987602
40471,0.7822753080706937
40472,0.31302514224088696
40473,0.5065973900241915
40474,1.889563096097913
40475,0.9455846230001247
40476,2.1191155653363274
40477,1.1703912955676956
40478,0.158820767620701
40479,0.15081692834909569
40480,0.13803660779116614
40481,1.34777937939539
40482,0.12722942396711803
40483,2.7573857147085183
40484,0.18127641811380157
40485,0.8449791492386248
40486,1.9946492157284816
40487,0.030848508052597867
40488,1.383796138608091
40489,1.6546988943388847
40490,0.9705553202044193
40491,0.0860972044263023
40492,2.5097325200852114
40493,2.5412558818911606
40494,0.4455218902736874
40495,0.7822262097199508
40496,3.8545011720632023
40497,1.5061685544004548
40498,0.1140893073269747
40499,2.484191165683662
40500,2.7077780761560097
40501,0.258473273183895
40502,0.13969369224921063
40503,0.8601590531901628
40504,1.2208263916188988
40505,2.6896146753751684
40506,0.46781352919680963
40507,2.3315724192942016
40508,0.2457909239564595
40509,0.42639246434634964
40510,0.30534179368884434
40511,0.42308030371951044
40512,0.08179247252128277
40513,1.2217934583868386
40514,2.7748361942139983
40515,0.7818070110370207
40516,3.8025390581880103
40517,0.36572239745036983
40518,1.9650450724633373
40519,0.20016400951887553
40520,0.7918386062750733
40521,3.1847762524358485
40522,1.326285017487481
40523,1.4520749078433752
40524,0.1659902256663807
40525,1.3912036000475658
40526,0.4275187907609712
40527,0.06335261156384436
40528,0.33705617152174244
40529,1.0852086188094288
40530,0.0979654561402181
40531,0.6571954261200667
40532,2.4106344459221347
40533,1.884679389522959
40534,1.6301636592131221
40535,1.1792717194111098
40536,3.5783877674819884
40537,1.4848361062412092
40538,0.7047214823662519
40539,0.5844453759830296
40540,0.5271926579578632
40541,0.11513151643315564
40542,1.4754194478929743
40543,1.4478783220732203
40544,2.012653263549326
40545,2.3999952221814542
40546,0.24514153755463933
40547,0.43941557640595885
40548,0.7828294897926256
40549,4.846324420177355
40550,1.680233274335364
40551,1.269164008126524
40552,2.7730201683680535
40553,1.8498196104366358
40554,0.664600664888309
40555,0.6280294745110974
40556,1.7975011073743783
40557,0.2334234744556455
40558,0.7292762450939279
40559,0.0646545675508602
40560,2.4534652799020273
40561,3.2448927554961937
40562,0.7653230501700273
40563,0.7889456454659691
40564,0.4218758199642045
40565,0.13320871236672346
40566,0.9026140248863396
40567,2.852664608621292
40568,0.24729956719193347
40569,1.2005150348336793
40570,0.17321638909045
40571,1.1362418857981313
40572,1.4314787143123622
40573,0.3310716247390777
40574,0.5173249537111537
40575,0.40107743464674656
40576,0.7624400124937897
40577,0.3741977164196193
40578,0.3123530266005134
40579,2.6535089993570384
40580,0.7418064856705701
40581,3.2930243054591672
40582,0.24959876208158682
40583,0.2572367856467656
40584,0.08967826364509698
40585,0.08594887501800626
40586,0.38284129355048074
40587,0.3216701244597704
40588,3.336432675708995
40589,0.7722401614115513
40590,0.12479391329910237
40591,0.2225077250848535
40592,1.8143715588490414
40593,1.845236122962017
40594,0.10554601015618814
40595,3.1684036344173965
40596,0.21804374279672042
40597,1.2852131881709252
40598,1.5755270867422868
40599,1.1992784874393358
40600,0.766997986586823
40601,3.405674239286519
40602,0.34222244432766946
40603,0.4136694269946816
40604,0.07382150795280802
40605,0.3976885602113989
40606,2.3009636083665868
40607,1.7241978861725944
40608,0.5728260273089798
40609,0.5885695403732765
40610,0.7860221945070016
40611,1.036051483672474
40612,0.7037211527838506
40613,0.8111891072186418
40614,0.45083384751021005
40615,1.7318856633548823
40616,0.8458267877086257
40617,0.7471833947483693
40618,1.513108260345857
40619,3.772453359371888
40620,2.585674319666826
40621,0.13738133742549433
40622,0.7424897930491858
40623,0.41132421597354446
40624,0.5177530550430715
40625,0.10427605189550937
40626,0.5720731948030049
40627,0.4669083691152647
40628,1.9572357918244256
40629,0.4707976821688115
40630,1.1158820850309503
40631,0.8737444836985202
40632,0.9017424341498494
40633,0.6358471863726536
40634,2.069220470852691
40635,0.2900395814355161
40636,0.3856670536995562
40637,1.8058053824216094
40638,0.22620664049736974
40639,0.2799993499572888
40640,2.916277765344642
40641,0.2971296618581739
40642,2.0518591845037104
40643,2.1014349619794244
40644,0.9033642640064072
40645,1.7825353616363435
40646,0.27048775960656474
40647,0.6986096352894378
40648,0.1001587936481225
40649,0.28084115153182626
40650,1.8171721241795928
40651,0.11734414506904188
40652,0.5424913828335854
40653,0.08247425396557576
40654,0.6541290644331832
40655,1.2475496795030865
40656,2.3866890439194175
40657,0.4560169283772361
40658,1.2057864359860477
40659,1.5304959320713827
40660,0.6171682855716734
40661,0.9079500268021666
40662,1.1295391686226046
40663,0.9550542868580701
40664,4.092969277031298
40665,2.328058352254183
40666,0.4563770366610319
40667,2.698947187346428
40668,0.6424065887291701
40669,0.7135754183013931
40670,3.883313318417529
40671,0.13969397589079355
40672,2.7183843923890643
40673,2.732044773825523
40674,6.318590261050703
40675,0.19174504016910165
40676,0.7166385184486685
40677,0.8937634443335123
40678,3.7467849962443984
40679,3.007683705207111
40680,0.2343565109312174
40681,0.12329032871937398
40682,0.294068916189357
40683,2.0522082410449354
40684,1.634609058985462
40685,3.4901090884456036
40686,3.09669118248928
40687,0.3217275478085763
40688,1.3597278013216418
40689,0.07620314503974694
40690,0.10183506995853947
40691,1.608727786740807
40692,11.544105603722778
40693,21.10196940588666
40694,0.8839489629426271
40695,0.7968770065797199
40696,0.8978408455832017
40697,0.08258639360346007
40698,1.8665891405756585
40699,2.1659707252410416
40700,0.4731994353876021
40701,0.16375234396212002
40702,0.7858041669796682
40703,0.3130383599756621
40704,0.6478718463971894
40705,0.10259489071806781
40706,1.0560993400333263
40707,1.6096263354346767
40708,0.3873408523500033
40709,3.8365168965724497
40710,0.07162335280562883
40711,0.8907794150348952
40712,1.1767400620675466
40713,0.3719698771690194
40714,5.3330284292902235
40715,1.5885510375606247
40716,1.5908370035874881
40717,0.863830842510308
40718,0.6388308468370095
40719,0.16254852575955703
40720,0.17585794651923606
40721,1.0627941116988369
40722,0.07838050188561506
40723,0.26352674780322005
40724,0.5014691327971269
40725,0.34986249333551644
40726,3.6031678022619973
40727,0.49644838914607015
40728,0.07425036006934967
40729,2.2904465361632105
40730,0.40695670410160684
40731,0.5835310318177249
40732,1.9934954625280177
40733,0.9738805205092907
40734,0.6579604508581565
40735,2.490958837696228
40736,0.6568558992577949
40737,56.02196693797374
40738,0.8581816470843584
40739,0.23339221992433648
40740,2.8120445967155856
40741,0.47652618529437657
40742,1.1640794615730081
40743,2.8619379355194106
40744,7.747267154669486
40745,0.25807276247874433
40746,0.3393651874146437
40747,2.0553432110944163
40748,1.2064158758409735
40749,0.5572066809878099
40750,15.900131905263851
40751,1.392419025715457
40752,1.8037410988515183
40753,0.30450749624658496
40754,0.32827599478321184
40755,1.6367550779064033
40756,1.525057561648817
40757,1.031888107692185
40758,24.996654789845895
40759,3.4751523606771664
40760,0.5208097584987355
40761,0.28681802360732156
40762,0.05852465921180344
40763,0.0941620821900259
40764,0.5060405446199666
40765,0.27348547426869435
40766,0.18931495856900374
40767,1.0345104182829166
40768,0.26495191950058206
40769,0.6801848058995039
40770,2.6411622661067935
40771,0.15309804948058875
40772,1.2057757124439341
40773,0.04585146012215552
40774,28.224886453615035
40775,2.2608899012327597
40776,0.24303543342818723
40777,0.45767478536799816
40778,2.4088749939509886
40779,0.46433860945484623
40780,0.2988173363593778
40781,0.37456741235844326
40782,0.09658441137608874
40783,13.067445998732731
40784,0.4739249297121523
40785,1.2852102852374028
40786,7.237304991703126
40787,0.27026645603577315
40788,0.1374090447798367
40789,1.6645499381210664
40790,1.1690756127427664
40791,0.8838747344270818
40792,0.7206361242721995
40793,0.6314518850666565
40794,2.4649805019740567
40795,1.3115059780869183
40796,0.4155943076101104
40797,0.714179678919137
40798,2.0239088532715113
40799,0.5677975007812129
40800,0.09545506176630293
40801,0.36482869494217157
40802,0.03755680804816597
40803,1.7650424507014173
40804,0.842717074647459
40805,8.335214150343162
40806,5.286269959060064
40807,0.2091372242817231
40808,2.4366133520612503
40809,0.8896308757620486
40810,0.5409986463646588
40811,0.5515371575876232
40812,0.12539722619649726
40813,0.8740361313156291
40814,74.16553066427441
40815,0.3010503311352402
40816,0.11557123604996361
40817,0.94836064205048
40818,0.31506258248068914
40819,0.3817227492907357
40820,1.6815341870145333
40821,0.7189956797507803
40822,0.24583328396692272
40823,2.1201655730372724
40824,0.6294947770485091
40825,0.5923441592825064
40826,1.0076650731444239
40827,0.9115532927225396
40828,0.05937589348076204
40829,5.988615883285879
40830,2.380530097079721
40831,0.36299091844011616
40832,0.6287976941136777
40833,0.489991631686866
40834,1.7781094281561018
40835,0.2648130131886403
40836,3.306144641459413
40837,1.497772708602077
40838,0.8320506907517926
40839,0.26915560124000887
40840,0.37821060949233354
40841,0.46384852050848874
40842,0.3420985232677514
40843,0.12663717124828475
40844,0.21475725663024278
40845,2.008984728684581
40846,0.22661010225110684
40847,0.7415746369913767
40848,1.342662645381066
40849,0.596095594077167
40850,1.642946393134065
40851,1.9123776698292791
40852,0.1163866995261683
40853,1.3472882300824138
40854,3.4634943492062615
40855,0.6963517970682058
40856,0.34683386992599274
40857,4.469909636816823
40858,0.8981021232882064
40859,2.1306427134524477
40860,0.37068541843001007
40861,0.2760584259148327
40862,0.4037508658864066
40863,1.0208053096825387
40864,1.813023930003739
40865,4.17527550775708
40866,3.374850214761013
40867,0.3093683839812874
40868,0.2555605290479606
40869,2.17353641064627
40870,0.9411097886471842
40871,0.22029150612671497
40872,3.3771833584624456
40873,2.2072108107055888
40874,0.9774213539368809
40875,0.8780881186208351
40876,12.096749542146751
40877,1.5367692316911887
40878,2.468466872088043
40879,0.3290087469262493
40880,1.0081965917973468
40881,0.89548872155611
40882,0.3513294657772097
40883,0.3720535672914061
40884,1.785237757059582
40885,0.7582548286022959
40886,0.34002986716065126
40887,0.5947816926685892
40888,0.2083507368485928
40889,1.6829071816175114
40890,2.31100397539323
40891,0.7455295799247695
40892,1.6773036410786313
40893,6.186985926395991
40894,1.4066329693781907
40895,1.0781582437122097
40896,1.6671919007095455
40897,0.5875833720882347
40898,0.91674178804646
40899,0.23338962445637512
40900,3.57319423640126
40901,1.269022466814877
40902,0.1723475097291192
40903,0.7131922677298284
40904,2.529291808980117
40905,0.11167563981389897
40906,2.626785908900509
40907,0.5008834221230635
40908,0.6146060726357937
40909,0.3091766185751007
40910,2.526786074057336
40911,0.41695824290378414
40912,0.08183856993617425
40913,0.29154139001745105
40914,0.07396977906897007
40915,0.14250587856984268
40916,2.6150775556725905
40917,0.6655867163190421
40918,0.252371453098671
40919,1.0781618646416253
40920,0.10000238884846833
40921,1.0151226179489161
40922,0.42358825617935225
40923,0.34974525673057477
40924,4.210152380822677
40925,2.315003034243311
40926,0.8161297050414856
40927,2.22268370798263
40928,0.43509947268048155
40929,0.2319067150024158
40930,0.8639641548106314
40931,2.432882483203713
40932,0.43771096979325597
40933,0.6647691737474086
40934,0.17085392256431267
40935,0.12200282444827841
40936,0.46777746972753265
40937,0.24270028059396406
40938,3.2233050565958137
40939,0.9789037727121777
40940,0.11124259609202986
40941,0.007609073307337651
40942,0.9265524571123019
40943,0.5194077492665222
40944,0.37695433674143797
40945,1.2537759107266166
40946,0.6666983593347446
40947,0.2716318034712088
40948,1.790008230223629
40949,0.17129165243443814
40950,1.0537259318826122
40951,0.3751572985666928
40952,0.12290501437831115
40953,0.7408464527285288
40954,1.2462156417174781
40955,1.1335289687232029
40956,5.016823201465059
40957,1.3352863545594558
40958,0.35921129012041936
40959,1.345667507114256
40960,0.6353132919842654
40961,0.8924405176673242
40962,0.2467125272797056
40963,0.6909091813327358
40964,0.1141831975092278
40965,0.6495719289455192
40966,0.898754946222888
40967,2.3178549346314052
40968,1.589750935057128
40969,2.6940143685033133
40970,0.7312127493343797
40971,2.3251803570612584
40972,0.24642477929298906
40973,1.103698050182318
40974,2.1585638564680085
40975,0.26280532776069926
40976,0.6722823139921524
40977,1.189959206255494
40978,0.35544749737188724
40979,0.3732604472541417
40980,2.472317592649851
40981,3.375368202817584
40982,1.7328781556441688
40983,0.19471649352681203
40984,0.5391476575826458
40985,0.37834787882451587
40986,1.8454865258529038
40987,1.2402853625540586
40988,0.27864257689772315
40989,0.5210884413054606
40990,0.27237701225526945
40991,0.3867201144659645
40992,0.11341474028369686
40993,1.2111890770120874
40994,6.948864078796531
40995,0.32217037702384604
40996,0.34784296661854275
40997,0.15107693126627958
40998,1.9948546953367616
40999,1.4348882046980536
41000,2.373179959388166
41001,0.3820749577952375
41002,1.176533073420938
41003,0.49828787145304987
41004,1.1861613575876666
41005,0.4523017103306136
41006,0.9772986248890075
41007,0.8933871461407613
41008,1.2992916756956874
41009,0.47346332402066293
41010,0.8122270640126866
41011,3.1194892419236675
41012,0.4640731524229758
41013,0.08144099836454681
41014,0.7867852374352824
41015,0.15931913598469388
41016,1.5382632476581313
41017,1.8057325870628513
41018,1.5743943820269852
41019,0.2377632126419938
41020,0.7495293947706902
41021,1.4726683953908535
41022,0.3960351155983989
41023,1.8419355984968326
41024,0.13356986366092635
41025,1.355784243246942
41026,0.7184948806822303
41027,2.6891298627800038
41028,0.38056842579583444
41029,0.06129001820658426
41030,8.651035240367452
41031,0.03233155571960518
41032,2.260136264494127
41033,1.0380829348115208
41034,8.659605023542197
41035,0.34484636558497067
41036,1.731096581022899
41037,1.200112292575572
41038,0.7712860173079072
41039,2.2034107466035495
41040,15.048050105550441
41041,1.4042324507324162
41042,0.1783336708450414
41043,0.697454281830901
41044,0.7842247766851125
41045,0.2672525562936794
41046,0.737124165083506
41047,0.11502292357430212
41048,4.226333196901302
41049,0.6195070181620609
41050,0.3879077956220189
41051,0.6914459356334585
41052,0.27504960550797114
41053,1.352411099610729
41054,0.8218664544382925
41055,1.7590809208483371
41056,0.40698775882633664
41057,3.7327561242073015
41058,2.323878934699404
41059,1.7320728622694175
41060,0.6090836993112354
41061,0.4293427214774883
41062,0.3295609845934133
41063,1.6415940722449558
41064,0.07369342478999394
41065,3.3951154440228097
41066,0.37907120320077214
41067,1.1932133146781883
41068,0.3777654802043649
41069,0.7550544180806027
41070,0.8178393103087062
41071,0.5033052463510037
41072,0.16615321405574962
41073,2.254600855514738
41074,3.1001319621449506
41075,2.7552034624895017
41076,1.495954814474036
41077,4.3112161880187205
41078,0.4835205128856375
41079,5.046659699160188
41080,0.40727153562878715
41081,0.37945424134010375
41082,0.23025067827178672
41083,2.2555879391734655
41084,3.701988631924008
41085,0.14777302498651224
41086,0.23074265573212369
41087,1.0097749573458508
41088,3.255633510861041
41089,0.2714901809787469
41090,0.43454834691484023
41091,0.25670486774933965
41092,0.8133930416471324
41093,0.2448452173158408
41094,2.0314995248329075
41095,0.25797177947489147
41096,4.771396702015659
41097,1.482457219421567
41098,0.1943019212063638
41099,0.8982050108814366
41100,1.195037613038243
41101,5.422553356147653
41102,0.3255447583165329
41103,0.1802627803276815
41104,0.36120166297314
41105,0.14030141551140146
41106,0.28907136859598637
41107,0.942662757243181
41108,3.053462118798382
41109,2.0168756021176972
41110,0.4093300582247432
41111,2.3352267824727955
41112,0.40146611778647107
41113,0.3474207013455491
41114,0.5370853095169796
41115,2.599473749849968
41116,2.4837030267607707
41117,0.9647756547395798
41118,6.084982945404438
41119,6.94248690037327
41120,0.289714579600636
41121,0.4353091275760286
41122,1.345356785720868
41123,0.280040741821881
41124,0.1718511469616736
41125,1.7567024801186455
41126,2.694684073153627
41127,0.44631853394793397
41128,0.44235675742328817
41129,0.47051408278421575
41130,4.590971542033742
41131,0.676686279232835
41132,0.9966341280647646
41133,0.44015062937769844
41134,2.874199317523233
41135,0.8410392295846091
41136,0.28504277254630606
41137,0.5140529887448274
41138,0.2542126353004228
41139,1.9353540219465943
41140,0.12894627550667076
41141,1.4001011511442232
41142,2.0570816417096833
41143,1.003166939228594
41144,0.4443568330167036
41145,0.5311931583820669
41146,2.3539838881953417
41147,0.6296717748793594
41148,0.9566845248934773
41149,1.0079479442053503
41150,7.944744139520292
41151,0.8563770589838449
41152,0.727673632959111
41153,0.1334361883187256
41154,0.45220142132180197
41155,0.14945900415674782
41156,2.0162913323091565
41157,0.10345491068677135
41158,0.1671089859338037
41159,0.3508341604101863
41160,0.32992070671614204
41161,1.3910694680410003
41162,0.14311419513721718
41163,0.5686829509230718
41164,0.10346458667066459
41165,1.7281525076378856
41166,1.4277271068673851
41167,0.8262086112928753
41168,0.9841257580374568
41169,0.808849299146268
41170,0.560479778913642
41171,0.9318221175055343
41172,0.14586781152017528
41173,3.200080086280923
41174,0.2632059879868135
41175,0.2498480722917727
41176,0.1666812803065077
41177,0.0843335110455717
41178,0.632411818875173
41179,1.8308192840125073
41180,3.176836602641271
41181,0.36590196584109247
41182,0.9891812609653438
41183,0.12584840844580156
41184,0.5971713499371539
41185,3.868000934544085
41186,0.33279681046745424
41187,2.115352076305729
41188,2.391389746525397
41189,2.0886965699926905
41190,1.0653373929053842
41191,5.458237589000436
41192,0.6636208893659127
41193,2.0849718320929913
41194,0.576474529393773
41195,0.7465200516143002
41196,0.40101403803552693
41197,8.172983279851076
41198,0.6585427096155093
41199,0.9064780501317241
41200,1.5340259951220234
41201,0.38933481507907247
41202,16.1287927129434
41203,1.0973421845288742
41204,0.21786169013921908
41205,1.9996540009058088
41206,0.3343480723644486
41207,0.22448256798731167
41208,2.787379909126236
41209,1.7795996762787043
41210,1.0642778435046876
41211,2.6046097811590623
41212,1.547890192650298
41213,1.9894857785501705
41214,0.9567170883146746
41215,5.02881341318639
41216,0.378419440878335
41217,0.7587345780935703
41218,0.21125641917400986
41219,0.4713902715384743
41220,0.43815871192049993
41221,0.8976437436272324
41222,6.713906886201334
41223,0.2624095863944519
41224,0.13107233191593953
41225,0.7383330904633646
41226,1.2572802984814204
41227,0.21420469059046449
41228,0.26033121043441654
41229,0.058388963343278644
41230,0.15291208505786724
41231,1.9923619139685411
41232,0.7269945951527499
41233,1.0862665359082906
41234,0.46347902489922815
41235,0.2747425338831422
41236,0.38191161191160555
41237,1.5009662047507857
41238,0.718775360550586
41239,2.0067960503503204
41240,0.4474385046254662
41241,0.13530020448929342
41242,0.969575369755106
41243,0.5057633171052395
41244,0.24652604657927285
41245,0.9020458991099023
41246,1.0169475414598041
41247,0.09338318421897476
41248,2.032784475844876
41249,0.4809419148814328
41250,0.11171325678285032
41251,0.0804217660733507
41252,1.1237222476489876
41253,0.3539858090088883
41254,0.23310152825390462
41255,0.26440321878617595
41256,1.2490719493331288
41257,1.1840586559950765
41258,1.5912654039278618
41259,0.0822183414517823
41260,0.37400547819799645
41261,0.27066602440593374
41262,1.7235516483378945
41263,5.512008280914224
41264,0.42606942824118166
41265,0.8519174723032579
41266,3.5027865466674113
41267,1.7856176209198056
41268,1.0488447679676631
41269,0.08072215270726088
41270,2.032790811484058
41271,1.6040707982830953
41272,0.4266329579375247
41273,0.6122937136798807
41274,1.9909357544710462
41275,0.13974633012078713
41276,0.9734569214240666
41277,1.0510290520027041
41278,1.1381182315871714
41279,1.6399435770786308
41280,0.11470462847255676
41281,3.372621445718814
41282,0.5675667175023376
41283,1.8460423324640862
41284,0.9660688149211396
41285,0.6724942801070443
41286,4.56290851297186
41287,1.0539102937479383
41288,0.1922728798795708
41289,2.3211911570079367
41290,1.7371947260455682
41291,0.405513576433813
41292,1.0058691291059125
41293,0.6023288376491355
41294,0.4390246165220707
41295,0.19911713038209844
41296,0.6536567294480222
41297,0.6340891253350485
41298,0.4750967382481689
41299,0.6762598089574691
41300,1.4640807301627894
41301,1.2741766409899815
41302,5.788334813121204
41303,0.11839020675465603
41304,1.6460403514138462
41305,20.76585686489944
41306,1.3779686882224342
41307,1.6961835374064032
41308,0.7214919222648453
41309,0.09158560501757196
41310,0.2958293920553474
41311,2.774077430039509
41312,0.12344552153180026
41313,1.250623508464641
41314,0.3440865236606625
41315,0.7010864649050746
41316,0.7505142687387829
41317,1.3221125738896125
41318,0.06105771233263285
41319,4.1546621993313035
41320,0.6522161031519298
41321,0.7954497264557147
41322,0.3521725865637196
41323,1.39106314288037
41324,2.020848822388063
41325,1.5827316856468934
41326,0.1488206301631131
41327,0.0577474910277998
41328,0.696500003389727
41329,0.2561279731444055
41330,0.16225401073755874
41331,0.5894302541843239
41332,1.1727171598342228
41333,0.47058837463937364
41334,0.29563437636654033
41335,0.20070600706784808
41336,0.20787979713599597
41337,0.7303260520177323
41338,1.0586103927590933
41339,0.28525539826435176
41340,1.291773815240664
41341,0.49290233010599205
41342,1.289921871883594
41343,7.451127590275331
41344,0.09673176139401281
41345,3.237706167324065
41346,1.1064386766501633
41347,0.2322966457145187
41348,2.5593727310078083
41349,0.7454426635524294
41350,0.7886679445856956
41351,0.5439558156131803
41352,2.1750318330273375
41353,0.44389223255969096
41354,0.5886891675285966
41355,0.46066035228521546
41356,0.5948627120911169
41357,0.19038622661450272
41358,0.09753944826703982
41359,0.13984235527249006
41360,0.08335546522693361
41361,8.381945966924848
41362,0.40584507827223915
41363,4.909997013664281
41364,16.968858338126992
41365,0.10916848973896354
41366,0.0948959519502942
41367,1.358204077338631
41368,3.440860853359299
41369,2.698451228516438
41370,1.7086553393321964
41371,2.1915980472802543
41372,0.6207617755015759
41373,1.787830095920019
41374,0.43044899870364534
41375,0.2701523300924981
41376,3.8464032284476293
41377,0.4784419429156288
41378,1.4646721351709482
41379,0.840435837790863
41380,0.34152004803552805
41381,0.792761338280748
41382,1.2009537527474325
41383,0.28675141878830657
41384,0.5538843341303159
41385,1.1291586906763638
41386,0.302629224934338
41387,2.308117314876119
41388,0.18073088270487375
41389,1.8886509147105843
41390,0.06404361668112978
41391,0.7254730611040752
41392,2.6985887646699562
41393,0.5059094725608544
41394,0.19815314186831473
41395,1.156923487603777
41396,0.5210327164148987
41397,0.29016761310693834
41398,3.297937819965694
41399,0.7773210591274563
41400,0.33596584072222097
41401,1.4556898790895962
41402,1.018928948196039
41403,0.9044216714844014
41404,0.6055307395487798
41405,3.085046095714744
41406,0.6404413151630102
41407,1.1253733697084902
41408,0.5218983651553691
41409,0.42744504936545424
41410,0.197467240901542
41411,0.41915806436109293
41412,1.4723297298152485
41413,0.7067601442715761
41414,2.806363852046517
41415,0.1597784796166832
41416,1.250439130911061
41417,1.23279125849875
41418,0.25255760829234924
41419,1.3948170247272826
41420,2.2924204443348004
41421,10.545130168102926
41422,4.522034490209756
41423,1.0707160441785435
41424,1.6300859218765258
41425,0.11890536110980196
41426,1.3461686844691028
41427,0.9045464735365321
41428,41.62663988893123
41429,4.017262605633779
41430,0.5464205219998888
41431,0.9447931891969057
41432,0.7901670162558859
41433,0.2411712598761349
41434,2.2323209953431267
41435,2.547452783299614
41436,0.50844285716854
41437,1.1484026922811599
41438,0.24486252452161214
41439,0.2673480803955645
41440,3.0997067311017252
41441,0.19669920669246188
41442,0.5310594172988466
41443,0.6550832255200226
41444,0.2761959884141963
41445,0.40079384538284196
41446,0.17084209068269468
41447,5.094745089181648
41448,0.8573351905173362
41449,0.21694775334464117
41450,1.14731225120298
41451,0.5101851283552277
41452,0.31384105534057577
41453,0.08102970005208827
41454,1.0819670750833483
41455,6.968777790145504
41456,0.7361593422499985
41457,1.515285521134189
41458,0.4886693382439579
41459,0.787728522976434
41460,0.3733219463429621
41461,0.04629483492546944
41462,0.5051492712964802
41463,0.09941388863875597
41464,0.31315067826371557
41465,0.5777596331769701
41466,0.41785443123120336
41467,0.4130694549925594
41468,0.8634113622285492
41469,0.9159835329949951
41470,0.9423766254678612
41471,0.607765802692069
41472,0.2205412384862971
41473,0.44160926977258086
41474,1.0774503792785317
41475,0.5033760035247505
41476,0.47788455752886455
41477,0.9840325851598444
41478,1.92297658432815
41479,3.964539336031367
41480,0.31862626720570647
41481,1.1158803238199408
41482,0.9082512003797799
41483,1.5066840630523628
41484,0.5914976577563442
41485,0.9458824420667954
41486,0.31302277193748734
41487,0.8975551298490787
41488,0.11612616303137041
41489,1.3026775740237349
41490,0.46074392161399275
41491,1.547245700078789
41492,1.3963686474360146
41493,0.5373103006945428
41494,0.7699479117404847
41495,0.850614211337384
41496,0.3324023464128974
41497,0.24437486806871145
41498,2.1834811887630416
41499,1.1320406528856515
41500,0.34125844919562315
41501,5.516898404223226
41502,1.0876199041070571
41503,0.2424140097370783
41504,0.6446154360723915
41505,0.5341381672619522
41506,0.4998893119485581
41507,0.07904330746870808
41508,0.5430131784464342
41509,1.0633217311399907
41510,0.5928258530925886
41511,0.37997590800507924
41512,1.861927024863334
41513,0.5486265154982684
41514,4.668302720422143
41515,1.4143359017991322
41516,0.41767170892212224
41517,1.0019267391648374
41518,0.8810482484975061
41519,7.150928458363971
41520,0.09188267720763646
41521,0.4970353555493647
41522,2.5072449864216604
41523,0.39114745113131577
41524,2.1338423641440123
41525,0.22985508598610582
41526,0.4674483041875512
41527,0.9787155126831278
41528,1.049690836566996
41529,0.40196887853351576
41530,5.399943601701674
41531,0.4322270427477321
41532,0.36065642305179685
41533,1.27758337985227
41534,0.7718286268017966
41535,0.523213176556039
41536,1.5721483555472426
41537,1.193772200982938
41538,1.0127093835139465
41539,15.249153588369134
41540,1.3367588709046698
41541,0.18218065216256255
41542,0.7201785819552659
41543,1.4548586759465136
41544,0.34992893889555604
41545,0.7939710645813093
41546,0.24672177411586313
41547,0.5346225904114725
41548,1.4125445443231706
41549,2.0374799095008944
41550,0.34024868008881115
41551,0.5526561218910631
41552,0.26709625418111665
41553,1.986184187497422
41554,1.0629253006794064
41555,1.745911864013265
41556,0.6963829956832052
41557,0.1487714562347465
41558,1.9218084900390824
41559,2.624498904572723
41560,0.9664899546324025
41561,1.471218684606563
41562,0.2608143233943752
41563,0.23877802578074417
41564,0.21065511091898634
41565,0.3277730894857109
41566,0.010248337255226867
41567,1.5845188366205833
41568,0.08505637096953328
41569,1.2626347781791099
41570,2.1737863489084006
41571,0.12202599556519214
41572,0.652862273955085
41573,0.8167120070855571
41574,2.105307599515091
41575,5.037176828059191
41576,2.3016168927946046
41577,0.9815528878933654
41578,2.582967610985209
41579,0.771795721443493
41580,0.8613176845069788
41581,1.0641968129228725
41582,0.8890749844320778
41583,0.3465586017482712
41584,1.1640265684442754
41585,6.473489265748911
41586,0.19991918464864938
41587,0.5807070143924401
41588,0.1842763510083113
41589,0.04764462294530141
41590,1.3134413911204654
41591,0.34277235172667175
41592,0.2644366552241815
41593,2.7022991640034433
41594,0.724887065284645
41595,0.5439216208264948
41596,0.6034216968352953
41597,1.6576959604288388
41598,0.8500605730977873
41599,1.1076500979745187
41600,1.7666121414699156
41601,2.063020389497556
41602,0.07706902156303592
41603,1.1990262503963056
41604,0.5487339145700396
41605,1.1360999832581273
41606,5.2758145992603795
41607,0.741828493746964
41608,1.3405827793194363
41609,0.8275623411162234
41610,0.5216005492739012
41611,2.4959331907224973
41612,0.5531571632270688
41613,0.43850806887586175
41614,0.36385755439342843
41615,0.7388440953904517
41616,0.42238115091233647
41617,2.105890495332405
41618,0.6650469433642537
41619,1.1492973276032257
41620,0.22892799686443077
41621,0.17094293916682865
41622,1.6248945568278188
41623,1.3155295173014183
41624,0.7291828314067585
41625,0.23818186641029487
41626,1.3886731004827066
41627,0.09277740716224556
41628,0.6758080927098082
41629,0.4372790271898234
41630,2.199388117777034
41631,0.4057887698035562
41632,0.69152947139753
41633,0.1091515965788358
41634,0.48902832539140023
41635,0.8777030971450964
41636,0.10827050693768889
41637,0.10588557178715083
41638,1.274529172568354
41639,0.20709739834223131
41640,0.5108890207495727
41641,0.6078024210453333
41642,0.1205121929854691
41643,2.682064787113643
41644,1.6978902196485217
41645,1.6489761141046912
41646,0.39943755410283266
41647,0.05203845820207637
41648,0.8138447984505048
41649,1.3752611531508365
41650,2.190575949905114
41651,1.5353074537261713
41652,0.08286150754182367
41653,0.17903105428772764
41654,0.49909889146108505
41655,1.0833486382815867
41656,1.1892766984468066
41657,0.9529567563031283
41658,0.40894958569294293
41659,2.8313662082509827
41660,0.8600772035475702
41661,2.431209738022477
41662,2.033686475763485
41663,1.322789249797328
41664,0.2986637680473474
41665,0.22796819447149166
41666,1.034349388660287
41667,0.25455406387958
41668,0.7541368094779513
41669,0.8182713384180553
41670,2.0409066877972726
41671,0.8763996151980201
41672,1.4487409058825444
41673,0.20509304548637608
41674,6.044419036611259
41675,0.5083997989013057
41676,2.9406856430670443
41677,0.4927889894455239
41678,2.978673498799052
41679,0.14200116212048328
41680,2.285476170141263
41681,0.5602755496039254
41682,1.193982927266728
41683,0.23448559174883013
41684,0.2679070105428373
41685,0.18322137750987183
41686,0.1963354836532971
41687,1.6987088175850273
41688,0.2742797681585983
41689,2.7776906589585018
41690,1.4707884066063073
41691,0.348394518121129
41692,2.188654192276108
41693,1.1183902840232651
41694,7.492125028389152
41695,0.6463771543893018
41696,0.4053820554596495
41697,0.06562147073793832
41698,5.61955906465841
41699,3.193624499223494
41700,2.1558596478032297
41701,1.0074449858031063
41702,0.9502749053396315
41703,0.2038221831585949
41704,0.09134338721809397
41705,0.8275833654159103
41706,1.7387017034228942
41707,1.3146999943421347
41708,0.9645610844161913
41709,0.4194286300458922
41710,0.06601629106403417
41711,0.5686673231343414
41712,2.9211029105518675
41713,1.1598794632300082
41714,0.5023949777235833
41715,2.4067654056789887
41716,0.23372742458850315
41717,1.1358184033331948
41718,0.043024070301005635
41719,4.418768724700657
41720,1.1264789638486756
41721,5.000600156903644
41722,0.7708076912251208
41723,1.1212348586634777
41724,0.26841129336768926
41725,1.3050708461330456
41726,0.2790332740049791
41727,1.6443275195227673
41728,1.3192359080265594
41729,3.3643496162878095
41730,1.470412226682348
41731,0.14671482954390178
41732,0.09767549144757323
41733,1.0608327068665426
41734,0.35575318064314077
41735,5.112144913587181
41736,2.3316744925298343
41737,0.26419574580288124
41738,0.7510596026681821
41739,1.847394150272249
41740,0.6531155642828248
41741,0.9890567641212503
41742,1.5732753476167374
41743,0.9019656175832027
41744,1.130968517306029
41745,0.45280078364150467
41746,0.7121690833071715
41747,3.971063942158357
41748,109.0185964016458
41749,0.5060465879920817
41750,2.2008472050394463
41751,1.5143852553098307
41752,0.47647155350165515
41753,1.1475200287123766
41754,0.3579177689526697
41755,1.0921635853533684
41756,0.7402551320513991
41757,0.48319281938317504
41758,1.2702305173610242
41759,2.0004636674119487
41760,0.31254649346615154
41761,1.1793272035240299
41762,1.4611960406390196
41763,1.4730468817194873
41764,0.01215814224727911
41765,0.12137578192333243
41766,1.8967491716446916
41767,1.7857160159329912
41768,2.10847383866043
41769,1.0640398480950284
41770,0.702411728351811
41771,0.41309255268910305
41772,3.481701692348918
41773,0.6561263650871529
41774,0.5105367614077333
41775,0.32981437258408136
41776,0.3127266353899695
41777,0.5661497992169789
41778,0.22745043750077232
41779,0.6505196841819917
41780,2.2559657166666254
41781,1.3843196572868381
41782,1.123906976548703
41783,0.6332065595142314
41784,0.46628515793768394
41785,0.13902664579537924
41786,0.32480676417455345
41787,0.2617411452376833
41788,0.374446191483239
41789,0.03168711116827536
41790,6.273081601153905
41791,0.5543344140952777
41792,0.36479134605367314
41793,0.3635398436267929
41794,0.1476631332732831
41795,0.13872058020212974
41796,0.23491925556756516
41797,0.9216888998071395
41798,1.1184844546814048
41799,0.4903948943325414
41800,0.47178353776766707
41801,0.09443819670576889
41802,0.9631568081590078
41803,0.807864755164655
41804,0.45105140210253597
41805,0.4336433540177345
41806,1.0711505258797065
41807,0.8869634409734658
41808,1.212775139204253
41809,0.5122076709614451
41810,0.8373344422148195
41811,1.980244374187832
41812,1.164537072963868
41813,3.1337976587953595
41814,2.3932472069106905
41815,0.7763185597420198
41816,1.0038685268305922
41817,0.7213741568873805
41818,1.6956910719328964
41819,0.8282237911521994
41820,0.5844038205249678
41821,0.5278956782971742
41822,0.7936397679886029
41823,1.3967113632077486
41824,0.3243615451249482
41825,0.45991932281454323
41826,1.0728540789657683
41827,7.601203645887832
41828,0.5007379815983356
41829,0.8529153935706886
41830,0.09251263976949003
41831,0.7368183784196248
41832,0.4051465721364481
41833,1.0620604516882284
41834,1.477734900390741
41835,0.41356620228753876
41836,3.67173273010715
41837,1.2987628429733202
41838,0.9652444575213065
41839,1.3061306491568985
41840,0.7352518025654371
41841,1.257940621623714
41842,0.7495857533501369
41843,0.1650747981037056
41844,1.5689064942371038
41845,2.003372319393125
41846,1.6301130718363648
41847,0.036130118435647944
41848,2.578879955113857
41849,2.9334135702823407
41850,0.8429048020858322
41851,2.0222522520831725
41852,0.5349308484308969
41853,2.806105896991874
41854,0.1887729409404197
41855,1.2083020505067692
41856,2.2194605450190283
41857,0.2241498227855503
41858,0.13438251371939233
41859,0.18949103791261512
41860,0.5332654077859402
41861,2.3727492213608645
41862,1.2857695309843074
41863,0.29667196344910846
41864,0.48038973257269973
41865,0.15378536275553134
41866,1.771497934660261
41867,0.39153142627749987
41868,0.40035130514457096
41869,2.553565433144666
41870,0.9621072682640319
41871,0.25958443230698613
41872,0.10662945477547381
41873,0.9285370526528727
41874,0.9142590218023924
41875,1.4526478447903115
41876,1.480360991929607
41877,1.6629697061052031
41878,0.07894256878293049
41879,0.11538983737605256
41880,0.20884660692023568
41881,1.2387798423624952
41882,2.3651630625218143
41883,0.33966283840996103
41884,0.08763029910070257
41885,2.536564460173479
41886,2.0562008590170073
41887,1.334180777855986
41888,0.26095143481416017
41889,0.6343540294488307
41890,3.904095719614919
41891,2.4990084436614186
41892,1.1340262165518469
41893,1.3702046724915968
41894,1.1793251693151359
41895,0.5997542309520019
41896,0.6544869248559105
41897,6.3717924498211
41898,1.316701162306142
41899,1.2315538026291488
41900,1.237708591114918
41901,1.6774599534354921
41902,0.44622547746722374
41903,2.998698793348984
41904,3.5640460425598355
41905,0.21927647668039124
41906,1.9934295447089443
41907,1.273884285908412
41908,0.7804573878827616
41909,0.13328798551908919
41910,1.2104817395313543
41911,0.04368016095891628
41912,0.5528312649700148
41913,2.4540617307008836
41914,1.925460618691671
41915,0.6568815810797513
41916,0.6741841435508377
41917,0.5059301407559216
41918,2.8418248245536666
41919,0.279468699568673
41920,0.23805502088324643
41921,0.4771884594961444
41922,0.5683661528521948
41923,0.6666429163105764
41924,3.843191081317607
41925,0.673915275179807
41926,1.0225421550206908
41927,0.5300138105947549
41928,1.1646640491234759
41929,1.5589656577037319
41930,0.6507412083934441
41931,1.338749492421166
41932,0.39002097993602647
41933,1.915041495068925
41934,2.091070476623656
41935,0.294065648602033
41936,0.8359138873326433
41937,0.24274306880145186
41938,0.40917855825245647
41939,0.8147962086334878
41940,0.9543322477153132
41941,0.6960462108601355
41942,0.15097767502304704
41943,1.9234753943257161
41944,0.2834956016725761
41945,1.0405831345214098
41946,3.6010240810007783
41947,3.0381214515833843
41948,4.404552797475885
41949,0.49826587536046407
41950,1.1965824304578585
41951,2.090930296783638
41952,1.2949373525254444
41953,0.16207875003888514
41954,1.9966391131076404
41955,1.79694194914857
41956,1.9423518841348246
41957,0.2174396217827819
41958,0.25464254260328834
41959,5.070653388854199
41960,0.13319871320628512
41961,0.433591472590577
41962,2.2265607505302554
41963,1.067647763509925
41964,1.7540551819137291
41965,2.03210682326285
41966,2.08187161573881
41967,1.7303655311573458
41968,0.2799123837848884
41969,0.2232745696391749
41970,0.17780116602103618
41971,0.9721427407072641
41972,2.181354732895609
41973,0.19388457536891934
41974,0.6934661904261121
41975,1.876997674642419
41976,1.0365356449886074
41977,1.1016534530414082
41978,1.9589935661891
41979,0.6866536823736696
41980,0.14618208155317639
41981,0.21235008090492186
41982,2.796164181768011
41983,0.35526965707825575
41984,1.2543640071925535
41985,1.1170912651740086
41986,0.7089659019733795
41987,6.514139542067959
41988,0.26353520598590574
41989,0.6486637442245627
41990,1.7321586955704726
41991,1.3702905195242545
41992,0.7679273479167877
41993,0.7241936601165794
41994,1.0948645399239165
41995,0.5582712761212232
41996,0.26202832630426454
41997,2.3661202836250195
41998,1.1293646771117163
41999,5.208390319468956
42000,0.05992220829710214
42001,0.15498573282626793
42002,1.2017445879475361
42003,0.10843270347160033
42004,0.9099036170788923
42005,0.13982015025603098
42006,3.2129776966128722
42007,3.989109405349418
42008,0.4463877376440889
42009,2.9442352585582547
42010,0.43438606194588714
42011,0.28280773983325114
42012,0.46302503263824474
42013,0.7570439359608883
42014,1.1023531273685954
42015,0.40792363714609897
42016,0.7164835596946737
42017,0.520418598098246
42018,0.5806287158762151
42019,3.4876434095867563
42020,0.5706959176594512
42021,3.566269758733547
42022,0.6994743388208845
42023,0.15470852529153836
42024,0.8096599750628519
42025,2.2130171166514825
42026,2.722873626180584
42027,0.4474489443696797
42028,1.4080394046879707
42029,2.3395914886517497
42030,0.13832256736431456
42031,1.460551395845852
42032,0.3804563461673842
42033,1.6850394417099197
42034,0.0984453185844478
42035,2.8439316801916594
42036,2.9473957526676537
42037,0.38902821238030433
42038,0.12571578317267504
42039,0.9339207117915208
42040,0.8668972859280534
42041,1.7523461972187504
42042,0.32115770541717015
42043,0.18575945594506713
42044,0.05084362642011132
42045,0.4615728645590506
42046,1.5400321453543748
42047,2.305278889538971
42048,0.8012703646062519
42049,0.23409421268253613
42050,0.1326065758170106
42051,0.36222729696533984
42052,0.6952657452159915
42053,0.05165902497607993
42054,0.658194115718539
42055,1.859281531164241
42056,0.4479743458236254
42057,0.979484623004276
42058,0.9501464308584302
42059,1.6668249433266855
42060,0.9894634504873997
42061,3.7616061699410133
42062,0.5194482237098751
42063,5.107083348238708
42064,9.009974765749552
42065,1.333081651778241
42066,0.17716658405129182
42067,1.3445796890357558
42068,2.478253456124093
42069,1.24683896757116
42070,0.8346336276337252
42071,2.427663514299757
42072,0.9479137270659385
42073,0.62535259558296
42074,0.231683697341841
42075,2.463473232508437
42076,0.6516346458057128
42077,3.399895725586816
42078,97.67993477655985
42079,1.4816858245953382
42080,0.4800819920793387
42081,1.2271910182432144
42082,4.320997105848278
42083,0.8889258292424574
42084,0.2817368382480147
42085,2.7685426666023236
42086,4.653835448078824
42087,0.20586665513658775
42088,0.7068309041940788
42089,0.5387835500605063
42090,2.3036191553682728
42091,0.23032901086957583
42092,0.24969126553064802
42093,4.903575186096715
42094,0.5034432397303726
42095,11.725875834069058
42096,1.721418920138039
42097,0.22950506513040503
42098,0.5006475964905168
42099,2.7360221079751232
42100,1.9927265275569135
42101,0.03357894044097439
42102,0.11961398464257805
42103,0.09616944141806656
42104,6.871847175499395
42105,0.8850052302760357
42106,0.9084905983238711
42107,0.12046634911633072
42108,0.5525384554296281
42109,0.1417735605320261
42110,20.58875327870253
42111,0.28053544948942216
42112,1.6399756805411978
42113,1.8191288375508439
42114,0.794774416542166
42115,0.12126569173302106
42116,1.824532460522972
42117,0.6338144194627712
42118,3.1286262336567896
42119,1.8730081836891048
42120,0.825701439320907
42121,0.20920573931880077
42122,0.831260404963937
42123,1.0209844373776524
42124,0.3683377897565622
42125,8.748792498564661
42126,0.5924803611313717
42127,0.12241004346006021
42128,0.05205419509204764
42129,0.47062147819094513
42130,0.511464890767652
42131,0.28460674405832387
42132,0.5057096908944401
42133,0.10621832414572153
42134,2.106605312568461
42135,0.8981292275800273
42136,2.4667297731057802
42137,0.030260025520174164
42138,0.3958277038541973
42139,0.7246123185059163
42140,0.7901352576365183
42141,0.1820912823631888
42142,0.06614209172750138
42143,1.0396309078058237
42144,6.488464875868719
42145,1.6692467954991645
42146,0.15036102129770523
42147,1.1580685491774532
42148,0.0649354569464688
42149,2.0160771815116076
42150,1.0786575458524146
42151,3.0509577205719984
42152,2.515406978865411
42153,0.41184754900354853
42154,0.8089016492779324
42155,0.26360431369582743
42156,0.5333638158576555
42157,1.689009019594232
42158,0.264616886292641
42159,1.179413630237772
42160,0.929886717486021
42161,0.07412322244055372
42162,1.3968055461877757
42163,2.256785543293549
42164,1.0811730781448232
42165,0.2084105972781056
42166,3.0460492232122283
42167,15.758642677422754
42168,0.16966754450012977
42169,1.2171439373626844
42170,2.647759379177324
42171,0.5064188931630145
42172,0.3417620979432218
42173,1.3735960551336592
42174,0.8056347300157171
42175,0.28815333472292964
42176,0.2695462497882985
42177,0.2560282168044033
42178,0.08387793386282412
42179,0.8476738970419151
42180,0.7676611416864138
42181,0.9562920368658239
42182,0.31909498788442986
42183,3.7441203539859833
42184,0.8816001268583281
42185,0.3355998331392569
42186,1.877358531162351
42187,3.408743893299893
42188,0.5016842211729498
42189,1.1638664476856297
42190,0.03485886123871246
42191,4.05039905327445
42192,2.2709351519037857
42193,1.0063247279070258
42194,0.07557913579084018
42195,0.4814172130381363
42196,0.6974240850738287
42197,0.3646998594247487
42198,0.8735854578228339
42199,0.6606508706249706
42200,1.358436803789345
42201,3.199621812324681
42202,1.5858506498174618
42203,4.575646160093199
42204,0.6595619466029135
42205,2.0850957348250976
42206,0.08578313076257789
42207,3.4007823620510313
42208,0.09178568582045338
42209,1.7179699285141616
42210,1.200990155626331
42211,0.8190604829750807
42212,0.31101581648323395
42213,0.20406367854095903
42214,0.7302569152318888
42215,0.7902789909998772
42216,1.6655773784638288
42217,0.24130195873139978
42218,0.7027391953700598
42219,1.049837657077739
42220,1.829324165394134
42221,2.087481649304922
42222,0.16088225133671605
42223,0.15561279809557882
42224,1.3320533191223207
42225,1.8719880599246785
42226,2.8848303981447043
42227,0.623792548934364
42228,1.939244405005318
42229,0.7174219464747114
42230,0.22248185247050992
42231,0.5845869727393199
42232,0.8343327905411179
42233,1.0288068650109
42234,2.6830625903725482
42235,1.2004774072109035
42236,0.1698118103791605
42237,0.8565276430367109
42238,0.5815891309931912
42239,3.9679683028622232
42240,6.228496132187497
42241,0.47067962579811673
42242,0.5604285334404027
42243,0.7722645103886181
42244,1.5358488051394201
42245,0.3114991546177831
42246,0.3211716551234065
42247,3.15765417339894
42248,0.9743316543327926
42249,0.27041883990545235
42250,0.775373021681584
42251,1.3982213043282452
42252,1.2604194484540185
42253,0.7867796009877505
42254,0.2624197746421585
42255,0.034206404397073585
42256,1.1104189689631048
42257,0.49545317645818054
42258,0.17055217471992337
42259,4.3033499164487266
42260,0.7372364133089625
42261,0.756239975604975
42262,2.3407603444468714
42263,6.595259258778231
42264,0.3608777182429253
42265,0.11091937773195279
42266,1.4766423191941216
42267,2.4876773352260066
42268,5.1916763067991
42269,0.5064648028148901
42270,1.6954786042074221
42271,5.07176615689904
42272,2.782885504113662
42273,0.1586307529741799
42274,0.9179499590376565
42275,1.1245240476998717
42276,0.5645732054389621
42277,0.7945443414441005
42278,0.5787668312482235
42279,0.27569434212307264
42280,0.15843118815508445
42281,1.086494155932663
42282,2.3444021374922808
42283,0.3473815373293316
42284,0.3635339031366735
42285,0.2857212827821295
42286,1.5910101338300753
42287,0.40694187589880987
42288,0.11788984929115284
42289,0.8651041763980905
42290,1.0041974475826163
42291,1.24028751197463
42292,0.5276448927381333
42293,0.918818777956403
42294,1.5215688689502496
42295,2.480393291795698
42296,1.6550064883105786
42297,0.6555779459579871
42298,0.15583199956600288
42299,0.21699976601947366
42300,1.097725962658984
42301,3.346214502817883
42302,1.5269220184054255
42303,2.454157342907068
42304,0.5362325294466233
42305,2.454740715818932
42306,0.4300023022593472
42307,2.4975966630265027
42308,0.9698102207310245
42309,0.9263589304842006
42310,2.6483308739405347
42311,3.8217735428419264
42312,0.03478699564575723
42313,0.14792019631682946
42314,0.15743222177953461
42315,1.1980123941035274
42316,0.8367012360653181
42317,0.09119117134071253
42318,0.25345137080107794
42319,2.5901958152402424
42320,0.3715754559653176
42321,0.42887344376022724
42322,0.19472629696256763
42323,0.22885166447152
42324,67.86803442397074
42325,0.06003579704746752
42326,0.6528992806113475
42327,0.8099265085332752
42328,0.38219587426145946
42329,1.2657783249637107
42330,1.5089903698675722
42331,0.8862799364596454
42332,0.18846121717862657
42333,2.629069766125313
42334,0.6589440812685111
42335,1.3831671844196756
42336,1.1853914725151231
42337,1.4515972416669747
42338,1.1124915123156869
42339,0.5019168901607358
42340,0.26225908871358283
42341,2.388735073848518
42342,0.3825814227818996
42343,0.19599357197186962
42344,0.8447716964584324
42345,0.09729694449315227
42346,8.57444490612643
42347,2.980595957932229
42348,0.4077770729040289
42349,2.797853917158351
42350,1.0279509006790226
42351,4.996667743272514
42352,0.6602430623969912
42353,0.22887344072966662
42354,0.07192194260793555
42355,1.0337683538484592
42356,0.6125920833801479
42357,0.2899978898843809
42358,0.24436039022956374
42359,0.42044767595879246
42360,0.0367439221374914
42361,0.8258395618082384
42362,0.12610963131742578
42363,1.788785005591225
42364,0.3289831839286664
42365,0.2571068003343086
42366,0.3897232969675664
42367,2.4454478141800036
42368,0.7959805586850052
42369,5.971332023047159
42370,3.122242847455901
42371,2.658983596092595
42372,0.39711171116715127
42373,2.919001871242911
42374,0.2428890493071849
42375,0.16334527014288283
42376,0.7437505040632454
42377,1.5003107485335363
42378,0.006155923223044254
42379,1.5170701949506176
42380,6.038658690669198
42381,0.5264157015349996
42382,0.4412703975096627
42383,0.9447547183758622
42384,3.581024884085305
42385,0.4860998474558837
42386,0.8492921434082609
42387,0.3839417155215439
42388,0.16295899602413996
42389,1.3754719367036377
42390,0.744081832357381
42391,0.16844228561393806
42392,1.6897873971829591
42393,1.7100613303931491
42394,0.18481489870084286
42395,3.3034315277916555
42396,1.5289725687995288
42397,1.5192625902295784
42398,5.412774174470389
42399,0.19577640149972597
42400,34.66098128408511
42401,34.22607026396721
42402,33.65732104498662
42403,1.3179978408258104
42404,1.5848823678896684
42405,0.753578858873896
42406,0.07902586107565754
42407,0.1322283076536211
42408,2.772325781850614
42409,0.29769396422235894
42410,1.6165161954968443
42411,7.44954190040623
42412,0.8311274470729911
42413,1.3835231169848756
42414,0.22758813683354026
42415,4.5407929151330615
42416,2.983009344815606
42417,0.27190048566865443
42418,0.7575020419084122
42419,0.7814754516295918
42420,0.009035208165800567
42421,0.7724018689836312
42422,1.073460197083114
42423,0.07691086696715188
42424,0.483035269559808
42425,0.08932899958517458
42426,0.22326500869390253
42427,1.6633320084463459
42428,0.05556095357809794
42429,1.870691915865891
42430,0.7996808238223062
42431,0.9741921231712118
42432,0.4917479433935257
42433,0.45125348689307154
42434,0.1423035831668346
42435,1.5910713708705801
42436,0.3490245858013078
42437,0.2016826946676508
42438,0.9459646723521404
42439,0.5879996953539322
42440,1.1541545298589757
42441,0.479996272964124
42442,0.22289873666956508
42443,5.961205889721726
42444,1.2251705886751225
42445,1.8106570008620766
42446,1.5354455687675377
42447,1.7876841314702818
42448,0.6102349390832962
42449,9.7874977142509
42450,1.2864857013124178
42451,11.390738009617504
42452,2.3401668595688783
42453,0.5385618982362044
42454,3.669591220849419
42455,0.5397210981659143
42456,0.3987253640977301
42457,0.8977360656656874
42458,0.12175739343386363
42459,0.21618804498616248
42460,1.4503008868141247
42461,0.8535134891631644
42462,0.5828350976008465
42463,6.069765336978426
42464,1.3095883501914596
42465,0.36809410923045804
42466,0.8679459457937668
42467,2.601097029273668
42468,0.8009287912767209
42469,3.3796333291597516
42470,0.6032343268005811
42471,0.2956574152363373
42472,0.1264440974923067
42473,0.019560526737513063
42474,0.028901786099455172
42475,2.605000081308803
42476,0.11964353506341156
42477,0.25801265828126285
42478,0.09631110082550054
42479,0.4477663558682862
42480,0.15848006283305835
42481,1.888574071952471
42482,0.33339839555602124
42483,0.583750806948098
42484,0.6009139708772828
42485,3.172322069111081
42486,1.4647686244669995
42487,2.1030062753842347
42488,3.748881738565421
42489,0.3564441630363071
42490,0.3245619016956408
42491,0.5282981527593116
42492,0.34147745981607636
42493,3.4659920194886773
42494,0.812797385019143
42495,0.3762624988050995
42496,2.1857834803547274
42497,2.768388051676812
42498,0.7205787731862783
42499,0.7776703481291148
42500,0.7769630593073499
42501,1.0180300810878162
42502,4.667438483066261
42503,5.289093984397583
42504,1.449232692326667
42505,2.856052649715008
42506,0.03750248183837036
42507,0.43849799534979855
42508,1.3246192804226766
42509,0.04976807429372685
42510,0.3250720588303045
42511,1.4748766433450649
42512,0.4793409223754772
42513,0.2783487907643607
42514,0.09360021671744397
42515,0.060867198210797974
42516,0.47595317877162296
42517,0.5058636023599663
42518,0.678547782497254
42519,1.5150540107801693
42520,0.06786168139603033
42521,0.09174027694260685
42522,3.1013091985686243
42523,2.1184700106995122
42524,1.229820503629821
42525,0.5458060941539016
42526,1.807522798525766
42527,2.268574980205287
42528,0.08425576613241947
42529,0.12182133559531674
42530,0.6628924208550434
42531,0.5622152266804974
42532,1.247726901454158
42533,1.1044273721731823
42534,0.7314417521694743
42535,1.229689245481169
42536,0.7501347600083021
42537,1.412942029455995
42538,0.6330767631142118
42539,1.6748221793628442
42540,3.314864975445244
42541,0.4616360940306297
42542,0.5662620781743929
42543,0.41058431917425076
42544,0.034555694931499195
42545,0.1243693180722742
42546,0.29705483186893356
42547,0.5519486248448735
42548,1.550387873743633
42549,0.8141810236715777
42550,0.9117054536900536
42551,1.2879221280625706
42552,0.050744185807579396
42553,0.511048913933482
42554,0.340672535569613
42555,0.40701906639435925
42556,0.40987671891857547
42557,0.6190738435399122
42558,15.688808411114435
42559,0.36904179358062783
42560,0.8948571498733517
42561,0.11605969253754977
42562,5.600848580729041
42563,9.133189176100956
42564,0.34859424363041
42565,0.3720217407433528
42566,0.43121607636086684
42567,1.0982354092342246
42568,1.6746121200480544
42569,0.10603426651037881
42570,0.869266440146916
42571,3.0745895329587842
42572,1.99107994331354
42573,0.16697565131516745
42574,0.9952556993375504
42575,0.6440525597295201
42576,0.5383635852962223
42577,1.841308392733169
42578,0.07594453684172253
42579,0.4540321257760459
42580,0.4349938612674174
42581,0.7084507959518168
42582,1.1820013451662543
42583,1.2383955686413863
42584,0.08485494534853219
42585,0.6996892781444456
42586,0.2746049830690153
42587,0.2109266908171384
42588,4.055800264800792
42589,0.8399864530923
42590,0.37797282818352335
42591,0.5828868430271461
42592,3.1267683214813347
42593,0.37967887147738677
42594,0.2552643064468022
42595,2.8318927289175067
42596,0.6141124228503867
42597,1.4079795164396458
42598,0.4940735509790666
42599,0.5208595653913357
42600,1.7235549943281083
42601,0.18650708102555766
42602,0.19325298736956134
42603,1.0890430416583923
42604,0.884684438851709
42605,0.32882376902766663
42606,1.2671490303791484
42607,1.4410440028571174
42608,0.44029203594734123
42609,0.07605930708435273
42610,0.6733277605627859
42611,0.16002057195414165
42612,0.17077152942379223
42613,0.5392917759985626
42614,1.1450434198558859
42615,10.52694175562116
42616,2.212757353984282
42617,1.3561674209146837
42618,0.2914673787722866
42619,1.1865506253496365
42620,0.16145650351425364
42621,0.7537757524109565
42622,0.2718588059732309
42623,1.4590345449100914
42624,0.2774477482354276
42625,0.7552015327972922
42626,0.22305208075978988
42627,0.37311065695401063
42628,2.1983621102377424
42629,0.35437090821005907
42630,0.396408690611598
42631,0.2812873298089002
42632,0.20335166280207378
42633,0.8666547887530826
42634,38.568746938575735
42635,1.0651917541097407
42636,0.3512355933294283
42637,0.716650230326299
42638,0.9627547703820412
42639,0.7372947587497931
42640,1.2229014717514979
42641,0.12166989636179831
42642,0.054947675743121684
42643,1.4346010185062805
42644,1.0894149052231308
42645,0.3399853486295184
42646,0.09236502146353734
42647,0.917779302823336
42648,0.53438335810868
42649,1.3757776729473896
42650,1.91744897859988
42651,2.637845880063995
42652,3.2395364687561012
42653,4.3554451785536905
42654,2.338927303181681
42655,1.5734602531361765
42656,2.7780741281254704
42657,0.7174428436354707
42658,1.4223463415368918
42659,1.3670615235347983
42660,2.606527337652733
42661,0.41020317489960983
42662,0.8143090378946658
42663,1.0063880252649098
42664,1.1650389095722353
42665,2.214308335290011
42666,1.2861091086307719
42667,0.652959582278768
42668,0.29833094916127745
42669,0.47966691027715447
42670,0.8353874380770497
42671,2.6279145622598565
42672,0.1882766859393798
42673,0.2536041554881384
42674,0.5677731747836638
42675,0.40663882253671335
42676,0.8441685175212218
42677,0.8470215020123448
42678,0.9096355077632748
42679,2.694863657793494
42680,0.22815431139613213
42681,2.494356277909454
42682,1.832443555043839
42683,0.2272290906955334
42684,0.29006745877634527
42685,0.7523984755640654
42686,2.259322392059997
42687,1.9162115693474562
42688,1.9203330231608495
42689,0.4025990176117203
42690,4.492321355828626
42691,0.7881503001071506
42692,2.0313517328316855
42693,4.386480039683851
42694,0.1312934730823576
42695,0.22052027966410687
42696,0.7963662883523207
42697,0.654070252142741
42698,1.5620666845486482
42699,0.38143767913199284
42700,1.4547064209974205
42701,0.6023931055999083
42702,1.0528227742934988
42703,1.1122056548977872
42704,0.28090197775526665
42705,0.2497357907537353
42706,1.632179932723814
42707,0.9957617897905133
42708,0.3153933475323608
42709,1.4725884705182641
42710,0.7853118781807161
42711,0.330423850507129
42712,1.8134612782826163
42713,0.52877096751464
42714,12.6306539087639
42715,0.209854561566693
42716,3.410021871869561
42717,0.7819614257356935
42718,1.327955692436485
42719,0.46729725736090877
42720,1.1645648202351264
42721,0.5033406420735499
42722,1.7638410887946838
42723,0.36291921713971875
42724,2.147413364439497
42725,0.2521974973143991
42726,0.13051476045198046
42727,0.5586077442207457
42728,1.4206053136902308
42729,0.9880087406014
42730,0.7721042422716043
42731,1.0358362509437815
42732,4.419370516747293
42733,0.8434942970639339
42734,0.6537015654740034
42735,0.6274651656803477
42736,11.165966910052678
42737,1.1162072170320116
42738,1.4926534080118068
42739,0.5278864528061956
42740,2.1290009288498797
42741,1.6534427958520295
42742,0.43124123216293647
42743,0.1274744311675889
42744,0.21391339211130111
42745,0.6117126592850004
42746,3.339065345482161
42747,1.6921902730109224
42748,0.7881048869083301
42749,0.49921733522059714
42750,0.5393849227609347
42751,3.8323242890888127
42752,2.490762966187157
42753,0.2830111483081082
42754,0.6202833659547825
42755,2.360750519588003
42756,0.08196248597385154
42757,0.1792518682424506
42758,0.9980108182110313
42759,0.8553089136633242
42760,0.5395098373493026
42761,1.5206917691211932
42762,0.39813942841097155
42763,1.728971362122057
42764,0.32999797876489045
42765,5.10320118666931
42766,0.884772834885851
42767,0.14713044055355023
42768,2.9550607722644937
42769,0.5462890223340778
42770,0.26306352626879315
42771,0.43650528259818766
42772,3.3913061309290895
42773,2.891810572199796
42774,2.230062570738522
42775,0.5490039125788256
42776,0.902010279009168
42777,5.119565120624758
42778,0.18514475690103788
42779,1.1506737146814001
42780,1.4258168557980229
42781,2.643851148179723
42782,1.1796469807965917
42783,4.29781539265367
42784,0.8654173343131316
42785,3.858670348823924
42786,1.9758230772810734
42787,1.186697901365382
42788,9.834529764555448
42789,1.2425148095179948
42790,0.377623740854711
42791,2.336206791109314
42792,0.7952711576941723
42793,1.0330217350355368
42794,0.5946770232718507
42795,1.5986314732391325
42796,0.27923620789194975
42797,0.1314153905016271
42798,1.3204478427313906
42799,3.092099449990857
42800,1.4943243487815385
42801,2.2938805777196016
42802,0.14572818279903774
42803,0.10044429190672648
42804,2.394011911153176
42805,0.9027212671892562
42806,0.16497505792722644
42807,0.5157631289406851
42808,2.0076843198478906
42809,0.6624140421195023
42810,0.6451186037862595
42811,0.6724639423238155
42812,0.34434590735948206
42813,0.4950680829271123
42814,0.7194527926363009
42815,0.5628037787854816
42816,0.42916374421898124
42817,1.6870857334478033
42818,0.4564439110859435
42819,2.9096640758640917
42820,1.202797860981189
42821,1.8491300719443464
42822,0.6723027162683326
42823,1.3796258869423212
42824,0.46456068752753865
42825,0.15780610920015153
42826,4.280600749302545
42827,6.828233622744829
42828,0.9633753548885106
42829,0.6751109997257418
42830,0.2676630407912831
42831,1.3602086484756883
42832,1.7992307333430093
42833,2.010601340334528
42834,0.5539479067691769
42835,6.867170599367394
42836,0.8512378843675329
42837,0.22492575442696852
42838,1.1510292203261367
42839,1.0480877387689282
42840,0.11495480853340465
42841,1.014267514967584
42842,0.19905239359086638
42843,0.427720653802287
42844,0.4096011808261571
42845,0.40217738796649716
42846,1.3462808547945366
42847,0.4853449251342945
42848,0.11051402924111538
42849,0.44625183984223027
42850,0.8678153140029294
42851,0.08400821284020456
42852,2.0693817172773863
42853,0.7467746940286634
42854,0.24052253243691551
42855,5.726601395734935
42856,0.282489112918372
42857,0.2818481244457564
42858,0.474756138705254
42859,0.9422356008563022
42860,0.29120052373807065
42861,0.9490552025105446
42862,2.3527602128249203
42863,0.39348016536712566
42864,0.36124375536672343
42865,0.5083794616095151
42866,1.7614489421652142
42867,0.20599307222505983
42868,1.9748668659442075
42869,0.3693331884776184
42870,3.435219564706636
42871,1.9663798039189748
42872,0.08948339601416787
42873,2.6120439426984214
42874,0.5150299771092202
42875,2.670799445072569
42876,1.2796170488954548
42877,0.8358275105020729
42878,0.8914242364101386
42879,14.650274954513332
42880,0.6343222453197286
42881,1.7054080414834665
42882,1.3739319200801414
42883,0.09258912041031442
42884,1.431773220388661
42885,1.6332369123421264
42886,0.060668992520743585
42887,1.5443958324184095
42888,0.3757369074103874
42889,0.1546790736154524
42890,0.6972353919130676
42891,0.8291591400400855
42892,2.2253984137068543
42893,0.4246340959562695
42894,0.2459505816879385
42895,0.24353397918856648
42896,2.0158276988583106
42897,3.9689615500268296
42898,1.3458280024767877
42899,0.18832677510206236
42900,0.5047725555974544
42901,2.284642101773874
42902,4.254318907430903
42903,3.884023583825658
42904,2.668910220563382
42905,0.719858689095799
42906,0.5164375293233426
42907,0.6505177499501812
42908,7.528056594399924
42909,1.4776167482300706
42910,0.0809372176195032
42911,0.7559912452568044
42912,0.8630633570850497
42913,2.0756606833965607
42914,0.8489404396252198
42915,1.0193271213745885
42916,2.683197541399877
42917,0.3983123567567255
42918,0.2544689336920828
42919,2.864320452967516
42920,2.1461000070862495
42921,0.7839281030283679
42922,6.209843207087223
42923,0.16674561633432813
42924,0.4772011453582959
42925,0.08952940510339095
42926,0.8404053086465382
42927,0.3155309393464954
42928,1.000798010432297
42929,1.9431527358205607
42930,0.021966969442708074
42931,0.7924665466140675
42932,0.09188077757487459
42933,0.5768234467856663
42934,2.5683834759622437
42935,0.7324344791439241
42936,1.358586052045884
42937,0.26406997659458853
42938,0.6709856985025827
42939,8.941145555124697
42940,1.6854824837059494
42941,3.7644803259930346
42942,0.2192881112570776
42943,3.3832948484525547
42944,0.9620313080057242
42945,0.1290347777621514
42946,0.586431598245717
42947,0.14730457193041419
42948,0.2361415268423331
42949,1.185808933951415
42950,1.8064807017928948
42951,0.288306228917618
42952,0.5960055395840305
42953,0.6842804326128794
42954,0.6856719937004999
42955,1.309814850062392
42956,0.450407792532572
42957,2.5780148151302
42958,2.111842957571312
42959,0.09780194143137831
42960,0.7629209072751734
42961,1.181150117706611
42962,0.3223581119729832
42963,0.8728361864874659
42964,2.470608136218555
42965,0.15038087443195297
42966,0.7950314150356234
42967,0.9318513020013565
42968,0.13667023147636317
42969,0.7212553013328347
42970,0.7113510074598941
42971,0.5195889502987915
42972,1.4879567410765522
42973,1.1621164463258138
42974,0.22230926943884402
42975,0.2792029105518698
42976,1.256396580390674
42977,0.20217091806381698
42978,0.537898870032753
42979,0.1672286198803829
42980,0.6814715349065172
42981,0.36884633574572095
42982,0.2106518266987786
42983,1.2410517129715455
42984,0.9281829955871579
42985,0.9257888110676153
42986,0.5215914066513845
42987,0.7375238819887586
42988,0.2108154724397842
42989,8.034390009630163
42990,0.29000935735700084
42991,0.8421022780322434
42992,0.6410192878289651
42993,0.6852644111574459
42994,0.968901647388985
42995,0.23450274161531956
42996,2.7720612674796454
42997,0.11788451439251563
42998,0.06828268891355278
42999,0.12402422394941406
43000,4.057621432516229
43001,3.1237169355029186
43002,0.5284034818792194
43003,0.31902285960935023
43004,57.43076116760824
43005,0.02815707631362167
43006,0.06368808595569918
43007,3.259379367675137
43008,0.7869249555112157
43009,1.2885483316426631
43010,1.755517112353627
43011,0.687434830289241
43012,1.2615156464110233
43013,4.0918813923841935
43014,3.2430958897229623
43015,0.23176035962951363
43016,0.7603035005463886
43017,0.9826107798594987
43018,0.5455801514014607
43019,0.4398285385713867
43020,0.5949345716593386
43021,0.14424070638912212
43022,0.8626341848209813
43023,1.6422321795080834
43024,0.9101049848099415
43025,1.0739180318883172
43026,0.7838196622901222
43027,2.5752579286619723
43028,0.12080397497747508
43029,0.7003501792657358
43030,0.4894106566833688
43031,0.06011453105484615
43032,0.18258980489934076
43033,1.1782394337756528
43034,2.159835845396316
43035,0.1931696980624913
43036,1.5443516753856612
43037,3.0605824189735937
43038,0.31532555360905057
43039,0.05485533153352869
43040,0.13488347123069586
43041,3.377173950469286
43042,0.09895994627334101
43043,0.6540290608194799
43044,4.191033368108982
43045,0.150970496786164
43046,1.2376838783508062
43047,1.5161845564630385
43048,2.0866957614959185
43049,0.2466830683347154
43050,0.8420441262176743
43051,0.34720097924320575
43052,0.12423751848953203
43053,1.906087402927799
43054,0.7299936038959635
43055,1.413654620565974
43056,2.404872234078925
43057,1.3455317040985353
43058,0.6465360299379891
43059,4.770415858778635
43060,0.44827998235350197
43061,0.8879460090197899
43062,0.9069310643773056
43063,0.7698638335251217
43064,0.32419200320617947
43065,0.14529840677815004
43066,2.1692063260536036
43067,2.5866199794308624
43068,0.5943878846395456
43069,0.11405751401042304
43070,0.7174886502314985
43071,5.63371810943002
43072,2.589615085546109
43073,0.4046389071768311
43074,0.4233275085354866
43075,0.265536880621129
43076,2.3381418457969696
43077,1.7482374271120207
43078,0.7218495094005939
43079,0.6633592302742987
43080,0.544906778925208
43081,1.6854734126244493
43082,1.2638490243193918
43083,0.47868293628798697
43084,0.10876925599306551
43085,0.3403837450840679
43086,1.171219790859272
43087,0.2707283512355028
43088,0.44257407913979707
43089,0.36397331542477546
43090,1.1969099389603848
43091,0.34634295525430053
43092,0.390906956483159
43093,0.06799060874694612
43094,0.7849751705241881
43095,2.067347057507419
43096,0.5375118531448435
43097,0.17658411743967944
43098,2.0915557734938584
43099,0.6554137890488124
43100,2.0655226492571694
43101,1.064083806637706
43102,1.138879787499444
43103,0.9130074036682726
43104,0.800922401951178
43105,4.903783093665359
43106,0.7255890117377484
43107,5.287996156320942
43108,0.1217012516685395
43109,1.0958792613305819
43110,0.06076968489082608
43111,2.2740263359416737
43112,0.20964220433487918
43113,0.3889653184891268
43114,1.5256673434559251
43115,0.12112468131812656
43116,0.11555201823568086
43117,1.0466500593764343
43118,0.8850476868034461
43119,2.5008331070544583
43120,0.5492450552048667
43121,1.1161910489746028
43122,1.7756250766963537
43123,0.8265243766088022
43124,0.14109352549936963
43125,0.6435724835175792
43126,0.9372084827023472
43127,0.48371229404444416
43128,1.1106850414775886
43129,0.8161014646784044
43130,1.163253063459181
43131,0.5338692039429854
43132,1.4979459605670005
43133,1.3111510132949127
43134,1.0208259962467796
43135,0.1495460679421271
43136,0.22432419008424787
43137,1.6127168638519227
43138,1.165540701107783
43139,1.1633677602677013
43140,0.3213849014062913
43141,0.15931649919631502
43142,1.2485409496536926
43143,0.8351103333519995
43144,0.088052235654208
43145,1.7987803311603496
43146,0.4805798782541635
43147,2.7093739466485034
43148,0.1405184554598435
43149,0.847294634256519
43150,0.22159822470543492
43151,0.6924298101106061
43152,0.633905606085009
43153,0.9702731640914781
43154,0.932972679216246
43155,1.1667626023014428
43156,0.844133945701107
43157,0.820004961707458
43158,1.6021220568069432
43159,1.206646075279858
43160,1.100369409988968
43161,0.40327342633182206
43162,0.8726539779515354
43163,3.0117554653141534
43164,0.49824758775742795
43165,0.041603739347575455
43166,0.6249305443276509
43167,1.0712179535857371
43168,0.4415082465558511
43169,9.69734749980767
43170,0.4149738423040558
43171,0.10146463023788488
43172,0.08988128424792476
43173,0.11803594899455375
43174,0.7681058578486035
43175,0.36076375729313986
43176,1.0569798829937203
43177,0.08260625623975647
43178,0.4428120646302786
43179,0.6722174715010497
43180,0.5535903342278444
43181,1.7461093783868322
43182,1.9282669296868638
43183,1.6818970608039692
43184,0.24642834425050975
43185,0.3249102182188345
43186,2.09650991359734
43187,2.7680071554035854
43188,0.723595214435399
43189,0.8704448327568022
43190,0.21170173417920254
43191,0.8166598734071013
43192,3.0908517884996756
43193,0.09565083391275629
43194,0.04619577124067355
43195,0.7123221267199891
43196,0.6064692660735556
43197,0.32700675231628895
43198,4.636239644642552
43199,0.4963062876480746
43200,0.22471451778434537
43201,0.22528407473133336
43202,0.5451242000585359
43203,2.411140411245647
43204,0.2699918752841043
43205,0.7566233991869639
43206,1.764841818549105
43207,0.19714900825622458
43208,0.06293725261672677
43209,0.21235011919504002
43210,44.50140270625218
43211,0.3277171694674858
43212,0.5558161603302822
43213,0.6914117717912053
43214,0.7384136635324443
43215,0.026926009313875822
43216,6.911098242983974
43217,0.2704365622460016
43218,0.42198031105614886
43219,0.10971256542558111
43220,1.6424712989247083
43221,10.235879955450944
43222,1.360532448103246
43223,2.5839464793145903
43224,1.3305394475846324
43225,0.1900972346522237
43226,0.07604716967904161
43227,2.1593763586644155
43228,1.8461133528516733
43229,0.38775861050649113
43230,2.6159591856736317
43231,1.208096336167302
43232,1.0446547579611913
43233,0.9499086539197269
43234,2.4409403766964206
43235,3.7302512943857398
43236,0.13903785644572766
43237,0.8217967623241986
43238,0.6961356123815201
43239,0.7786754460367249
43240,1.1222423430175683
43241,0.23087152314420145
43242,0.8991465999699952
43243,0.5741087207523616
43244,3.159527335567197
43245,0.989034350556244
43246,0.41471403203340024
43247,0.4364817214410308
43248,1.624444787889377
43249,1.0929956766609403
43250,1.4746496573946892
43251,0.2668491839642577
43252,5.738985024165021
43253,0.8439920329336339
43254,0.08604391396545934
43255,5.266661290549644
43256,0.7636552683919039
43257,0.5374887994813379
43258,0.0514127172747497
43259,2.0431703491176774
43260,5.106981171936943
43261,2.3128454409648005
43262,2.1019194832348105
43263,0.1180414581229047
43264,3.8640944202200678
43265,0.09006832377867252
43266,1.3311122998623826
43267,1.6130176398740375
43268,3.190547055847904
43269,3.521634060434538
43270,0.5628150489019362
43271,3.6664018541493273
43272,0.21934952811400735
43273,0.46752310480116555
43274,1.0445899064697215
43275,0.7364449621359432
43276,0.3168983533176263
43277,0.3226485631874403
43278,1.5763638178816164
43279,0.1670600944027825
43280,0.3104405058905307
43281,0.422336694295663
43282,1.070749478012071
43283,0.10328698013800611
43284,0.09119043488427664
43285,0.23993235751725267
43286,43.79688326812291
43287,0.2956221845158129
43288,0.15309806538808501
43289,0.2875105274427273
43290,0.5152860098564708
43291,1.2231203107202155
43292,3.6688879319981313
43293,5.508513426040032
43294,1.3406990004268093
43295,5.327413658498569
43296,3.9549475328211297
43297,1.1561740682369177
43298,7.4441446525136215
43299,17.42111173697553
43300,0.2583674135054653
43301,1.8540461553349639
43302,3.4266131751642703
43303,0.7128647135730634
43304,0.7950685343428977
43305,0.8955360039661879
43306,0.5861472266214071
43307,1.2832679020825764
43308,2.9689710962683504
43309,0.7484918503519549
43310,0.6086721930573411
43311,0.32956009075756776
43312,0.8172993833199156
43313,0.8019545686896504
43314,0.8457407345866537
43315,0.8036110690790875
43316,0.25521399665038347
43317,0.18068316763469072
43318,2.402173779704538
43319,7.250697843466341
43320,1.1228746030818162
43321,0.38989992573432114
43322,0.24926191001448814
43323,0.6032648459468943
43324,1.227740133947089
43325,4.5744508754728175
43326,0.3379139981658068
43327,0.7093154978435062
43328,0.17450345146539695
43329,1.0268269476954954
43330,1.7707395287155183
43331,0.29312513438883325
43332,0.12593307261636455
43333,0.11341958298520019
43334,0.7697273857643487
43335,1.7296935347740097
43336,1.1731970579253599
43337,0.9016553784889577
43338,0.29844625625971855
43339,0.09283605092089772
43340,0.7597169036987089
43341,1.8328314583541794
43342,0.45404910345784105
43343,0.2569214675244262
43344,1.4680459554697427
43345,325.5822577482864
43346,0.5580970416280738
43347,0.33412089704818493
43348,1.0490923014891154
43349,2.7923238613771586
43350,0.1570821849998836
43351,0.0789493479889763
43352,0.23182994843147353
43353,0.3808394211180669
43354,0.7217724599968889
43355,0.5333506550179143
43356,3.7257492284843012
43357,0.38269238054150656
43358,2.6744126568129705
43359,0.32647496354461225
43360,0.4603042068093177
43361,2.007108339151467
43362,1.1475314130276826
43363,0.1792160876228635
43364,0.3291780241974145
43365,0.6390672046178553
43366,1.2000101829746828
43367,1.3590524800076376
43368,0.3078689702005323
43369,1.2152072523073794
43370,1.5790126408446357
43371,1.1918847911949528
43372,0.8654516647163417
43373,2.7312904386631622
43374,0.24018301744643242
43375,0.08878172918879783
43376,2.3816920173221585
43377,0.3856753629346347
43378,0.9486209437483238
43379,1.3613913346410258
43380,0.7495583410658164
43381,0.2496706456705446
43382,0.3625345845791753
43383,0.8062293652877516
43384,1.0498521070688926
43385,1.912232313132006
43386,0.11623134711771747
43387,2.7605168621494554
43388,0.5387772219859432
43389,1.1475406479190196
43390,0.3836810342989063
43391,4.409480391452514
43392,0.16976501407296465
43393,0.434939972333844
43394,2.2521924393414396
43395,1.78573057195697
43396,2.7695146491736033
43397,4.906994822208172
43398,0.16960159686386375
43399,1.9500418943987532
43400,5.031328579872816
43401,0.6603907156258979
43402,0.9169737800103034
43403,0.15674200553395892
43404,0.08746848466753804
43405,0.5467159599275954
43406,0.2853272355305311
43407,0.7421578039411664
43408,0.6867182773068272
43409,1.1745489523013386
43410,1.9953610026719861
43411,2.52989545208617
43412,0.07784566662638956
43413,0.8235723852661591
43414,2.5577388810937944
43415,0.9781968398590735
43416,0.6373847064971102
43417,0.1608714187600268
43418,2.352453560782365
43419,0.4456645397899392
43420,0.3815918833667193
43421,0.19596128933727133
43422,0.6293397649483901
43423,0.2238184855337809
43424,3.1356722013035436
43425,0.15611925894941397
43426,0.7052840946351999
43427,0.5305926314529672
43428,0.20110192761354653
43429,0.4122581224047948
43430,0.9513297521237176
43431,1.9340153808233433
43432,0.45598524932724077
43433,4.838214580409817
43434,0.11817334734832165
43435,0.32579042124544183
43436,0.3299582284459311
43437,1.4163932135389248
43438,1.8494785665895455
43439,0.058476164037224845
43440,0.43900315044147253
43441,3.954238039475242
43442,1.2439329510209831
43443,1.3596837651301636
43444,1.6961710522137492
43445,0.382685231888518
43446,1.1687116478433184
43447,6.455839153874538
43448,1.3524878366806066
43449,10.694198012540662
43450,0.523589496880748
43451,0.837750990270349
43452,0.33819971352606143
43453,0.7594775336832713
43454,0.5858518505375074
43455,0.31006233575454684
43456,2.4924768337520016
43457,0.2487960480151788
43458,0.8362987328385993
43459,0.3852792194805362
43460,2.281588011134418
43461,0.5469773210532745
43462,0.38657290386668164
43463,0.5827978127138446
43464,1.3241140274392709
43465,0.2309636057276443
43466,0.3342686030611191
43467,0.48048547195734426
43468,0.4906408392072307
43469,0.565670102762498
43470,0.6455942629792797
43471,1.5739942811708536
43472,1.6787429315134663
43473,0.6618165148976386
43474,0.09486574497704696
43475,0.7153905168057926
43476,1.171782762380686
43477,0.03671744603097903
43478,1.1673320024853933
43479,1.2111983312402856
43480,1.3121890398119886
43481,0.12389806716842212
43482,3.2406760328760655
43483,1.5135099445366849
43484,0.14941240593544775
43485,2.921978156030509
43486,0.16212040361982338
43487,0.16825364306789597
43488,8.918620804338364
43489,1.4067301137972381
43490,2.4378571938537905
43491,0.4653875176295891
43492,1.7700050883845677
43493,0.9082705860617581
43494,0.6920486130460365
43495,5.169120511016549
43496,4.287521309421389
43497,0.6046438226648684
43498,0.8698350313094378
43499,1.3931422630600991
43500,0.07169434488797406
43501,0.6189240398893557
43502,0.1580514479830957
43503,0.1471385207635844
43504,0.6098533267076923
43505,0.24265608634270583
43506,0.09543318729133544
43507,0.7212593583382536
43508,0.057677860486208245
43509,6.756281991984336
43510,0.6089078095107643
43511,0.0896261541949889
43512,0.17624985535570742
43513,0.8365151070423628
43514,0.4173144150549574
43515,3.1737328981188804
43516,0.0715828879314346
43517,0.17210416662970537
43518,1.3936209913549173
43519,0.45115378410702184
43520,8.763294945023446
43521,2.566055554026136
43522,0.7116498539610774
43523,2.9488428306892955
43524,1.4449524936785776
43525,0.8363218551327631
43526,1.1991406560655489
43527,0.2331751176266161
43528,0.4733636374321885
43529,5.390783719934821
43530,0.9972907016659107
43531,1.5829500852568879
43532,0.15563239014859592
43533,0.378132360194143
43534,0.5262535341168739
43535,1.107976428410494
43536,0.9389859761615468
43537,0.7260202858822392
43538,0.9925347689961271
43539,0.9141744582712411
43540,1.5977274741642506
43541,1.045137861246129
43542,0.30915020716913444
43543,0.4138256319343215
43544,0.6527006112536999
43545,0.8019438861251049
43546,0.8325881887590734
43547,0.6036182288111475
43548,1.3735867000588162
43549,0.0831649790796336
43550,2.484882223552071
43551,0.12254376298310032
43552,1.3186151109634685
43553,0.19102902738255428
43554,0.49320293620929356
43555,0.4039005197043991
43556,3.5314802215000665
43557,0.5645193730114876
43558,5.3896686527759305
43559,0.5011850016098895
43560,0.13395686178593305
43561,1.1468731725441692
43562,2.7028268665780053
43563,0.41354119802399275
43564,0.491335512867686
43565,0.3402671675113692
43566,0.7738037247611121
43567,0.3515896061291571
43568,2.0739352691880044
43569,0.7944432750587112
43570,0.9814404656015538
43571,0.2123519520951483
43572,0.9289026808818879
43573,0.32147487026496874
43574,0.2632514442193047
43575,0.2843082657140521
43576,1.1468615041053654
43577,0.9756451516851461
43578,0.25374763574396175
43579,0.7144369053357009
43580,0.994682713113352
43581,0.055274893414699634
43582,0.6222681122505325
43583,3.404178306904481
43584,0.9498107852484995
43585,0.8277362900651508
43586,5.463072599437675
43587,1.1724311471528828
43588,0.2524342044737729
43589,5.576416933002608
43590,1.956509979114653
43591,0.29334985062025654
43592,4.935045037073007
43593,0.5254526286184391
43594,1.0523965379810631
43595,0.5837409788465125
43596,0.6924589189539703
43597,0.5608177187599989
43598,0.005976224017606746
43599,0.919114027816837
43600,0.9639515082772582
43601,2.9119684447328984
43602,1.7509099815818823
43603,0.10788649920040504
43604,1.4810806665796017
43605,2.938583898307784
43606,5.222400934229125
43607,0.9180472814083624
43608,0.5877775303580026
43609,1.473788121562389
43610,0.27712426089498815
43611,1.1944307909249128
43612,0.26878148245345296
43613,1.0251519386982026
43614,1.1707413953232084
43615,0.2572118206751182
43616,0.4392324015295811
43617,0.5508972764729384
43618,6.51147436854816
43619,1.6724491634451766
43620,3.506068255257643
43621,0.5957630332764354
43622,0.44246360129667706
43623,0.3105582255704251
43624,0.8323700170776033
43625,0.8432580740325845
43626,0.9951845481337614
43627,1.1118582350590223
43628,0.30161456649707136
43629,0.801672899276933
43630,0.621880483583923
43631,0.44580293745905897
43632,0.10648607283540472
43633,0.42909839143535744
43634,0.2661926644312767
43635,0.17379769055567568
43636,0.0869959841431658
43637,0.250542519266336
43638,0.08828095686612178
43639,0.8384105092144555
43640,1.7412473835581288
43641,0.8689552422207598
43642,0.9502008504331204
43643,0.5782282268684423
43644,9.972749370449009
43645,1.0538928360244744
43646,2.273824646709265
43647,1.5109439460077287
43648,2.0765232463235774
43649,0.7464731210982849
43650,0.8673721054940268
43651,0.7922709204756574
43652,0.19005485972590064
43653,0.5431117202094984
43654,0.06966813840922553
43655,0.13299237164195726
43656,1.269495683712262
43657,1.8144937744876055
43658,1.0474305293892205
43659,3.0927161926689295
43660,0.17642860506895727
43661,3.553504901230614
43662,0.5987932535547428
43663,0.7445762457198637
43664,1.4996556064935744
43665,0.36741310122218296
43666,5.4133201570327945
43667,0.33453651996650996
43668,0.9665853551891992
43669,0.21830332781102493
43670,0.7687913181454669
43671,0.07014436860676665
43672,0.19835794127601888
43673,0.30716573642699807
43674,0.865497887570264
43675,0.12940393801320887
43676,0.5575599911975885
43677,0.3264606886914912
43678,0.8030290055403986
43679,1.2916195270742612
43680,0.28977037740523764
43681,1.075707956663962
43682,0.6320945889992361
43683,0.07757805994551627
43684,1.0947727200882822
43685,7.539719304324652
43686,2.630531945504803
43687,0.901495753008685
43688,1.3477380463978315
43689,7.284905729953054
43690,0.5827772011694303
43691,0.653263423745745
43692,4.6089963550661075
43693,0.1503404311274167
43694,2.1103595911948756
43695,1.2904354073815318
43696,0.9624131287038691
43697,0.2350696976331827
43698,0.34285415180391104
43699,4.673497888306396
43700,0.7861024749036443
43701,1.095473814329894
43702,0.7215861661157082
43703,1.447503723564115
43704,1.515849332216874
43705,2.347494249843065
43706,0.9678019765565642
43707,0.24673517712462525
43708,1.442599574522062
43709,1.5612192150386452
43710,0.960063863544692
43711,0.8297512046179178
43712,0.21588356286934068
43713,0.1385137693378561
43714,0.8770477656360303
43715,0.3931300836215161
43716,0.4986684558211714
43717,0.4022735748034827
43718,0.5043487052747608
43719,1.1858640701083718
43720,0.16016082587193373
43721,1.3229116680669522
43722,0.4434712383305998
43723,1.140077846808706
43724,1.294196850868649
43725,1.270506149819342
43726,1.934386662615223
43727,0.23569427107238397
43728,1.1878980788694078
43729,1.8516725586578056
43730,2.48158131831376
43731,1.2139179359271663
43732,0.17368399110293412
43733,0.11328029553828244
43734,0.14717746372191545
43735,0.19473917031525265
43736,0.4000916489842145
43737,0.39877448186500514
43738,0.23327896469838566
43739,0.16021036744985082
43740,1.3453209399949022
43741,0.8334110783815071
43742,1.329822072206425
43743,0.6515705911103467
43744,1.950721603365042
43745,3.487487978082006
43746,2.019151778558671
43747,1.519741428194691
43748,1.917232273846228
43749,1.504421047981435
43750,0.1807740662355377
43751,1.4337815654425516
43752,3.170659962467891
43753,0.47386482252791523
43754,3.041444594173153
43755,1.1472768531659727
43756,2.335502286725765
43757,0.18999760992979503
43758,0.666062761934028
43759,0.6184433551258421
43760,0.5077013163703381
43761,5.304365516165478
43762,0.19842425188552432
43763,1.104402551554556
43764,1.6284115404181598
43765,0.23039539894679917
43766,3.7715018565375784
43767,2.1170082050089074
43768,2.886843666244718
43769,0.47291505310062587
43770,2.6141773493512583
43771,0.93256790931759
43772,0.5538721824641186
43773,0.3905412006425174
43774,1.3603805184138758
43775,2.131847687621471
43776,1.2991630804185932
43777,1.1960598107078726
43778,0.310256861078567
43779,2.4397024519167214
43780,1.454829607999078
43781,1.442113892835599
43782,0.06236213269320312
43783,0.3231605363092601
43784,0.7253651048380054
43785,0.3251672330676995
43786,0.4414531190008095
43787,0.23561247952108033
43788,0.27482320282803424
43789,0.5195506875224302
43790,2.518581177442812
43791,0.3450157438915809
43792,2.4481178459472783
43793,4.863468733779067
43794,0.8230933184029473
43795,6.087564694731655
43796,0.7534086946172531
43797,0.10396493753876397
43798,1.7393762446581764
43799,0.5358525397617185
43800,0.2843124274301338
43801,1.085021748233068
43802,0.14003025173632777
43803,0.20721565984345588
43804,2.839983339867641
43805,0.20433790596132098
43806,2.5978342519204496
43807,1.038762385886685
43808,0.6613537918651979
43809,0.23172182287522744
43810,0.5670036304101296
43811,1.085416764027401
43812,1.3568713742207021
43813,0.7621098118114422
43814,0.7418277201563156
43815,0.5919523087052254
43816,0.42904273610418364
43817,0.7927769895800818
43818,0.5521064593481351
43819,0.8669783808450844
43820,0.741966738885423
43821,7.2186445545983
43822,2.5527827173830677
43823,1.253382109212085
43824,3.362621060199472
43825,0.407085704415549
43826,1.1167334261317994
43827,0.24518288809356756
43828,0.07245926406921319
43829,0.16203306352891184
43830,0.7187793604215356
43831,8.054393837307114
43832,0.14668109199500876
43833,0.04733292791830883
43834,1.2103318309512636
43835,0.7909308178483266
43836,0.9994545598508295
43837,0.29743660350373213
43838,0.6210455792619081
43839,0.7132821422378325
43840,2.1913718733554206
43841,1.206141373965794
43842,0.039861607963412225
43843,0.1000529249088876
43844,0.45919961986652086
43845,0.1805598519262353
43846,1.8153643571928408
43847,2.0024664001335193
43848,1.056707316550355
43849,0.48525432288767106
43850,0.6406691986948705
43851,1.364921379489446
43852,1.1382743319320334
43853,1.5997271226429743
43854,0.5155282833336109
43855,0.9553385188932386
43856,0.2921956317856016
43857,1.1066744345782664
43858,2.666881714747185
43859,0.5460156401484697
43860,1.1855120104628445
43861,1.663099478162575
43862,1.92287359180166
43863,0.6557675494334744
43864,0.1838069770709031
43865,1.9307132482653757
43866,1.8146579332475026
43867,1.5384390931485104
43868,1.7424801241116832
43869,1.437701243551915
43870,3.2298469849889666
43871,1.8824732914712863
43872,2.0654043185103697
43873,0.7270639972139086
43874,0.49855229911829496
43875,0.06469096735192624
43876,0.5174376901976006
43877,0.9142633381869921
43878,0.4184956801592874
43879,0.4294103257277388
43880,0.658078737733898
43881,0.6362902861550684
43882,2.6301512346620903
43883,1.917894880455955
43884,4.624464275324462
43885,2.318574730705378
43886,0.45838037519132196
43887,2.8631678329386214
43888,1.8788965075187911
43889,0.5976209425129468
43890,0.857261592472536
43891,2.8943409285794703
43892,0.06672339530047955
43893,0.8783864609091409
43894,0.37330813136226865
43895,0.8828331060478708
43896,0.41019998533328705
43897,1.6124235966217781
43898,1.2992257228638164
43899,0.3271662333368094
43900,2.5121362386645885
43901,1.3845684437787629
43902,0.5170695226683951
43903,0.031232663069021626
43904,0.46289630063380277
43905,0.5514166243902007
43906,1.6978693804431932
43907,0.41646969638104575
43908,0.14634198262152406
43909,0.31722526175198573
43910,1.7033931498835801
43911,0.262586296105692
43912,15.449881650594225
43913,1.2727994833714955
43914,1.4532184383984728
43915,2.4234889690270904
43916,2.610767628973751
43917,1.2952424363921642
43918,0.6009526100588855
43919,2.3347684074932378
43920,0.9142924413227866
43921,3.65372292370829
43922,0.27281141734330666
43923,3.7153934772971025
43924,0.26569036647091443
43925,1.0674649748689509
43926,3.6088677896970145
43927,1.3732975306112085
43928,0.5459658610878212
43929,0.7002627332169339
43930,0.5191333213962224
43931,0.10909541213830126
43932,1.2908430668954691
43933,0.279912162297696
43934,0.14848591718515697
43935,0.9495012461129356
43936,0.6979190449341899
43937,0.23753570465164264
43938,1.209945700384416
43939,2.8089896860641304
43940,17.958872314641276
43941,19.363295124896958
43942,1.7040225875772037
43943,0.17514374061015486
43944,1.3439117258609228
43945,2.3409149831426603
43946,0.5667013434825175
43947,0.9950642118355403
43948,0.4294339921026475
43949,5.214243736654484
43950,0.7390923811655389
43951,0.05799104151526404
43952,1.0434628939621005
43953,1.8679493840274142
43954,0.36657599079660325
43955,0.3255504162911834
43956,0.4734605818910363
43957,0.6825928622890195
43958,1.8251218534752491
43959,1.3327626600912592
43960,1.8494372678002755
43961,0.26719796064526186
43962,0.3160378113016007
43963,0.6252729616587118
43964,0.45991099688789233
43965,0.19937722800342667
43966,2.5019883054980356
43967,0.09333023008234441
43968,0.38511941350112716
43969,0.333127499716372
43970,8.955199852511495
43971,7.025369451374175
43972,0.12983480351132676
43973,0.23063403813555078
43974,1.2762366882735414
43975,0.5741544845125665
43976,0.2939106031939408
43977,2.381581195931441
43978,1.4217264534346774
43979,2.1733532501731045
43980,1.1272266839820269
43981,2.1877603958868677
43982,0.17491305025935294
43983,0.8863448260741942
43984,0.15519634953648265
43985,6.215348176813658
43986,1.794396573347297
43987,2.0899259575630644
43988,1.0372522384519114
43989,0.06641150110787378
43990,1.893902991918869
43991,0.3829892861651788
43992,0.3854963436125647
43993,1.9085868745274357
43994,0.6958397559319249
43995,0.4601025554797522
43996,1.1046029342720687
43997,0.30818000295772763
43998,1.541771676486159
43999,0.22215506283687703
44000,0.34732224464675177
44001,1.0824347342986342
44002,0.6260495869305797
44003,0.2890808417557339
44004,0.2626419971084306
44005,1.6376844340874004
44006,0.2972342647721622
44007,0.12328166318845453
44008,0.7605397759514351
44009,0.20074733816022128
44010,1.2130608478310285
44011,3.4318593476873516
44012,1.23683694751214
44013,0.14452891774643298
44014,2.8853386978856803
44015,1.504964328955822
44016,1.652395934526401
44017,0.402196055800413
44018,0.09162967299723418
44019,2.399606639655806
44020,0.7392204680977937
44021,0.4112693127409817
44022,0.4706045166769527
44023,2.5744572391164096
44024,0.33933189305167705
44025,1.335433749975301
44026,10.880271392433785
44027,0.6185871947927297
44028,0.06962943533873038
44029,0.16828325988487441
44030,0.4184442547821363
44031,1.5776788297993383
44032,0.7347747098895476
44033,1.4561393202987338
44034,3.209805357835978
44035,0.3797630318608918
44036,2.1206895697457027
44037,0.10116344653055492
44038,0.4161041552414378
44039,0.19186828954612772
44040,7.006668558012391
44041,0.18696387547376872
44042,1.0256583533972257
44043,2.558963295490456
44044,0.4949172778375382
44045,0.0636765400217423
44046,2.1232992648962905
44047,0.695633206953954
44048,1.3964752863884728
44049,0.4141926607006954
44050,1.949488762664847
44051,1.1506588011590824
44052,1.7274026583358122
44053,2.070359092063221
44054,0.5500113043846763
44055,0.49151231935222783
44056,0.3111381525592071
44057,0.15063218178554316
44058,0.12162129452573024
44059,0.29529418356277193
44060,0.5375413926175027
44061,1.1547557113102829
44062,0.4436231020550768
44063,0.448887627116881
44064,0.12026956112809147
44065,0.3904924288762888
44066,0.3068215306485933
44067,1.4931320891766187
44068,16.14510307896451
44069,1.2263273136743558
44070,0.09897612010858213
44071,0.10258424769200777
44072,6.535195141391425
44073,4.731695098165999
44074,1.2086507753067484
44075,0.34488567511832
44076,3.897511033999564
44077,2.2932335441246146
44078,0.8620052236448262
44079,0.07059780920994828
44080,1.5670154141536372
44081,0.4038277613083617
44082,0.18675418000534205
44083,0.13982518571296973
44084,0.3186376317556795
44085,2.087710872580578
44086,6.428356411057513
44087,0.5762160054068631
44088,0.3528650047741387
44089,1.2968730291563113
44090,0.7350197664526056
44091,1.2032233144018125
44092,0.7485181168649541
44093,0.6586342933748138
44094,0.3665637786112885
44095,0.40431647593455644
44096,0.5525104107967778
44097,0.1328465034830834
44098,0.7691205970370251
44099,1.4599540111138738
44100,2.5530186298269344
44101,13.325976892090004
44102,2.1826523488104383
44103,0.32327738497174036
44104,0.7703655714873121
44105,0.9945625103186472
44106,2.944625786762923
44107,0.3466530724933798
44108,0.39246946172278746
44109,0.10538550702433046
44110,0.20854700178450503
44111,0.04556546435698198
44112,3.7278242807907964
44113,0.7803002657998271
44114,0.7249044703120904
44115,1.2159671262955503
44116,0.9902687346727849
44117,0.1357306504043999
44118,0.4253799677437363
44119,0.5169074028881936
44120,1.731971308361828
44121,0.5911797279456857
44122,1.612036752643474
44123,0.16056454435450923
44124,1.6073764006582907
44125,0.38982375097645067
44126,3.6598405939831897
44127,1.6175369236579065
44128,9.147781853203465
44129,0.8308799193850418
44130,0.670620506242058
44131,0.21416486214026714
44132,0.5306377018832038
44133,3.744188031847132
44134,3.3613360555810106
44135,1.90193263590496
44136,0.4838152477187953
44137,11.128598938671148
44138,4.829019299614858
44139,0.508267342368423
44140,0.8150038203962493
44141,0.5470342306919888
44142,0.6482771397171687
44143,1.1057249802521543
44144,0.253936818454018
44145,0.7820842762664421
44146,0.4200876314921717
44147,0.23264702149316893
44148,1.3384656201728409
44149,0.6727017985019548
44150,0.296188837846859
44151,0.19687319652953428
44152,0.9357573938159048
44153,0.35717561541452686
44154,1.226816532867956
44155,1.165514827609953
44156,17.615495457368375
44157,0.27661136395126945
44158,0.13360106266579436
44159,0.07421381441509584
44160,3.176116647035716
44161,0.8604776729484697
44162,3.287414370121303
44163,0.02277035655638436
44164,0.42338443939667575
44165,0.47100614855253553
44166,0.12112452440050948
44167,1.6176573016645714
44168,0.0952967073526004
44169,0.5770941714459037
44170,0.23595684973291353
44171,1.8518950152167566
44172,1.5020706855155836
44173,0.06661944746651154
44174,2.570973985099566
44175,0.35184084198814786
44176,0.5949529086541472
44177,1.7752800650767322
44178,0.9225700183629746
44179,0.22030329720052227
44180,0.14930214189933755
44181,0.9009017432114422
44182,2.771486670931867
44183,1.926793973375047
44184,0.20954095924100194
44185,1.622969219850208
44186,2.9527075993611596
44187,0.6939222961035516
44188,0.8592987369262228
44189,1.4803787557339936
44190,0.31447414852009664
44191,2.25859732009996
44192,11.04283465620197
44193,0.8141110010614395
44194,0.5233805702901752
44195,0.25670794829902915
44196,1.816859943465352
44197,2.0692969537722252
44198,0.269491998198169
44199,0.42885614450434884
44200,2.873158716368088
44201,0.77720179838526
44202,0.25008604630816234
44203,0.05216868478100061
44204,1.0242082927593983
44205,0.14005441587839895
44206,0.2175722217267423
44207,0.3216018785669224
44208,0.16631221381679756
44209,0.9737709870554403
44210,1.0490966218152875
44211,0.4045379294904986
44212,0.71215637561148
44213,1.0943940246093586
44214,1.1901039826756845
44215,1.062470593038706
44216,0.20929938333269585
44217,2.1642679313931237
44218,0.4639128303364957
44219,0.15767006978597456
44220,2.4978968151464542
44221,0.29057362248061464
44222,0.4376140984118343
44223,0.8592606981710591
44224,0.9812981133734978
44225,0.13499540135248794
44226,0.13246861882229954
44227,0.6979952337923055
44228,0.7774408103246092
44229,0.10202177137655924
44230,0.5453826957900065
44231,1.93338961484043
44232,0.21424468735471883
44233,1.282039147259625
44234,2.859892258399329
44235,0.3006235013715884
44236,1.3834954482165027
44237,1.4518436023531038
44238,4.510097488572284
44239,0.7321024872671598
44240,0.35889126706313385
44241,0.34825963601883536
44242,0.9068439647433557
44243,0.08397183222177229
44244,1.692069970940801
44245,0.2380234500164152
44246,3.8056208383656953
44247,0.443567710314509
44248,2.2693644655197445
44249,0.07982880654880642
44250,1.0989571293542764
44251,0.0887536335591559
44252,0.6111846929444569
44253,0.9997826432056118
44254,1.5196750944310387
44255,1.3204761833956873
44256,1.6958029213982817
44257,2.3335407566513062
44258,1.4488386679253182
44259,1.100822321803487
44260,2.029384417955167
44261,0.8014798924033579
44262,1.0755836223283155
44263,2.6333683865692548
44264,8.281460645359578
44265,0.8562276707494618
44266,1.4124864566585287
44267,0.13857768506550028
44268,0.879250021234482
44269,0.4928010926102263
44270,0.35149942308626075
44271,1.047308750481083
44272,0.27798400301879567
44273,1.1325395516942196
44274,0.20662454930377508
44275,3.807031399375882
44276,0.310793306006101
44277,0.11837311686622012
44278,0.05246636608556164
44279,0.1028527332081495
44280,0.5649692800360446
44281,0.3390522758207175
44282,1.1995338933311903
44283,2.159711344876211
44284,1.135543640143669
44285,0.6079565903050267
44286,0.11725211231592625
44287,1.039061079541502
44288,0.3178938897822161
44289,2.184553223022651
44290,1.2547700979966752
44291,0.07844588468418971
44292,0.6546188925271652
44293,0.6734810472554202
44294,0.146432608597275
44295,0.43799128137423643
44296,0.9943528361108092
44297,0.04332579728526308
44298,3.7340509504017585
44299,0.2516179896325948
44300,0.3551800936098891
44301,0.15319551311307067
44302,1.2273871352825778
44303,0.10558368250866679
44304,4.15886619100562
44305,3.956482871439967
44306,2.0528167410202687
44307,0.9885932441085548
44308,0.3364464813160781
44309,0.8017233098274672
44310,0.6785044432080959
44311,0.6871764952792516
44312,1.323333983669934
44313,0.3837599121586056
44314,1.1423012708085774
44315,0.7620308772401014
44316,0.6824224055382578
44317,6.677876272109806
44318,0.6488071443112046
44319,0.026557699664491667
44320,0.3036082391022601
44321,2.3756054940841738
44322,1.7834425933905422
44323,3.5400194388756563
44324,0.36130875497376486
44325,0.14231643049827683
44326,0.2843803758591118
44327,1.2111084443555051
44328,1.1409348554545191
44329,2.009506507730207
44330,1.4860622825362173
44331,0.11762287388371045
44332,0.25600076405217287
44333,0.4712306959433995
44334,1.089228546421457
44335,0.34759297314792004
44336,0.23268213874426394
44337,1.3009297875924957
44338,0.10817285416571168
44339,0.5211337897093712
44340,0.5544269537579787
44341,0.2546967471271165
44342,0.8186769649897944
44343,0.03437497896135651
44344,0.8808721486326618
44345,9.096648911264241
44346,0.4611421211561045
44347,0.2552766215117379
44348,0.2437947709800647
44349,1.4965112723390885
44350,1.1709241061059807
44351,3.0255270826679626
44352,0.3448724209681987
44353,2.2733402748585876
44354,0.40425074394931326
44355,0.3320795257839518
44356,0.65540404833336
44357,0.9293750654656646
44358,2.678084648166055
44359,1.7927806755504176
44360,0.08639105330174067
44361,2.8616790765220457
44362,1.4463426279659903
44363,0.8259498918284747
44364,0.7860494527883936
44365,0.17450748672431882
44366,3.633093149356252
44367,1.0428807942944982
44368,0.1408450876799975
44369,0.6426178567244899
44370,3.580418639694299
44371,0.7318817087600341
44372,3.2733009500148147
44373,0.5972777326934179
44374,0.14923464823098775
44375,0.5425912116256246
44376,1.4691585984851372
44377,1.3363010969462523
44378,0.48489315355092977
44379,0.509984735130892
44380,1.1247470387241774
44381,0.8386293646664934
44382,3.0458573385485286
44383,1.6727504434273057
44384,0.6252974751136282
44385,11.941867948127856
44386,11.033109152787787
44387,0.4420946196706299
44388,0.1486048217211314
44389,1.4527631097794702
44390,4.954250686354505
44391,1.941284686827609
44392,0.5872806562889286
44393,1.3792378741983515
44394,0.5594385653222854
44395,0.9659449311855881
44396,0.32377574912606505
44397,0.6778004288778608
44398,1.373477964291016
44399,0.3687927702174164
44400,2.766098043145515
44401,0.4532479537061913
44402,1.1892662387768023
44403,0.3948443479760876
44404,0.32517780851661016
44405,0.781768751319209
44406,1.0985955108054488
44407,0.6273548136832333
44408,0.19261348614541285
44409,0.1611207540646194
44410,3.13029052797412
44411,6.196798842591761
44412,1.5882023918161683
44413,1.3933746854619322
44414,1.7633521462566835
44415,0.37834592303143877
44416,0.21654998445289061
44417,0.40166093352654425
44418,2.0877728356123932
44419,0.7468536750196085
44420,0.2665096356200358
44421,0.42633560375828916
44422,3.282464481652986
44423,1.7262742814797363
44424,0.501829306061447
44425,0.061740436283690144
44426,0.2213005979655875
44427,0.8115238739795257
44428,0.6938859563303796
44429,0.046136564841990337
44430,1.1108248053630447
44431,2.0775317893878626
44432,3.0570357934688954
44433,5.221277990857734
44434,0.14227377406007147
44435,12.130949018808373
44436,1.827212419060306
44437,7.895526994071243
44438,4.7259950250556
44439,0.03891576160889066
44440,0.08737159695637547
44441,1.5498112767438157
44442,1.058816965066049
44443,0.12593498120083524
44444,0.04427430259997391
44445,0.06454534511311896
44446,0.5121546333387301
44447,0.46440191840782397
44448,1.1660617997531781
44449,2.859155370153678
44450,1.6528344333679543
44451,0.5388492637182413
44452,2.3318050870286697
44453,0.9148810541672396
44454,0.2392837048623686
44455,0.843716978143487
44456,0.42107345375641225
44457,0.6975140926668562
44458,0.4266535781592667
44459,1.463826546459941
44460,0.42185818969370914
44461,1.3267867412047165
44462,0.9417952482880282
44463,3.2186823582020327
44464,0.10105393861282985
44465,0.17818140801305388
44466,0.5717031686653178
44467,0.78038984011679
44468,1.1753455797387558
44469,1.146848983098239
44470,3.3218068044901554
44471,0.3440430075184925
44472,0.7468948807029613
44473,2.2472560469273875
44474,3.0914569841316433
44475,0.22742697894236522
44476,0.5490083489787061
44477,1.668620421628467
44478,2.6441330239505083
44479,4.296124483839616
44480,1.227608471929469
44481,1.2456567205976214
44482,1.2485374990360532
44483,0.1492793355813995
44484,13.836349452306601
44485,2.339910361833715
44486,6.4669809082755005
44487,3.459419755034172
44488,0.14586945029894582
44489,0.1280958781636136
44490,1.7957445546409478
44491,3.0736700269626294
44492,0.4212953912911807
44493,0.5591862664892732
44494,0.26725576963385955
44495,0.29165774728865146
44496,0.6189277402524724
44497,0.5041313441936851
44498,0.3741125685178251
44499,0.3298846150362935
44500,0.31068861801526265
44501,0.8594074930453679
44502,1.9458928160939335
44503,1.0855258564129213
44504,1.2338420513035797
44505,1.8243819462661501
44506,2.673153821276641
44507,0.8561753039936523
44508,0.29616424697910304
44509,3.1514183576076915
44510,1.346716501729958
44511,1.7400798102113797
44512,3.375818436998689
44513,0.5754345492040711
44514,2.723712528589623
44515,6.056914890394182
44516,1.7453340689566728
44517,1.5633483015091472
44518,2.148069716781415
44519,0.46268785210346663
44520,0.21586725825769834
44521,0.4769575648287264
44522,0.2904814445604559
44523,0.8782315640294889
44524,5.021319545008793
44525,0.3740871468475083
44526,0.8171339056765963
44527,0.6450467254379572
44528,1.6037483222675948
44529,0.22612974866464228
44530,0.7957388540265082
44531,0.6292089021623737
44532,2.297054553103828
44533,1.2413295705302851
44534,0.6065985688166766
44535,0.09221752767511716
44536,0.724001497972565
44537,0.48584948364092245
44538,0.3561823828933031
44539,0.9752237794208949
44540,0.21443089888829403
44541,0.06288936125130326
44542,3.0685873699860435
44543,0.27034526878563747
44544,1.4430184652724916
44545,3.931915164451757
44546,0.452407865728796
44547,0.47297224374594726
44548,0.1857309462328022
44549,0.8893114605819141
44550,2.022226699144289
44551,3.631526484174189
44552,0.23589136751294237
44553,0.5557358272423307
44554,7.971695570978675
44555,0.4212034683251917
44556,3.4285287080776516
44557,0.5845744042614441
44558,0.30023948985087795
44559,0.5428577584370171
44560,0.5967891265566116
44561,1.0729254082550286
44562,0.27016931791687504
44563,1.6300155062371389
44564,5.801006342474699
44565,2.3933247487355525
44566,0.14433803602164672
44567,0.2226932377572872
44568,0.6183488511023588
44569,0.2365448814702567
44570,0.26897096115271935
44571,1.7679387989919517
44572,0.23960203212464606
44573,1.0103750299659715
44574,4.555479122077889
44575,4.657433643653743
44576,0.7331888912819562
44577,0.9771686355779781
44578,0.08600376041642635
44579,1.6705353413099673
44580,0.25300849568644374
44581,0.700576644371331
44582,0.7406707216113065
44583,1.1756122299408571
44584,0.8712165679748385
44585,0.07732265352428978
44586,1.022241572922735
44587,0.06553273381904527
44588,0.3325119805586966
44589,3.439814117193011
44590,0.20078524546361728
44591,1.5677111649616564
44592,0.23584164541377858
44593,4.016884791422086
44594,0.43472802983439135
44595,0.126915466882211
44596,0.8600450855117058
44597,3.775818509654231
44598,2.338353190143378
44599,0.30967671371576644
44600,0.37236808873629085
44601,0.7528761691889175
44602,0.10847275406702503
44603,0.7676128036588532
44604,2.125845461425027
44605,2.1564333858077736
44606,0.7155006601709554
44607,5.738571833813199
44608,0.21113019596120414
44609,5.495450113523349
44610,3.888629014885263
44611,0.3029601513101285
44612,1.811996783459464
44613,0.42315686657377544
44614,0.5451480674621529
44615,0.4053213264781569
44616,0.14096704120238238
44617,10.909400642507757
44618,0.3936129668685049
44619,0.45820137399964167
44620,0.8058882953185754
44621,4.7625836296295985
44622,3.1677586278677747
44623,5.018345839788455
44624,0.23621804428954482
44625,1.1012851776780208
44626,0.14830248670022084
44627,0.7304227571829466
44628,2.9381887370824793
44629,2.656504041745523
44630,1.353652206112451
44631,0.3956506088742755
44632,8.261902083420198
44633,0.47543726743302017
44634,1.05611475794696
44635,1.007896025127509
44636,0.08058689149559534
44637,0.3470550967218425
44638,0.17842442579526854
44639,0.4692391453097575
44640,0.9006244618612024
44641,0.24508659402031688
44642,0.3029786877043439
44643,0.054640959469244785
44644,1.1723307437236474
44645,0.09614238187052757
44646,0.09014123570973073
44647,0.3273330721414383
44648,1.207137778579369
44649,0.4704102247973947
44650,0.14946577810356257
44651,1.0507142557190892
44652,0.9385663280112707
44653,0.8167422019884754
44654,0.7056572853209324
44655,0.4651412910752484
44656,0.18304034443128409
44657,17.114548861829316
44658,1.119177911213374
44659,0.48915026111786447
44660,0.39616992353777375
44661,0.43404082235603847
44662,1.0098375367213432
44663,2.1953495993578267
44664,0.8214652833456659
44665,0.44655583992347714
44666,0.34484636558497067
44667,1.5557323532555003
44668,1.2565835096660423
44669,0.13574291400621435
44670,1.4553056998900633
44671,3.1530226992623973
44672,0.39695818953491485
44673,1.226605158627748
44674,0.7547197863200144
44675,0.5800633523264268
44676,0.7319493334558513
44677,0.2069331409356422
44678,0.6194264370123107
44679,0.24967071154471684
44680,10.319761195016135
44681,0.7078291739838231
44682,3.03381932736423
44683,0.6065206141769541
44684,0.5263854787038867
44685,0.739185589469701
44686,0.9504486535196452
44687,45.20508364624933
44688,0.7198909432386633
44689,0.848061413824682
44690,0.5996320211277435
44691,2.518800464758169
44692,1.3647583333173299
44693,0.522052161487751
44694,0.9352835886478142
44695,0.16203264919824648
44696,1.1018364599488268
44697,0.9506461260417047
44698,0.33511076545160556
44699,0.6049553275138071
44700,0.3541925844453546
44701,1.1003156927873947
44702,0.0551195048019639
44703,0.31451741360286334
44704,0.6025780571808115
44705,1.8402420773711323
44706,0.18660495604901264
44707,1.7091374123246421
44708,1.3405807953341236
44709,1.728338518903198
44710,0.3186283514277951
44711,0.12003712438471828
44712,1.243593954259609
44713,0.5234110573201726
44714,0.6013520260294928
44715,0.755163791424748
44716,0.24312351157864284
44717,0.2751241263961543
44718,1.0772616685076672
44719,0.039009497134406816
44720,1.0324449091559382
44721,0.6368964543627822
44722,4.025997338737641
44723,0.22881635373946282
44724,1.0143897512515498
44725,1.368676091334521
44726,0.21229988197939947
44727,0.22106278118718417
44728,0.1340179086156925
44729,3.863061236046321
44730,3.822627391319194
44731,0.8187604320158192
44732,0.8674009381130924
44733,3.2100973369204553
44734,0.15587698392143878
44735,0.3143942871955849
44736,1.9386996528751324
44737,0.3683578108781224
44738,0.05580581597115719
44739,0.2751431752446038
44740,0.3845394183091525
44741,0.5929559786618593
44742,2.352973657822613
44743,0.441168816037717
44744,3.3846910272126083
44745,0.09791233612990426
44746,0.33189218602075277
44747,3.407635189219833
44748,1.459700508921138
44749,0.3797012100231979
44750,0.16456645665103853
44751,0.6894580891848379
44752,0.2314191783779414
44753,0.3759271290898697
44754,1.0550312081575983
44755,2.5652027783932754
44756,0.5965834958520914
44757,0.03516463870164879
44758,0.2519052328392134
44759,2.879150034179161
44760,0.5755705336293754
44761,1.7302344368671423
44762,0.42877394202566643
44763,1.6212983064237318
44764,1.3862815388072087
44765,1.6330273716389931
44766,0.5795117567627178
44767,0.056403397688260144
44768,0.27441941331795155
44769,1.2553581747991192
44770,0.3960818160084373
44771,0.6736405721454988
44772,0.6075316675846067
44773,0.6521789386179709
44774,0.14372332339608831
44775,0.5476155344852255
44776,1.442686903640912
44777,0.7645167724997594
44778,3.3864460046035285
44779,0.6554873966233026
44780,2.270473925996666
44781,1.2060763213694845
44782,0.16626708569272938
44783,0.8312512161800041
44784,0.4749910693342569
44785,0.42920335315893704
44786,0.3289722424858155
44787,1.9151789243772752
44788,0.11978705496473557
44789,1.2642967342587375
44790,0.9026226244551678
44791,1.6747795201328226
44792,3.368529813413427
44793,1.540241822406709
44794,1.0026751537958687
44795,0.6618514738010032
44796,0.5645264305975526
44797,1.140018197373073
44798,1.5657853408884959
44799,0.4917133518299454
44800,0.7687544068349663
44801,2.3657793946518324
44802,0.08581688057779796
44803,3.4143349604624995
44804,1.1646477214400581
44805,1.9307353349780387
44806,8.856738036128485
44807,1.0964916561506381
44808,2.225973519808794
44809,0.8538730670909778
44810,0.853031594672821
44811,0.5563304528514346
44812,0.4939000257672956
44813,0.11358773465825178
44814,0.368858600467424
44815,0.19975991100362755
44816,0.4007465223277591
44817,0.05477822326219973
44818,0.13031459299682863
44819,0.07682420411824137
44820,0.40467646920309464
44821,0.09279966984631528
44822,1.158487664551137
44823,0.09364530704987353
44824,0.4323651181409616
44825,1.453898196397983
44826,0.1824904191085542
44827,0.23255245895938537
44828,0.4258624738129642
44829,0.47954807225959795
44830,1.2868542984604159
44831,1.52912296816341
44832,2.328396581337637
44833,2.6405595176559586
44834,1.423199512772702
44835,5.432333301397337
44836,7.983591475987774
44837,2.3409080150911596
44838,1.0643552329792394
44839,0.5751032903496612
44840,0.8140515724995435
44841,0.3867574896331909
44842,0.13181301800995107
44843,0.47432692823516825
44844,0.4391203790140099
44845,0.041590838923690615
44846,0.5384606818375735
44847,0.414285621508581
44848,1.4316336950276944
44849,11.489517704659628
44850,0.2815249100288187
44851,0.09849478675838909
44852,0.15850943464926623
44853,0.5181078820560848
44854,0.2455217624809083
44855,0.7750862865992373
44856,1.2666053746309154
44857,0.017231231006734876
44858,0.2323407448097773
44859,1.4898270004611358
44860,0.05469015776956528
44861,1.187942214029179
44862,2.066928793585114
44863,0.9266746819022049
44864,1.3562571231656007
44865,0.680943589632822
44866,2.7998999687349104
44867,1.759419924786887
44868,0.49138131249303685
44869,0.7980416876095447
44870,0.7489218631626195
44871,0.4502707937218203
44872,1.8518795681031663
44873,3.647098262179263
44874,0.9626000023260228
44875,0.32314618634135206
44876,1.3619789015992634
44877,4.147566128175659
44878,1.6552286712685074
44879,2.294094572157357
44880,0.5659545015866091
44881,0.3641391450001074
44882,1.1093491598768186
44883,1.3447850019202907
44884,1.6382718889847911
44885,0.2042796677391486
44886,2.883493257000597
44887,11.705846177537838
44888,4.306296261745322
44889,0.8111263012443277
44890,0.3216333862951039
44891,0.3631396736286021
44892,0.5309695010830809
44893,0.05586247495872813
44894,5.966367726712396
44895,0.125360190584869
44896,0.09290035920598784
44897,0.5481733105106551
44898,0.33969150865771053
44899,2.4768863269244683
44900,1.3005827277440591
44901,1.0085199203158417
44902,0.06839859960783495
44903,0.7962310550064571
44904,1.6400810799007615
44905,0.8317394823074715
44906,6.0476750402932025
44907,0.6548587391990321
44908,1.8909176743482063
44909,1.3669752032957472
44910,2.0124137966625923
44911,0.11702584889039824
44912,0.9493936107903476
44913,1.0820941555856565
44914,8.739993762415775
44915,1.995302520350184
44916,0.04530125436760655
44917,1.729212342499534
44918,0.7081813807085753
44919,1.122982331038598
44920,1.0203489961266232
44921,0.19175670632880118
44922,0.22768626754765875
44923,0.18919142374790496
44924,0.13519170191310464
44925,0.20310240020308723
44926,1.0326483398278734
44927,0.0634941828825788
44928,3.043975860026418
44929,1.4376957954379135
44930,0.22374685987355075
44931,1.671062540978668
44932,0.8349310313612217
44933,0.7976811334593016
44934,1.0573246186451273
44935,0.5254814241348243
44936,3.3014695291960194
44937,2.3284933072376255
44938,1.6261047370692938
44939,4.2966745783328
44940,0.1017345151358856
44941,0.06013988877543709
44942,0.2585883701078847
44943,2.624488140053866
44944,6.09923710702611
44945,1.4367375548239625
44946,1.2528275255814885
44947,0.37111748227703406
44948,0.5487504289968083
44949,1.476054676345334
44950,0.8929295803812434
44951,0.7735384580766465
44952,1.6258005499714798
44953,1.8780241304375052
44954,3.342095352614114
44955,0.9569915822687973
44956,0.9294535885284418
44957,0.1477166475532675
44958,0.40118000950798033
44959,0.2208564754877531
44960,0.5652908851416237
44961,0.4313346811781576
44962,1.7307290466975496
44963,0.5532266939052785
44964,1.3898036467296486
44965,0.32038268128201447
44966,0.811044158478934
44967,0.95660274462884
44968,0.08949811404222198
44969,0.8549795685598831
44970,0.9919982157883234
44971,0.2162055384811048
44972,1.530572070113533
44973,3.1826635778444383
44974,0.7499014113683892
44975,8.261640998091092
44976,3.077572155495904
44977,0.6050088177295205
44978,0.12148643423990013
44979,1.5338889612676305
44980,0.555125907625565
44981,0.2967247786888835
44982,3.67186869045611
44983,2.3725498627263164
44984,1.203214412959256
44985,0.838237113735257
44986,1.3986270492298183
44987,0.7929712606700248
44988,0.9051946019500954
44989,2.291074786201721
44990,0.2070455592384945
44991,0.4736123457388598
44992,0.5132295421134478
44993,2.584965781347433
44994,1.2125242559275835
44995,0.9843169943026817
44996,0.9319482999606683
44997,0.7926321998882879
44998,1.9289854807694327
44999,0.5870062309952231
45000,0.3298937483594716
45001,0.16819139040852307
45002,0.8529024776014134
45003,0.11075027867914
45004,0.24670665927634639
45005,0.6836107078765101
45006,0.44280263229038935
45007,0.4899777808435869
45008,1.3380374998185938
45009,0.5123031902036903
45010,0.5571488431731202
45011,1.2734838221627554
45012,2.0959173480275086
45013,0.3610480533269523
45014,1.5476213252820872
45015,0.4231682248430126
45016,0.9980020570986761
45017,1.5691264328514185
45018,2.037160283496692
45019,0.31283363346362847
45020,2.324020608570093
45021,0.3628606947582114
45022,0.17790533325745106
45023,1.0696682764084868
45024,0.8135499416187264
45025,0.04363240300929873
45026,2.2802705874323994
45027,2.372055402228751
45028,0.6826086884442201
45029,0.428675186943667
45030,0.42979583014877304
45031,1.1453078108441657
45032,0.8414348417257733
45033,3.349753340672209
45034,1.875263250922328
45035,2.6136997924297356
45036,0.3775600256743184
45037,1.3366946244639928
45038,0.213030829296007
45039,4.55231993504276
45040,8.0562042012513
45041,1.051216342194584
45042,0.5881234503602577
45043,1.6936225774231357
45044,4.9682148803911
45045,2.3335575007716756
45046,0.4359625127620115
45047,0.13318210398863134
45048,1.5868394431329043
45049,0.501186039218872
45050,0.7998691688881642
45051,0.14848994158096207
45052,2.3222115928748375
45053,0.32884586635275914
45054,0.3628788943713384
45055,0.11186441088312382
45056,0.18160648230080148
45057,0.8657730331972594
45058,2.0119246668646564
45059,3.0858300859455574
45060,0.8175552698894681
45061,1.6981216738346294
45062,0.6150341006234826
45063,1.1713941015286033
45064,0.40909219480945835
45065,0.12007753506849231
45066,0.11531581939508996
45067,0.4573311025258846
45068,0.6181163515952909
45069,0.4560207972232008
45070,1.283174917391506
45071,0.9482167851536416
45072,0.5029469897044809
45073,0.1365361113960013
45074,1.330223184648423
45075,1.9334327389584187
45076,1.4029681341680447
45077,0.13166561863967907
45078,1.0364083691508792
45079,0.2726979485353348
45080,0.6154018775913622
45081,0.7720020568609591
45082,0.8200720725233649
45083,0.8185578146426593
45084,0.511557097133017
45085,0.47574819045389455
45086,2.5679989428821868
45087,1.1292522782955152
45088,0.10280557389342529
45089,0.11951758799490772
45090,1.3382882459202459
45091,1.066027550899519
45092,0.10326543930157453
45093,0.5259538397798823
45094,1.7608725840463075
45095,2.2482546103324292
45096,0.9966230021701695
45097,0.061814632215231945
45098,0.6311765620949593
45099,1.699767669347582
45100,0.6225413107631936
45101,1.4263518625836873
45102,3.0824266858835747
45103,0.48048208371148243
45104,1.4280045625141278
45105,4.694710619035356
45106,0.42891688276737194
45107,0.5786153181678877
45108,1.023218832570407
45109,3.935159205122028
45110,1.9439030620833098
45111,0.17285342227266826
45112,0.11516667993289223
45113,0.12124114635409629
45114,0.5933694916973238
45115,1.1357527345524376
45116,0.5287661792653596
45117,0.9602561488804034
45118,0.2799484860863622
45119,0.741256652597272
45120,0.31306636682837147
45121,4.333813661685012
45122,0.9560499986209556
45123,0.8978701740918307
45124,0.7601205972392918
45125,0.5657946108858104
45126,1.476873661599377
45127,2.6577255606116106
45128,1.3695473341973303
45129,0.11695352241693813
45130,5.50066244578496
45131,0.22235957510967358
45132,0.6711350365015928
45133,1.756944545969443
45134,0.8155962030824369
45135,0.14754539616912848
45136,1.5513972875418485
45137,1.8329275369785871
45138,1.1996497677128357
45139,0.8603817342868767
45140,0.8245224841239531
45141,0.15937413984074084
45142,1.2512016755946531
45143,0.30971554025173254
45144,0.15309860756615631
45145,0.0821919695001219
45146,0.9241132707643737
45147,0.8538443672803492
45148,1.5458364847864068
45149,0.368823238144385
45150,2.032179532222306
45151,0.9637832717368651
45152,0.27417183026352127
45153,0.17182804849233493
45154,0.25761204615859173
45155,0.5413567307091176
45156,0.2105150301343986
45157,1.3028160270870883
45158,2.129656110892584
45159,0.675024954449884
45160,0.17263271920443676
45161,2.8982883795239016
45162,2.0492691509372807
45163,5.016912311320259
45164,1.3608510754618681
45165,2.898936146727312
45166,2.619454723101863
45167,0.22086975685747398
45168,0.46898518545196893
45169,14.970761368166553
45170,0.7287005416179372
45171,0.5670170588425576
45172,3.1446950442744814
45173,5.5821564766349345
45174,0.6283375403218031
45175,1.2909342208191357
45176,1.801617581734319
45177,1.5836749380846757
45178,0.0998927694599033
45179,0.6727799921973475
45180,0.2649632824815994
45181,0.19437183784854273
45182,0.14462075899572527
45183,0.4926978377853788
45184,1.5860779291634513
45185,1.0269239045465015
45186,1.2473714796992257
45187,0.6016939677851323
45188,0.2527000375137434
45189,2.0268882272018396
45190,1.3364492503377805
45191,0.5228163135333105
45192,1.8497520980163735
45193,0.8393197502442543
45194,8.587809855429715
45195,0.899458919660743
45196,3.6001618451383
45197,0.8345375139522452
45198,0.6779051233072029
45199,2.4358852712059385
45200,4.164360647400453
45201,0.9547096255229504
45202,0.559287142690569
45203,3.3166307577460055
45204,1.2275504212196366
45205,0.2070301419168734
45206,1.293425265440011
45207,0.5991651562885845
45208,0.8578402093095044
45209,0.3658749747131561
45210,0.8936239191082801
45211,0.5400639890379864
45212,0.559859684702565
45213,1.164769433113222
45214,2.724776272820791
45215,0.33688268534634236
45216,0.4491724166166706
45217,1.2323702748945888
45218,0.626212170727419
45219,0.10806174483104922
45220,0.2962401943975229
45221,0.13403138996060035
45222,0.5637385194952907
45223,6.275046562318576
45224,0.7712604139034696
45225,1.549565510400225
45226,0.13718290806489147
45227,0.9027753873177018
45228,0.14623463789478078
45229,1.2097817808900964
45230,1.0319309321695844
45231,1.1551052880379145
45232,0.31821623281537126
45233,0.9056882073107883
45234,8.176213761784828
45235,0.741260149997482
45236,0.06592436145826973
45237,0.7090331550742937
45238,0.20155513781303758
45239,0.8076693875614427
45240,0.27069649878977364
45241,0.6508174062052298
45242,0.08702315821049232
45243,0.1374534049072612
45244,0.10620073765725326
45245,0.3069465770992636
45246,1.3114213044777363
45247,0.6952549457069392
45248,1.8540042351941504
45249,2.7610879355250493
45250,0.102761006506897
45251,0.053071468292566176
45252,0.10757382990416221
45253,0.13434244740291115
45254,5.24426453285159
45255,0.4186379434976486
45256,1.3860521682788947
45257,0.6362102091531737
45258,0.3860418128248292
45259,1.4644494263347705
45260,0.1473316673140923
45261,0.3253918527616494
45262,8.088433609793839
45263,0.07085063765599893
45264,0.9760489966578534
45265,0.49316212967964085
45266,1.775053354750003
45267,1.2220303591659398
45268,1.6511535823036931
45269,0.39133838147494043
45270,0.646014199840402
45271,0.1522823213449233
45272,1.2843118693871927
45273,4.860616989693919
45274,3.9864771085798543
45275,1.4035551590243378
45276,1.6540309292451716
45277,0.3497589546681272
45278,0.4750482651978342
45279,0.28953859757714157
45280,0.7268307108644917
45281,0.26335291880468703
45282,1.409900920535313
45283,0.3546412741190352
45284,0.5427385512782366
45285,0.21530691925494821
45286,1.0899072075811458
45287,1.0528509306717018
45288,0.22477458686171292
45289,0.6972868690739289
45290,0.3504037834873745
45291,0.1293050056141683
45292,2.832855514446786
45293,0.3390456934290065
45294,3.1586977143309247
45295,3.0440659907635412
45296,0.6196993826468029
45297,0.5090906651435821
45298,0.06452555301291256
45299,0.4264724015465048
45300,4.397671205874902
45301,0.6218356156963484
45302,1.451498658922926
45303,0.6606073804742248
45304,0.2379876364868194
45305,0.4786151013364473
45306,2.0523591953290743
45307,8.359255574642043
45308,0.6367357238175848
45309,0.06972188599822045
45310,0.2789456644541554
45311,0.4481924808511294
45312,0.03455422142809159
45313,0.12422800873324685
45314,0.955115941028179
45315,0.5971909536740584
45316,2.193005395597643
45317,0.5660085005004017
45318,0.5103684478589922
45319,0.1929067817618393
45320,0.15797982437556204
45321,0.5891169562111986
45322,0.24990118322096144
45323,0.1892771821586347
45324,0.29314482712443585
45325,0.46246993918023344
45326,1.1424608073568725
45327,1.8798969930539209
45328,0.2050824536789162
45329,3.2563177571807937
45330,0.26935563867366275
45331,0.7739714402783525
45332,0.3531155402049356
45333,1.7946580126131546
45334,0.5392591941263761
45335,1.5588448019435437
45336,2.272212368622342
45337,0.25459438725356565
45338,0.5730326393880667
45339,0.36727273435272406
45340,0.3612784882187431
45341,0.16005776851386294
45342,0.522715682199589
45343,0.2920298541184557
45344,0.6027231670902402
45345,1.1146650566451155
45346,11.30069156136018
45347,0.6035912535120437
45348,1.671989959007916
45349,0.34447097606341825
45350,0.138704464003774
45351,3.186884905252909
45352,0.7534244377097986
45353,1.0791999464038815
45354,0.24125995322776636
45355,0.9265004543904272
45356,0.1821401893715362
45357,0.4901263535763979
45358,1.988009923206256
45359,0.5857507199714556
45360,0.2883565345680554
45361,0.49137569374215817
45362,1.0406986773200373
45363,0.6777409943919758
45364,4.406801955281215
45365,0.4290869789181729
45366,2.1702759372120752
45367,0.9309683439710399
45368,2.6160097789706835
45369,3.1070626696512478
45370,2.9697628156422113
45371,0.2848926431572791
45372,1.1907497446314061
45373,0.33928379342544185
45374,6.648318875337834
45375,0.8375569750685541
45376,0.7234895820158348
45377,8.579424799512877
45378,0.812494514964527
45379,0.36849210322516485
45380,0.32887863291769576
45381,0.17463830994004473
45382,0.7409936946410485
45383,0.37348809413741396
45384,0.23305762686147743
45385,0.2520124000017642
45386,0.33872399149420895
45387,0.07123298688603204
45388,0.2387580222974629
45389,1.1296696040753316
45390,0.16715852873580492
45391,0.20572075383558858
45392,2.00610518772232
45393,0.4705565074526264
45394,0.1405953549772101
45395,2.3586037850985258
45396,0.9709384001426271
45397,2.778588868513448
45398,0.2889039539130451
45399,1.3164627466260879
45400,0.20203681611296265
45401,1.057272417679107
45402,1.9714146558736012
45403,0.28295678116232237
45404,1.5814212424556766
45405,0.6624942595685497
45406,0.8573794470541098
45407,0.4001597802600734
45408,1.055950834374745
45409,0.21015318242093542
45410,0.3799857092652318
45411,0.3707995683695566
45412,0.4592030289766792
45413,2.167319681916691
45414,27.3206078932018
45415,1.0502054204763887
45416,0.16379766733746196
45417,0.039955309053196636
45418,1.1016301694422168
45419,1.6846532223532096
45420,0.1329295271509399
45421,0.6595881041880395
45422,1.7845438675810845
45423,0.38665231402133177
45424,0.055998845771811474
45425,4.560306085906972
45426,0.5751749945659946
45427,1.1693485196642512
45428,3.053891880843919
45429,1.1642934271798708
45430,0.6031983305347131
45431,0.9892940549210845
45432,0.10768703170924335
45433,0.1261480004835508
45434,1.8492006697630328
45435,0.44678673264517516
45436,7.386564234559441
45437,0.5100184521555653
45438,1.1490282936025746
45439,0.16993837982084087
45440,0.3501987043135551
45441,0.7500945499721778
45442,0.2984927126459376
45443,0.4783998234015225
45444,3.224590524522932
45445,0.7837104122999213
45446,0.7458848801544014
45447,1.540142048018813
45448,1.425076415549382
45449,1.312775874782414
45450,1.940502862571705
45451,0.5081003614423885
45452,3.493403190885981
45453,0.9596212183246403
45454,1.443545145812627
45455,0.6340957734981504
45456,1.032272452730508
45457,0.22342184235694432
45458,0.41130829957186993
45459,0.26626493013714825
45460,2.9321208079873258
45461,0.09449405507504295
45462,0.042843898631349936
45463,2.8899098050535685
45464,1.191713902540287
45465,1.3521671737763055
45466,0.2679995804521215
45467,0.21592575429963812
45468,0.045186741413866506
45469,0.7649501022169044
45470,1.4361384319867552
45471,0.05149213162623082
45472,0.9176782711072994
45473,1.2259700570468437
45474,0.5041580246265818
45475,3.0528210693348066
45476,0.32215505921017235
45477,0.41365255560486813
45478,0.5507385839045555
45479,1.3530997251443948
45480,1.465810422546383
45481,0.9302565582142877
45482,0.21594811395050517
45483,1.6437038814380789
45484,2.3632894137421294
45485,1.8787876966010941
45486,0.07579431029210736
45487,0.26336094229883406
45488,0.06499426455776004
45489,1.4250028573240605
45490,0.37253403951185643
45491,0.16380702907019815
45492,0.4637036519751623
45493,0.33923074429204586
45494,1.6902217014833838
45495,0.12877402523471612
45496,0.5034509532666934
45497,1.0774559747963688
45498,1.7270142023029724
45499,1.0475225853609644
45500,0.4117913385064226
45501,0.38143655960227346
45502,2.0099778538143322
45503,1.0347256185368578
45504,0.30420696493002697
45505,1.1396550437658668
45506,0.1756586990758524
45507,0.40922252005526927
45508,1.0391467824038378
45509,2.0862834521002904
45510,0.8464039728301163
45511,2.1300191731088516
45512,3.3576785089043413
45513,1.350876094109693
45514,0.24228034595628498
45515,1.3259447618707778
45516,0.2790591830902163
45517,12.247290027030356
45518,0.5193498190404207
45519,0.9739414607291437
45520,0.08619647156395377
45521,0.7327454436893802
45522,2.673526568315641
45523,0.3112431647285067
45524,0.16267800587424458
45525,0.43972439628838395
45526,0.21363191912768517
45527,1.0796626751764387
45528,6.19410017770533
45529,2.077906047800103
45530,2.0332614431055096
45531,2.817079974673673
45532,0.45262660157224865
45533,0.9717877632683016
45534,5.90625721424214
45535,0.7803332173506491
45536,0.29285814917361314
45537,0.898847433869615
45538,1.951400089191567
45539,1.2321650149125782
45540,0.3838475717708526
45541,1.3048805934474184
45542,0.7689533891311293
45543,2.6839004862429925
45544,0.6045427979764688
45545,1.179552748067671
45546,0.4569479636921134
45547,1.4217086250487008
45548,0.0409526225867706
45549,0.3096508818510492
45550,0.5330072938269476
45551,0.31431783545908093
45552,0.48664242309781797
45553,0.8020086531410651
45554,0.18312181736257765
45555,0.16751154138127455
45556,1.2290506451353418
45557,2.949272688770236
45558,1.909584831948681
45559,2.4483284841534902
45560,2.1580433396741254
45561,2.107065841000353
45562,4.4502328003352565
45563,0.6415426797846047
45564,0.05665881922933858
45565,0.5059163954544073
45566,0.20036374426296102
45567,1.6012005848534876
45568,0.8484644581897842
45569,0.3313401130374558
45570,1.4285388619537827
45571,1.043943602271644
45572,3.49670035649299
45573,3.2921429651418985
45574,1.3555924014620893
45575,1.9744764572930562
45576,0.5289066939330715
45577,0.6801729628242541
45578,1.0819492158712074
45579,5.0723313679742
45580,0.6365541654734082
45581,1.4800695933352663
45582,0.8122675541281824
45583,0.5576859019878635
45584,7.548103338938426
45585,6.369912703939534
45586,1.2736064464006618
45587,0.5951848017977188
45588,2.572935015576342
45589,2.895932510529208
45590,1.478449199000006
45591,0.12304136336672702
45592,0.7097648060846504
45593,2.4832617787010243
45594,0.4165946081780798
45595,1.4409030502936457
45596,0.11502000880202874
45597,1.8090085083874738
45598,0.41831700940290223
45599,0.533438771342892
45600,0.3862049504427675
45601,5.569906710221599
45602,0.12397822937380681
45603,0.1867494199152565
45604,0.6011939152101013
45605,2.2008387486574135
45606,0.6650404610491196
45607,0.3753797009700825
45608,0.7959798222853198
45609,0.1802117271095534
45610,1.695405873949048
45611,0.43032861218002466
45612,0.7691755463696199
45613,4.105511919759706
45614,0.22066655470856436
45615,0.5523781698250018
45616,0.1311714959007012
45617,0.5347394543456313
45618,0.11443411946895182
45619,4.995198347431473
45620,0.4917329404201596
45621,0.461929225804201
45622,1.3739775180805078
45623,0.39956926531265624
45624,0.7914108263078424
45625,0.7313562755344958
45626,0.17836303750032578
45627,5.510490253843649
45628,1.2096347162225896
45629,0.20169319636591226
45630,0.3945523217439495
45631,5.5067853743772925
45632,0.23955014726772955
45633,0.8861672597961787
45634,1.52482543378518
45635,0.33621760555233376
45636,0.6605042419135435
45637,4.1106875918131776
45638,0.4762769662258157
45639,0.2748037032625795
45640,0.6072448657533057
45641,0.5359362465380326
45642,1.1047230768753922
45643,3.0441103400426313
45644,3.6001838056072115
45645,0.07034361114167055
45646,1.0377124583002488
45647,0.09982800200637788
45648,1.3117298979344865
45649,2.972004626146673
45650,3.1794452663008403
45651,4.68113546739812
45652,1.084546243239296
45653,1.5622631125620259
45654,1.937669001428892
45655,1.2342794701802082
45656,0.5439715613375022
45657,2.920589769306179
45658,2.8342594570943813
45659,1.6226710196364096
45660,0.4061375510329196
45661,0.3141988617300358
45662,0.9584994502644583
45663,0.7151147507657439
45664,0.3301856051705497
45665,0.4778838949365172
45666,0.31150915847940974
45667,1.9917390103054478
45668,3.7795373818930647
45669,2.3743292549689627
45670,0.14272387718662896
45671,0.2682840954360174
45672,0.328951164291813
45673,2.4038086009544823
45674,2.3087704104310354
45675,0.29030884411776003
45676,1.3006416770070313
45677,2.682373377064028
45678,0.9203459472370573
45679,1.138860086996451
45680,1.8538027073911791
45681,2.1541770839036873
45682,0.24879473880816888
45683,0.7488192896647556
45684,0.7524693846977568
45685,0.14085993146029385
45686,0.3173377401136473
45687,1.784805483184039
45688,0.4514769319288041
45689,2.432135040942895
45690,0.40333666753495145
45691,0.342971538534239
45692,0.6891351502621151
45693,0.6383622765436102
45694,1.1541840381106852
45695,0.4887460149014032
45696,1.2352263981193121
45697,0.0840940734872589
45698,2.2265251024030204
45699,0.376472986205559
45700,0.4196936741311021
45701,0.9447294583007977
45702,0.7366570126660732
45703,1.2620426063466559
45704,2.419821875889791
45705,1.8227818718156898
45706,2.194915793797193
45707,0.4901452017834306
45708,0.37604280610326984
45709,0.301382636215284
45710,2.8883391557149745
45711,2.45937644412563
45712,1.0048753226368778
45713,3.349451355706851
45714,0.2897168933926088
45715,0.4441938071627324
45716,3.456108732273279
45717,0.038940268897535796
45718,3.160805553488596
45719,0.2092277194623456
45720,0.3637751604163151
45721,4.331446405283944
45722,0.5547747953879097
45723,0.5327737609913229
45724,0.35002658170310125
45725,3.430398875299367
45726,0.7669809642079016
45727,0.12636669634454847
45728,0.9142089066107237
45729,0.2739458016368591
45730,0.27920534565694877
45731,0.8565285575835406
45732,0.5640029053595113
45733,2.017429094799614
45734,0.9322855971497717
45735,0.27404241194366713
45736,5.010488428246537
45737,4.865251949321063
45738,0.3188912210038717
45739,1.015032507257985
45740,4.1362847528029825
45741,1.8765434855675682
45742,0.5974425522829545
45743,1.1877652191374812
45744,0.6996859999086883
45745,1.3370482842999443
45746,0.36369519546721396
45747,1.0125700066513768
45748,0.8751396043719601
45749,0.1863783709130576
45750,0.32882755584828555
45751,1.25420361285231
45752,0.4073222770020432
45753,0.8550564744637847
45754,1.864383331258467
45755,2.3505400387028557
45756,0.3879412780098814
45757,1.3031921852129256
45758,0.07807469624791395
45759,0.13666230427217133
45760,0.2493129621871327
45761,5.764463908118051
45762,0.4897353638820451
45763,0.05180176788741023
45764,1.82301380196576
45765,5.274847078860982
45766,0.7514385460701496
45767,0.7877191568354398
45768,8.860571085313735
45769,0.9934899792773958
45770,1.725421871342693
45771,0.9639694921967734
45772,1.4956489263105868
45773,0.37158940605474683
45774,0.22096454275021704
45775,3.1481238492097328
45776,0.5503952480563771
45777,0.9417755166328692
45778,0.39186416759099507
45779,0.04133175886201096
45780,0.28667841275564077
45781,5.585563773815726
45782,0.45599909972891106
45783,0.6964832757551831
45784,0.5187221830344582
45785,6.597194017065
45786,0.33085679522725236
45787,1.2211217154696152
45788,0.3431762054917324
45789,1.3307686841756758
45790,1.2989700340425194
45791,0.22637454595345713
45792,0.7673172127261207
45793,3.9660095712918806
45794,0.11663816962704829
45795,2.9083061816570934
45796,0.36766180742193283
45797,0.5679252814403424
45798,0.11562380720927383
45799,1.767407200076517
45800,0.1323289991793829
45801,0.47418730904184636
45802,0.06762309998129866
45803,8.785237446196808
45804,5.3071834938402604
45805,2.2231027639653242
45806,0.3638924929349455
45807,0.2557646436696678
45808,0.6651078895232898
45809,0.37108621307341566
45810,0.9082129204316475
45811,0.7142700739547357
45812,2.261061162744673
45813,0.2508059521790964
45814,0.30199979481948086
45815,2.1944406287311558
45816,0.8882537498216972
45817,0.7333689423308702
45818,2.0529448915780346
45819,0.2439951205584533
45820,0.8558466746753494
45821,7.527635790021304
45822,0.5557942427302811
45823,0.2166853098561434
45824,1.060085293893614
45825,3.9247178856457934
45826,0.8257802223386843
45827,2.735001751780578
45828,0.043120914184479164
45829,1.0619519824025756
45830,1.3250115836497116
45831,3.30540957626201
45832,2.1009010523955363
45833,3.8559354044972443
45834,1.2400374391287965
45835,0.9734951750163374
45836,0.2372877959854739
45837,3.74632750488271
45838,0.6198540422633174
45839,1.415273652046615
45840,0.6303524007973722
45841,0.5867527492339808
45842,0.7724373503882411
45843,1.415517698449201
45844,0.6286319978526931
45845,3.6326722000657985
45846,3.3222022784623984
45847,0.43748704317566267
45848,1.7508772007168285
45849,0.5849506984846237
45850,0.36471701861159433
45851,1.1912562275771168
45852,0.609187245819862
45853,0.1334167572571876
45854,5.341040133535798
45855,2.4611158098792414
45856,0.828269274793233
45857,0.2637634354666935
45858,1.1752504652342708
45859,0.07601759430914654
45860,0.3201044528753878
45861,4.092281297561004
45862,3.998600113469845
45863,0.29999410121737596
45864,0.3618071339407222
45865,2.4089067853822805
45866,5.624954583829641
45867,0.38337487444248197
45868,1.2030211777800375
45869,1.029063055069586
45870,0.8334649024584064
45871,1.8375053935250516
45872,1.927146715062672
45873,0.29655294186564346
45874,1.0521947634472912
45875,0.612505253820723
45876,1.505266568176226
45877,0.5977108325320963
45878,0.7273043219160416
45879,2.1847967577368155
45880,0.32211356454515006
45881,1.4760713873065718
45882,4.48482925386273
45883,0.10493839835093567
45884,0.9410061256846421
45885,1.1689192409967506
45886,0.8688784157292992
45887,0.5886627252642669
45888,3.8949062446954796
45889,0.3899559631309645
45890,4.5112316648814526
45891,4.674867945180357
45892,1.0262173942658939
45893,0.15807318177493762
45894,0.26411661325958696
45895,2.5045369819376173
45896,0.548621677572458
45897,1.303858032189439
45898,0.6603683810007067
45899,4.476266489267394
45900,0.6906136696160035
45901,0.39437739195809635
45902,0.6015311667297875
45903,0.967103633258171
45904,0.5525485599549217
45905,2.446082727148826
45906,1.9904174255415779
45907,1.0836208259239912
45908,0.7265892785187438
45909,1.4513129572865044
45910,1.0478804355245201
45911,0.12702724161707168
45912,0.3721602116430508
45913,0.3435516787011743
45914,20.246375662420327
45915,0.10461949714218396
45916,0.14085201491659252
45917,2.2428096332772007
45918,0.44445359150075453
45919,1.4394640386945619
45920,0.288755073111943
45921,1.9435160348775435
45922,0.20715192355161152
45923,0.32841148823651095
45924,0.6559960259702715
45925,2.536112343948806
45926,6.198053837626952
45927,0.6253758318736098
45928,0.5038791209583235
45929,1.8500438038585252
45930,0.25996762084943476
45931,0.7086232164040454
45932,1.0434173780138907
45933,0.3978499308431378
45934,0.2513927632260477
45935,0.6410572786275729
45936,0.8826029567851645
45937,0.29335392318034886
45938,3.389608086547269
45939,0.9998134864857018
45940,0.09689275677263395
45941,1.3405741582687878
45942,0.33951441926312564
45943,0.2265766521259937
45944,0.21542119371730734
45945,0.7062043333298544
45946,3.389436060392464
45947,0.6486866309421253
45948,1.5848940982072828
45949,0.8723654775623126
45950,0.47161646370574495
45951,0.08435614608604239
45952,1.8705036057942055
45953,0.30018427427100536
45954,2.472119070074138
45955,0.28783671610642364
45956,0.8335190591068239
45957,0.0558337741340775
45958,0.30223938879575857
45959,2.0722103824230578
45960,0.6808876449509494
45961,0.9505273182282463
45962,0.7059759931658459
45963,1.5549866116589985
45964,1.695096166405201
45965,2.3548389536883367
45966,3.202158138152509
45967,5.091592187057817
45968,1.8532587578327828
45969,1.7646364608486989
45970,3.147209588123579
45971,1.4825068345613486
45972,4.695868060119888
45973,1.3318619624941173
45974,0.8696613468166459
45975,0.346623735369735
45976,3.853987656925799
45977,0.18454259877686707
45978,1.7198052359757565
45979,0.9929411774971639
45980,0.4523302117599469
45981,0.18562872085373028
45982,0.15298907106695026
45983,0.10067320018281406
45984,1.1212514021780438
45985,0.11495571826744679
45986,0.6868405133069664
45987,0.34129455863688074
45988,0.703298712438842
45989,2.373676460794091
45990,0.4666321998484665
45991,2.4503181012437345
45992,0.7362561239064329
45993,0.27834681128191185
45994,0.07734072031853849
45995,1.310727734828413
45996,0.1163168942150901
45997,0.07609670195845641
45998,0.3164066301853474
45999,9.90308924108371
46000,2.9527244757331124
46001,1.3678661113186952
46002,0.7177313864383034
46003,1.7687277350713615
46004,0.1305861822950587
46005,0.4741911824333611
46006,0.4401946400072538
46007,0.23880956294006053
46008,0.17011013398036393
46009,0.22080324671354856
46010,1.263566809872906
46011,1.6615337435217765
46012,0.09453928320943017
46013,0.41288560476205965
46014,0.46165046295404555
46015,1.2617982633964067
46016,0.21557699702529182
46017,1.237890036808739
46018,1.6880505896316356
46019,0.5033897378568191
46020,0.4682432929840512
46021,0.5755182454467903
46022,0.7368738408181394
46023,0.5021193126659373
46024,3.6295441047835113
46025,0.2628673597040282
46026,1.1933201832103246
46027,0.5721874641894386
46028,1.1543848517219693
46029,0.6157247715108823
46030,0.9479292095145402
46031,2.3690503276067583
46032,0.7231738986548015
46033,0.38490882053631564
46034,0.046683003989372064
46035,0.0824009630555705
46036,0.14912939399962577
46037,0.44193704874672546
46038,5.242304884412924
46039,1.2071129409462777
46040,1.4891131027568154
46041,0.4794651893169821
46042,1.03604851920056
46043,1.1473039254807422
46044,0.6861738422192506
46045,4.468442378339383
46046,0.5278803881767337
46047,0.41962858596647745
46048,3.323358575260836
46049,0.6923272723475403
46050,2.4043880416030796
46051,1.6544079752716077
46052,1.002270356809311
46053,0.7394543901616777
46054,7.246270047340666
46055,0.28115536715422496
46056,0.31187750184474744
46057,0.2463683518021584
46058,1.575677138349526
46059,0.2780995685815826
46060,0.12786758675422935
46061,2.019157961778503
46062,0.08252951399545444
46063,1.3783237782870823
46064,2.193882123476298
46065,0.2764802339959683
46066,0.7444424292807374
46067,1.6591483860403373
46068,2.0683236712837902
46069,1.1126609863901278
46070,0.3219643317170481
46071,2.437210372149124
46072,0.2500982249253253
46073,1.9550663860597735
46074,0.8359608448794916
46075,2.0374376594089556
46076,0.6138876426928013
46077,2.748202329574342
46078,1.6020082630218146
46079,1.5613131854762956
46080,0.42684892675153874
46081,1.2504999177655836
46082,2.624244544893339
46083,4.073146632198503
46084,1.7978896372837503
46085,0.5523653409635908
46086,1.0553180854716093
46087,3.262915124787899
46088,0.3900107540284927
46089,0.6166852944662681
46090,1.135134167227336
46091,0.03448570086754898
46092,0.33033289523731235
46093,0.251858742767018
46094,2.7394512832117734
46095,0.29354647962751007
46096,0.5286556292272335
46097,0.24018635334316
46098,0.7165635299486487
46099,0.3573242744558124
46100,0.8836753890965205
46101,1.3359972161831801
46102,0.26521025874730614
46103,529.8671119707312
46104,0.8262022144737965
46105,1.0177846696584423
46106,1.503981681170696
46107,1.0593372710191966
46108,0.2469859925917459
46109,1.8006427884778573
46110,0.2585734626599271
46111,0.9851825078925318
46112,3.0078621927867095
46113,0.8587036880039502
46114,0.572451134031323
46115,1.5535204876467605
46116,0.4097957570643902
46117,0.6019918185809829
46118,1.8721300491298292
46119,1.7382359314976088
46120,0.146210445116235
46121,2.273686126792851
46122,0.5736153318532548
46123,0.29436821442140293
46124,0.32547278573156674
46125,0.47153325561704823
46126,0.2530794865349187
46127,0.5524363293971889
46128,0.4953046675807109
46129,1.5902338152118816
46130,0.5199636285699276
46131,2.3228374190166585
46132,0.3402415795242957
46133,1.0203323761292813
46134,0.4267027637977761
46135,1.0618720470137393
46136,0.8682615005892049
46137,1.3987593040360653
46138,0.0914683931058097
46139,0.1727921132402304
46140,0.4788242663927586
46141,2.829743788770436
46142,0.13595082651237347
46143,0.33889623040203953
46144,2.4976894079808796
46145,0.19086920637435373
46146,2.7142700722995308
46147,1.8909169755796456
46148,0.23398233413382277
46149,1.43831040342469
46150,0.7751602487235579
46151,0.921532735105493
46152,0.6033395296497693
46153,0.9523434742539043
46154,0.18311694083905833
46155,0.4763521288117463
46156,0.5239676377022706
46157,16.09348617781659
46158,0.28270447122030845
46159,1.8212905610731331
46160,0.5089139136597307
46161,0.9648761067242537
46162,2.496736950770903
46163,1.6281177757669518
46164,1.5552735589358122
46165,0.3869935254551043
46166,0.23085211293973404
46167,0.12128118591339629
46168,0.12076656652593239
46169,1.4476533106579526
46170,0.7978320072936944
46171,1.8025012361724864
46172,0.4484327205365899
46173,3.1451796608462708
46174,2.170217098602393
46175,1.0918105096117072
46176,0.08315505102799689
46177,0.8112862047148117
46178,0.1715663938997294
46179,0.26623486380396505
46180,1.4306918204707348
46181,0.5198837570605767
46182,0.6026140420335828
46183,1.5548458599880388
46184,0.8329997910365377
46185,0.06824725962138105
46186,0.517900955000535
46187,5.689757192243356
46188,0.12166503647149976
46189,1.6522966778002035
46190,0.12685734811431082
46191,1.6763980932645985
46192,1.6114800265868983
46193,0.2723050379930254
46194,0.3096879752693493
46195,3.7804332061802586
46196,0.26839272823162297
46197,0.26022512766406614
46198,0.2112280201810698
46199,0.6375838811952644
46200,0.9883586598016498
46201,0.3826097147147385
46202,1.5781217233801432
46203,0.5506941757503735
46204,0.55778398018998
46205,0.3576378251459544
46206,1.219530852859434
46207,0.6006288227815205
46208,3.0090029243453738
46209,0.35575283862401974
46210,2.9435496821565272
46211,1.9202536279378528
46212,0.1793192581760224
46213,0.21806610915004035
46214,1.2025437887530972
46215,0.6287100389121354
46216,0.9572640407050086
46217,1.3058180470985188
46218,0.18961077751757913
46219,1.8392625713846757
46220,0.965158074535569
46221,1.2329392408660047
46222,4.903631538718038
46223,0.10435869196334381
46224,1.39215278848305
46225,0.09182620801338386
46226,7.590214385167824
46227,0.21445993841652475
46228,2.0672365557099206
46229,0.13385560198261015
46230,0.7119714513601272
46231,0.47081467810295796
46232,0.44355454582239034
46233,0.4134950237097203
46234,0.4010808842230976
46235,0.12867338065074996
46236,0.17277235404978417
46237,2.6134762518418717
46238,2.073173083911745
46239,0.8719723629374474
46240,1.8456154187020073
46241,0.8511145754110153
46242,1.4050244775146947
46243,0.9014367461815266
46244,3.014056706392129
46245,0.5745827861939012
46246,0.7844298940450188
46247,0.7731388756728016
46248,2.6497389176519626
46249,0.6754691450045293
46250,0.43959173014912206
46251,0.1182555059414322
46252,2.9151447067764664
46253,0.6377589581700454
46254,1.292552669684489
46255,0.49014636736840866
46256,0.7039442651633029
46257,0.44081569711724977
46258,0.944645271962591
46259,1.0692629931560944
46260,0.6615387470499046
46261,0.7787189123972553
46262,0.21760887841977403
46263,1.2492687469747348
46264,0.7822546832560755
46265,0.3932269793804604
46266,0.06034317129253049
46267,0.9378063232484347
46268,0.1496943027793742
46269,0.4401570938534751
46270,0.8489708268140079
46271,0.33455205027048524
46272,11.32958000006485
46273,0.07793321387172161
46274,4.481890348628301
46275,2.619125187520266
46276,2.335492638756429
46277,2.794045082952352
46278,0.5434438704551431
46279,1.0657094245980268
46280,1.1363520976319714
46281,0.6245772498997814
46282,0.25017906309131527
46283,1.465346949130359
46284,0.5378556471877611
46285,0.4094078581265088
46286,0.2915983675928993
46287,2.594493388410971
46288,0.16718686887837111
46289,0.07905437385270994
46290,0.04180935269949317
46291,0.25600413948231443
46292,1.4605246196347716
46293,1.0844259634258104
46294,16.12159651526771
46295,0.196631432677767
46296,0.4062813808585168
46297,0.44260945928460627
46298,13.951810433252268
46299,1.4553717402905204
46300,1.4164313946785065
46301,0.689804802958334
46302,0.1917204866290365
46303,6.869968821087003
46304,0.7360513428321894
46305,0.27687849224551625
46306,0.4398843260356811
46307,0.13214141899868398
46308,0.3649477835683983
46309,1.9238698253090414
46310,3.297956487183912
46311,0.44411818200373654
46312,0.029826868157813748
46313,0.6826264695028529
46314,1.533281511615476
46315,0.566483724994744
46316,0.5544858756782884
46317,0.45180689045190187
46318,1.5057915063581415
46319,1.4688720147225163
46320,0.6833975039380638
46321,2.6176036057745193
46322,3.042432890192249
46323,3.7369831527179005
46324,2.2011948618743378
46325,0.9005199096182714
46326,3.790164556186819
46327,2.1822531204220694
46328,0.2689342901536025
46329,0.5718607691326963
46330,0.11912215588005481
46331,0.463442059447582
46332,0.63567326322211
46333,2.6150398978547416
46334,3.9936346566504137
46335,6.070367637567357
46336,0.07934444106799941
46337,5.114045439219332
46338,1.2397109127026888
46339,1.8136083632794833
46340,0.4330653804803138
46341,1.1092584869379365
46342,2.0217829603220294
46343,7.588771626379466
46344,3.635804377730595
46345,0.14148224254080788
46346,0.39248723230848115
46347,0.6547811937452469
46348,0.0782980726412979
46349,0.04041853517223819
46350,0.6795397643349761
46351,1.063777511953597
46352,0.6576331951062836
46353,0.13533042652103905
46354,0.24807009766634147
46355,3.008737220819786
46356,0.5859263807073267
46357,2.778759121870003
46358,0.33298164244881834
46359,0.26378939239756677
46360,0.06084944025815827
46361,0.5659903229051249
46362,0.17589488850049395
46363,0.045652819233991594
46364,1.8269476615563907
46365,0.8628162445619572
46366,1.8274827378809964
46367,1.3111118135305808
46368,1.6384810432520922
46369,2.9985574637475634
46370,0.4103863089173442
46371,0.9728172444874731
46372,0.5035126822636392
46373,0.6630535387282733
46374,0.2583343131724831
46375,1.1781712747133761
46376,2.8796923678065007
46377,0.47579524863000455
46378,1.4994333358611553
46379,1.2067274383281148
46380,0.902208305536029
46381,0.999838593477547
46382,0.8597737325437782
46383,0.5370627684257526
46384,0.8268194109089163
46385,0.38323204340929734
46386,0.32514134589050675
46387,0.25378099406594246
46388,0.9465176814963647
46389,4.502530635516241
46390,0.489708922191973
46391,0.19758158894106828
46392,0.09518530769684222
46393,2.621196893519308
46394,0.655842301085538
46395,0.729033596880511
46396,1.087019282414873
46397,0.18740611256482992
46398,0.1298836259131661
46399,0.30946619535794795
46400,1.2448139951569681
46401,1.0236763463217904
46402,1.545246988550458
46403,1.071690872168599
46404,2.614800347591616
46405,300.19994838230815
46406,0.31119986630844704
46407,3.0480933948461186
46408,0.9245608881628742
46409,1.6223088277203472
46410,1.4262922189917655
46411,0.24096378583981395
46412,0.360607516565305
46413,1.7667274122963006
46414,4.276998196868774
46415,0.11321975811507541
46416,0.7454701627359023
46417,0.4752969953204934
46418,1.6310988255380552
46419,0.5635550352248299
46420,0.5308923297988543
46421,0.8778073726946878
46422,0.1812379096783389
46423,1.1569675422455878
46424,0.10815933699161656
46425,2.171803143488543
46426,1.288093981977357
46427,0.5919881300684804
46428,1.3200226795230532
46429,0.7405932143813996
46430,3.2706871722657493
46431,0.7199584107971659
46432,0.8006870495817584
46433,0.9389459320612707
46434,0.328407975296546
46435,2.0520949606090326
46436,1.1696243767990375
46437,4.995788992001263
46438,1.7473292367598663
46439,0.13653904468862368
46440,3.5436768258689373
46441,0.33073567840663093
46442,0.8615746982375045
46443,1.926945405265047
46444,0.9861594338522519
46445,0.8254137365896587
46446,0.2787394346865874
46447,2.5104911837150663
46448,2.866054444903509
46449,1.5729398704647535
46450,1.2161694855517635
46451,4.524515091903649
46452,0.6986262474553268
46453,0.8900041476635546
46454,0.06105863579225841
46455,2.118296106642255
46456,0.6111462085622194
46457,2.5816175871120497
46458,0.16509273602153196
46459,0.5041250827323678
46460,1.1170109302434972
46461,0.42855712182634903
46462,0.147129304676382
46463,0.9221360377863155
46464,0.6941797542485136
46465,0.3937911408371673
46466,4.421593326439393
46467,1.713178251036929
46468,0.6153287225485453
46469,0.11874915640151273
46470,0.5173370800198556
46471,2.6501411625964924
46472,0.19514922849848368
46473,1.6467697296769388
46474,0.7725898483680347
46475,0.9583273127900801
46476,0.5336453696083616
46477,1.7893805694646137
46478,4.37175811514523
46479,0.0767061960936505
46480,0.23985457834427326
46481,1.5671298836253813
46482,0.11776693482070466
46483,3.5127021668364806
46484,0.898625451294423
46485,4.714552410488651
46486,5.021358748681877
46487,0.15896451780823856
46488,2.273277552738055
46489,1.2176542415598146
46490,2.974409668517571
46491,0.5739372838198277
46492,2.015054084940986
46493,0.5113862065844876
46494,0.24236832760454935
46495,0.3442936766628378
46496,0.6672927572920343
46497,0.43460408101379455
46498,8.651795160479999
46499,0.042148254232468985
46500,0.0835810345672802
46501,1.3567642119540084
46502,0.6844040114864096
46503,0.6315272581233293
46504,1.1311856502160171
46505,2.2834370495485112
46506,0.648902775681495
46507,0.5213196059631903
46508,0.6146221677008269
46509,0.4366074285763847
46510,0.6929290236529704
46511,2.008507766233397
46512,0.13003707885908006
46513,0.42800615174493023
46514,0.7165004029644471
46515,0.33566999383864454
46516,4.832602341798353
46517,0.33725716784696513
46518,2.4016489589219328
46519,0.5234543804814601
46520,3.389341920566816
46521,1.0131079648576788
46522,0.657495104838739
46523,0.17286323777801182
46524,0.6848936298170047
46525,1.950539313604707
46526,0.3934538206889435
46527,1.9197199669684593
46528,1.7179702453423595
46529,7.669081458708534
46530,1.6861952338450354
46531,0.37798765053076344
46532,0.16797507537390965
46533,2.9376196461420303
46534,2.065273725981905
46535,1.1169701754103818
46536,1.1989530424394113
46537,0.7444287767639256
46538,0.244172484932951
46539,0.17537002471121227
46540,0.3934262384394364
46541,0.9182577330899153
46542,0.1502350585160944
46543,2.4942917294452607
46544,0.1629469129299353
46545,1.1209695417862235
46546,7.716786258354569
46547,1.3267380521389314
46548,0.9180781451091887
46549,0.5499496048496441
46550,0.5794800408280922
46551,0.08896379026891638
46552,0.415926749477847
46553,0.541696917999443
46554,1.1918633782907104
46555,0.23139040315275122
46556,2.2735925453837793
46557,0.6879669712579052
46558,0.7494106137132224
46559,7.011787517713878
46560,0.7067466186630106
46561,1.5155689574192672
46562,0.6543694959124167
46563,0.7742784721249851
46564,0.5996928174957235
46565,0.2610339771222628
46566,0.1565384076940963
46567,0.48755151336445424
46568,0.23245256004863632
46569,1.312894671890944
46570,2.0060348141312043
46571,0.9884067468598501
46572,0.8752530173723644
46573,0.38433811584820093
46574,0.540485179404214
46575,0.2532041589826938
46576,0.2842450539414469
46577,0.46323442507373125
46578,1.5395118416857334
46579,1.7865428059655077
46580,0.7111645312525434
46581,0.09412539534826297
46582,0.06883214280822389
46583,0.36823886889085145
46584,0.23765940623034906
46585,1.2752561440705301
46586,0.5320286604307204
46587,0.09885920961690908
46588,1.9991230948811334
46589,0.303459023303994
46590,1.1382359181386243
46591,0.21626624932667812
46592,0.1623208569272348
46593,0.6395237465276843
46594,2.247979194085028
46595,1.005476138018219
46596,0.7683682560235334
46597,0.194270581171032
46598,2.525393499469919
46599,0.18179247164753412
46600,2.8081528275910514
46601,0.6124466321861561
46602,0.1965111095795302
46603,0.38939434631439945
46604,0.1820428751280484
46605,3.3589675097325764
46606,2.929664985960052
46607,6.535455895855306
46608,0.3405734777479744
46609,0.08146053364134023
46610,1.8537940769225387
46611,0.04934530203712277
46612,1.0845644987240848
46613,1.6312246967040926
46614,0.23921893318627233
46615,1.2292706389067152
46616,0.6828839859542218
46617,0.5841092246783594
46618,1.5404636138111707
46619,1.008423661926557
46620,0.40207695714721225
46621,0.9674175876373162
46622,2.7844648256334548
46623,0.5815508437064012
46624,1.607077134938146
46625,3.8488919448590635
46626,1.7416816410666902
46627,0.43346337968436605
46628,1.9976766852591086
46629,0.34481073920851035
46630,0.30940323515572815
46631,0.49415151192321977
46632,2.7508724814897514
46633,2.4754377274368395
46634,0.6649011134073328
46635,0.22522337026030137
46636,0.382537190107405
46637,1.1034488801212374
46638,1.416931213521368
46639,0.1577163745250524
46640,4.692127435100453
46641,1.2342386845149262
46642,0.11465831016025235
46643,1.4969501946236772
46644,1.3074328018619468
46645,0.37106936449091565
46646,0.3879733721593833
46647,0.32910156901807835
46648,2.477050516864232
46649,0.34589489649492866
46650,0.6577489135787975
46651,0.08261070802557287
46652,0.5782009619506093
46653,0.608085870404405
46654,0.5617790144901668
46655,3.0372605774918986
46656,0.22855248965372937
46657,0.43676223481764276
46658,0.23333303413491757
46659,0.6974402693585553
46660,1.113296996965512
46661,0.5908110371470979
46662,0.23166092254437343
46663,3.670241070531146
46664,0.14638761396511354
46665,0.26521172485673006
46666,0.23815056390153908
46667,0.8847076107607319
46668,0.09473198012008922
46669,0.5161170090001302
46670,0.4399608719659301
46671,3.430482995479183
46672,0.17277046403346918
46673,0.4599355882375765
46674,0.9048003505301986
46675,0.661997953129417
46676,0.5513120843820472
46677,0.225064669605192
46678,1.6569766945503581
46679,1.0439909741111773
46680,216.83215522978605
46681,2.891541340854046
46682,1.0142871045587536
46683,1.1048107447363322
46684,0.6647087200797945
46685,0.35785968584788913
46686,0.33224048353144203
46687,2.1632526316041663
46688,1.4169897622884502
46689,0.061472180115315786
46690,0.5766452707481472
46691,0.534490219372077
46692,0.6707789755923773
46693,1.911697024131589
46694,0.7251477322483972
46695,2.425425869460488
46696,1.3470064640047368
46697,0.18407424031644778
46698,0.7281643384625559
46699,1.9972679052962408
46700,0.06789611528417148
46701,0.17676498598760781
46702,0.13768037533958802
46703,0.1529114262691908
46704,0.33574614136581316
46705,0.11651194912924787
46706,1.9724055777358585
46707,1.5023112847100257
46708,1.0173137453635681
46709,2.761642621174846
46710,0.9719054750285726
46711,5.1130719775376265
46712,3.0588963909500926
46713,3.122547144877456
46714,0.3321770258190625
46715,0.27712791920122665
46716,0.11670155472529425
46717,0.36009368306493234
46718,2.1231735240333167
46719,0.3569832202611644
46720,1.2391845609380825
46721,0.9298583928487669
46722,1.1183812347872546
46723,2.540660033064296
46724,0.32167307616281615
46725,0.8088943628266148
46726,1.72584053385806
46727,3.4565941319688394
46728,0.24335655247681254
46729,0.9146256326522454
46730,0.29227308681930125
46731,0.3815557438536434
46732,0.03861147223930216
46733,1.0118563744606024
46734,0.12598364430203304
46735,1.2343222357373882
46736,2.9811243946865478
46737,1.9318570472369823
46738,0.7356854781816782
46739,1.073433324774906
46740,1.5215548812697999
46741,0.28470223133850986
46742,0.6508907325736667
46743,10.920713150727078
46744,2.400934831846614
46745,0.06880914531045591
46746,0.3401247363278219
46747,0.5192464455430729
46748,2.508061450555828
46749,0.2964236276814515
46750,0.3506727875534372
46751,0.8316838333947115
46752,1.2351439214177344
46753,0.2822597484463748
46754,0.8631104675258836
46755,1.8995459221112738
46756,0.2515159726176677
46757,0.12935647383495308
46758,1.4541513454617279
46759,0.573528061200513
46760,0.4043520919954992
46761,0.43430816046742526
46762,1.3487198393716686
46763,0.738876595065568
46764,0.3611967882594684
46765,1.069319354276626
46766,2.1567518572658386
46767,0.2545454787040629
46768,0.6719862668040476
46769,0.42710266953005516
46770,0.7204659166507854
46771,0.07903032762286655
46772,0.6142025350965554
46773,0.7295651959455898
46774,2.4793595668082924
46775,1.1889529505941285
46776,1.2327438199251093
46777,0.7668176689267726
46778,0.4439255835640625
46779,1.3627232869052444
46780,0.16782292467564863
46781,1.3083088950138728
46782,0.27995967937224336
46783,1.6404952778695374
46784,0.0790376720158849
46785,1.2300568863361254
46786,3.9719184794222477
46787,0.8640415246751767
46788,3.8704226184561303
46789,0.28513903963977133
46790,2.951303667129743
46791,2.4350213089137416
46792,0.8430929764283553
46793,1.7208529337072442
46794,0.6319744838752154
46795,2.0301832525601577
46796,0.5460773204276861
46797,0.5621859144845692
46798,0.264903287021285
46799,0.2958571063464749
46800,2.5457830254588085
46801,1.233059026664252
46802,0.18250700593970232
46803,1.0192310909804956
46804,1.6587998837252191
46805,0.41706854362192614
46806,0.29638336442545965
46807,0.12092570776839272
46808,0.05938315288017281
46809,0.19890503211433708
46810,0.9470228927561714
46811,1.129543032495223
46812,0.274417634048656
46813,0.6099764735152708
46814,0.6958280128004093
46815,8.611293124392278
46816,3.445128530072531
46817,1.8455485512292402
46818,3.017832396201444
46819,1.9661859180976151
46820,0.11543562387572649
46821,0.6102341531703959
46822,0.5153118470975862
46823,1.1241588527959663
46824,3.0528295533725736
46825,3.6600587076635946
46826,4.430363596922341
46827,1.5549425745706258
46828,0.7849389812491072
46829,38.3539625559628
46830,0.41492698786102694
46831,5.360620708477403
46832,1.3191019442682306
46833,1.8697027871758973
46834,0.9167628697701988
46835,1.4760767965596053
46836,0.697880446377922
46837,1.5233931649690193
46838,9.987579315439742
46839,2.577611571763293
46840,0.9421679531909032
46841,0.6680194611691792
46842,0.90767337389312
46843,1.3559284688739577
46844,0.29834055470171633
46845,1.3261020344603505
46846,1.5954380586468728
46847,2.479941709580802
46848,0.7626533090549323
46849,0.18651217114185656
46850,0.023407946302829073
46851,1.613191173949812
46852,0.8899653730285111
46853,0.31491640026625906
46854,1.6670283242441113
46855,0.21483390697006394
46856,2.742148345436269
46857,3.259575505011019
46858,0.20334735401424336
46859,1.5322580754830737
46860,2.7971063807437444
46861,0.23756672669104617
46862,0.183712105761647
46863,0.6619962276553546
46864,2.4731835577136017
46865,2.2603312360242933
46866,1.9678094220460438
46867,0.6110431052253422
46868,0.6759903594404019
46869,1.6074201582542762
46870,0.13814340350048274
46871,1.2061711098389587
46872,0.0719153814340883
46873,1.6835662559812234
46874,0.8361615912418258
46875,0.3963261230048423
46876,1.5108407574336002
46877,1.1181954366930216
46878,2.166974402528886
46879,5.589193765916684
46880,0.7074013610693028
46881,0.17664697876064583
46882,0.3152025691813893
46883,0.5880514327385007
46884,1.7022900380260078
46885,0.775246113361755
46886,0.5035976776734413
46887,2.7612116333584864
46888,0.6429789997473119
46889,1.1138574854488903
46890,0.22405161981709054
46891,0.3206357536103075
46892,0.38608305888404526
46893,0.4037073981319863
46894,0.39430370026245687
46895,0.1005625230800598
46896,0.8727851767246786
46897,2.4628820775236617
46898,3.8051113607268188
46899,0.6601983297124845
46900,0.9182709102256534
46901,0.7775544194153043
46902,1.1120184534797313
46903,0.09422816397730092
46904,0.42561663905723074
46905,2.512807566351551
46906,0.2506660258098733
46907,9.932394813878581
46908,0.2204809883635437
46909,0.38987171185216585
46910,0.19685051449463778
46911,0.33716268871753274
46912,0.2583337112961204
46913,0.26700342912947145
46914,2.3063169378978494
46915,0.23320322857379663
46916,0.16113835025807238
46917,0.791470427010858
46918,0.36783993097452783
46919,1.9409725362285406
46920,0.5380162030152246
46921,1.4397059481392067
46922,1.1303269656018422
46923,0.08950834519162981
46924,0.05891170829139736
46925,3.285080502925855
46926,1.3120667401630228
46927,1.2403338174121799
46928,0.37607560523028793
46929,0.8294761304186488
46930,1.2149473644155162
46931,0.049232705009326104
46932,0.17674744278470383
46933,0.28569777484586734
46934,0.08005063972238181
46935,0.6890913702503136
46936,0.3473607960590825
46937,0.30291754748232425
46938,0.045157827786105116
46939,0.40662819519784815
46940,1.412791821290677
46941,0.9659689949902864
46942,0.7647843138035942
46943,2.3795174450472505
46944,0.3686273611797583
46945,3.075016981975043
46946,0.34258129526752357
46947,6.215663652878722
46948,2.934546641909645
46949,1.71983326678049
46950,2.870270895056338
46951,1.2467809010441089
46952,0.08949883833007134
46953,0.18032516639331683
46954,0.962100475158548
46955,2.400472500268961
46956,14.110513858555883
46957,0.21764493343469488
46958,0.4772988177439162
46959,0.9063041806904862
46960,1.3100529996149448
46961,0.25632277986596835
46962,15.371389755988954
46963,0.9486028001634335
46964,1.1584836184187037
46965,1.0468160323709592
46966,2.580444299695514
46967,0.6984035316633157
46968,1.0209209836864201
46969,0.7999328987165001
46970,0.2502012046731452
46971,3.706969715107417
46972,1.4840708642835536
46973,0.8812280297957649
46974,0.5502804167690221
46975,1.9517653813108191
46976,0.43481819722652093
46977,1.5440183935194203
46978,0.6345804187250651
46979,2.65911034252375
46980,1.0118750045710079
46981,0.32343169260610216
46982,0.29745753753668686
46983,1.5993775678649285
46984,0.030913971758972744
46985,0.8944058865917984
46986,0.9994877358932794
46987,2.114627946198435
46988,5.298454155330155
46989,0.2700600441616169
46990,0.8664826890181033
46991,0.6335357180625518
46992,1.7704689153586186
46993,0.2534334451566907
46994,1.676508729509439
46995,1.4905237968167635
46996,1.68334712292579
46997,2.2731791051123635
46998,1.3286263132310991
46999,0.5578517965693113
47000,0.7320770116243702
47001,0.3761329667036648
47002,0.17277954237830404
47003,0.8633518980363132
47004,0.5393054364436257
47005,1.1486933105886619
47006,0.24080508968070774
47007,0.20306392200723752
47008,0.6767650174675607
47009,0.8386929955827029
47010,1.1877633742893166
47011,0.24343884778750574
47012,1.9270603391761711
47013,3.7153057612659053
47014,0.48911476159707556
47015,0.6967634533730257
47016,0.6278819795430007
47017,1.6523077259399463
47018,0.845864689297644
47019,0.12295507015109541
47020,0.26919801721301834
47021,0.6403984191421425
47022,0.5866841311963955
47023,2.804798333974354
47024,0.3927064035651554
47025,3.257201995611598
47026,2.033207776852809
47027,1.8630422606798855
47028,0.7844572106286078
47029,0.408841722655441
47030,0.8590420848358364
47031,3.137358387095506
47032,0.7942483592121415
47033,0.4955920494383568
47034,0.12135944169579284
47035,0.8603870889656425
47036,0.8104629664232587
47037,0.5369392505288615
47038,3.1104226342745975
47039,0.2925741219947998
47040,0.5457639478209648
47041,0.3119326897341559
47042,0.7927537020106911
47043,0.6059094342820934
47044,0.1926127693457392
47045,0.6537985365714818
47046,0.3845547836985801
47047,2.5794097044098527
47048,0.8949133620766903
47049,1.6345356365812114
47050,0.4332274526182437
47051,1.5669708826324997
47052,0.9501288388734379
47053,4.590634423503196
47054,0.4240092085003204
47055,0.9844048456758757
47056,0.7879756632287258
47057,1.700979888214112
47058,5.195961036759637
47059,0.7017869585111487
47060,3.004010067491873
47061,0.4038923199379171
47062,0.4097570803637672
47063,0.07295429302645759
47064,1.7918601245934502
47065,0.4843151134700829
47066,1.5938629955394052
47067,2.5870259014226256
47068,0.4687830848653636
47069,1.2371255445499523
47070,0.3311057896611029
47071,0.8832065075030313
47072,0.08704493812961012
47073,1.7505907938832017
47074,4.810572952254206
47075,1.192337216903042
47076,0.45568167089842543
47077,0.9363526903395643
47078,0.4437170160742217
47079,0.5198919255166249
47080,2.9601793389561766
47081,1.0131111950947629
47082,0.23333395082955047
47083,0.24859933311690977
47084,3.1057468444179386
47085,0.8887695120285302
47086,0.2858308759666472
47087,2.1679719348417343
47088,1.204657708016349
47089,0.7861523618343582
47090,0.13054165125649086
47091,1.3430625451438594
47092,2.2392043539201683
47093,0.3883778587313812
47094,0.5419391169101129
47095,1.714058669621859
47096,0.7653514482804088
47097,4.037588953810224
47098,0.968346409794071
47099,3.6988587524474905
47100,0.09348577726318481
47101,1.3749481707232905
47102,0.30408633848682937
47103,0.05734629861148768
47104,0.9066081162339179
47105,0.3313988940925089
47106,1.4490203678914442
47107,0.8353541095096365
47108,2.135747843409982
47109,0.50168768395242
47110,1.8839918591470584
47111,0.13897604464785596
47112,0.07945077998849051
47113,1.6408020138934167
47114,0.8861873883326206
47115,0.982195274182281
47116,1.3968611049028619
47117,1.825237683761999
47118,0.4922132785874116
47119,0.3341934939422858
47120,0.21332104907545762
47121,5.307928446662215
47122,1.2714585250608121
47123,1.463516688026448
47124,0.1964528966166676
47125,3.9594723598235633
47126,1.3311855774897725
47127,0.6961364212234896
47128,1.53488735079502
47129,0.08749314402028774
47130,0.07478740897956884
47131,0.8098862769256907
47132,1.331601527559317
47133,3.9828534505283892
47134,0.24411806856585944
47135,3.7555507128449754
47136,1.8108986534515263
47137,1.1144338214040366
47138,0.19451716580648765
47139,0.45809628665934926
47140,3.5574153813186102
47141,0.9410722809184688
47142,0.15793945103952184
47143,0.16164269343651183
47144,0.8819598462515484
47145,0.4368526226646961
47146,0.8454853558847532
47147,0.7367717103732785
47148,0.6268824546993396
47149,1.1362648490926317
47150,2.6695859985091213
47151,0.5776599712415126
47152,1.7500513316021298
47153,0.7508123753360803
47154,4.696103572760075
47155,1.575157671345572
47156,0.14635990682389516
47157,0.9756612542800287
47158,0.8486687173915024
47159,0.9937945302657609
47160,0.85744782119259
47161,0.2313492777322633
47162,2.7480520467433522
47163,0.2977206485875986
47164,0.8095555860770794
47165,0.13736492541306278
47166,0.0360883628858211
47167,2.109586223108793
47168,1.6223091313634845
47169,0.3578982960998813
47170,0.4867457899764593
47171,0.9743036416464916
47172,0.5160218473951649
47173,63.03297149422084
47174,0.9849915608748718
47175,0.5329235597695021
47176,0.4984748469665887
47177,0.9167778442388135
47178,0.5528010638378515
47179,0.09067142585573212
47180,0.29175316493778014
47181,0.7346009764203154
47182,2.168318245480473
47183,1.5042259678904186
47184,0.7969835258649077
47185,0.678494645017387
47186,0.06741873962179143
47187,1.1600080827808743
47188,0.1929945601772028
47189,0.3761981082578697
47190,0.15783125009933288
47191,2.13893614347209
47192,1.935375477443913
47193,0.3558670413457884
47194,0.6226931713175775
47195,0.07689094487850788
47196,0.45027897341042805
47197,1.5817144768289473
47198,2.065392489569704
47199,1.00105504276044
47200,0.3194170524119008
47201,0.9899125788789295
47202,0.3948034303995263
47203,2.9724736960539953
47204,2.6040723129296137
47205,0.6752373429882756
47206,25.613308244397505
47207,0.7213609907613304
47208,0.47761342662670503
47209,0.9250756074882087
47210,0.7818454987574205
47211,3.058256795041623
47212,1.4038552930164583
47213,0.3513272961305121
47214,0.545857979474631
47215,0.09569319669459384
47216,0.2962061641737773
47217,0.3074472517587297
47218,0.12118974147659387
47219,7.286912736067636
47220,0.08678576092852343
47221,0.26368708602478746
47222,0.2833330557908798
47223,1.3716815661714286
47224,0.7578326898505199
47225,0.45711721185159176
47226,1.6930269091782952
47227,1.2714885710036643
47228,1.4101333561196492
47229,0.07842416215850628
47230,1.2716049037731096
47231,0.27256747141436216
47232,0.14911690384348555
47233,1.763538539828347
47234,0.07591799785234138
47235,1.971782346828248
47236,0.16271454446068015
47237,1.6870966989095542
47238,0.26969756982599963
47239,3.4602111141116745
47240,0.21638190264226126
47241,0.43437292259367066
47242,0.43359166939575494
47243,1.2243034339922643
47244,0.39459329973199914
47245,0.5033145310199709
47246,3.628582919573671
47247,2.5818686804235136
47248,0.40004811703194865
47249,1.1686076657404982
47250,0.11769102454706255
47251,0.3987165581436055
47252,2.3328241919288293
47253,0.23024981632703428
47254,0.24977189269255826
47255,2.0098816836551334
47256,0.7921269182414683
47257,0.5312085475785439
47258,0.3246247116206574
47259,0.7053168589110694
47260,1.564913234619273
47261,0.5380312213423861
47262,0.3960350128121311
47263,7.052524151856928
47264,0.2502883732565832
47265,0.26617125331515834
47266,0.2639489360118837
47267,0.9954658994494894
47268,0.09236205116702376
47269,2.2268945036184116
47270,0.3254684516080754
47271,0.08378351522003645
47272,2.068698823521753
47273,0.5768166450652745
47274,0.7454017189949026
47275,3.258142636806633
47276,1.158600193557281
47277,0.32414226533580676
47278,0.6956212486184282
47279,0.30941740789777195
47280,0.707802542032084
47281,0.28863362328161535
47282,0.934216580510822
47283,0.7590821230412559
47284,0.3757987315919314
47285,0.4638775175937116
47286,0.380939982085418
47287,2.4482599901983244
47288,0.2912011537934983
47289,0.8284236474492552
47290,0.5813122490999254
47291,1.0020893192391298
47292,0.21609581230708186
47293,0.4829289719463959
47294,0.09955898430244821
47295,3.1278550821416973
47296,1.014805301703276
47297,1.1081095396843095
47298,0.4342403607826295
47299,1.8834107781104128
47300,2.417701491743542
47301,1.883881338767786
47302,0.24713482515814603
47303,5.269838159706389
47304,1.7889007996983732
47305,4.4875262961649485
47306,0.7478302504547356
47307,1.0088881945048667
47308,1.0269851364089073
47309,0.603984439456595
47310,0.2452531320570482
47311,0.1719590744842101
47312,0.9101417437365475
47313,0.12289858737556031
47314,1.6929841195025754
47315,3.340749614274723
47316,0.04573878505286931
47317,1.060566800685864
47318,0.8463663629063765
47319,3.0351902319480444
47320,3.0022408143418278
47321,4.38462973978644
47322,2.369659106693379
47323,0.44083286036714764
47324,2.0441221792764512
47325,0.7455924158229258
47326,0.5276124504782036
47327,0.3715848362235987
47328,0.2880859939110893
47329,0.19051473534655738
47330,0.539011598260452
47331,1.980590464264361
47332,1.3558878893057178
47333,2.2380298936321865
47334,0.9986024769383022
47335,0.12189808305116497
47336,0.3163284959827031
47337,3.4194626277621847
47338,1.3590348460687574
47339,1.0806886592844676
47340,0.1509804719840473
47341,1.0806238965426944
47342,1.9371969898848647
47343,0.5860218559378335
47344,0.12714436847581395
47345,0.15047173519025175
47346,3.2247316260431558
47347,0.06906795565358702
47348,1.2789616559340502
47349,2.437142684938999
47350,0.16151591634774148
47351,0.11302779745943964
47352,0.6690278982768093
47353,0.884360136160375
47354,0.35083363164758924
47355,0.5739045218570511
47356,0.04698246904228409
47357,4.262204488735693
47358,6.0895001418479575
47359,1.1865188712150263
47360,3.6392932476067212
47361,0.6492125876703291
47362,2.9317451393636107
47363,1.7518399075978905
47364,1.0451916528193927
47365,2.644463522392956
47366,0.42352589062663476
47367,1.0880047284058774
47368,0.07049162789989107
47369,0.5321442670013131
47370,0.4686917388884573
47371,0.1927330458448896
47372,0.6054558857395634
47373,1.6308003925021786
47374,0.3673567962820817
47375,0.655962727221791
47376,1.7985588182775945
47377,1.0095140839041432
47378,1.3374458708829837
47379,0.5166507171818463
47380,1.0074224575912245
47381,0.4939546065655423
47382,0.1491070027395331
47383,1.0282183178209907
47384,0.9308685818823772
47385,0.21619021232498217
47386,1.1589045039356356
47387,1.4517646474502908
47388,0.5748620145452965
47389,0.8265500255784131
47390,1.6491212413704455
47391,1.7355621968427428
47392,1.46324491619642
47393,0.49525733371277747
47394,1.252329969516379
47395,0.26719368266015797
47396,2.8756053388093137
47397,0.4656480555808459
47398,0.5763139635557248
47399,0.3068747723169492
47400,0.5958444131245574
47401,0.8115683091625814
47402,0.2699818790787648
47403,1.0567071605597953
47404,0.5329332538163356
47405,0.31727176824250386
47406,0.04432187816272327
47407,0.434856390594336
47408,8.76550939408035
47409,0.48776509054731354
47410,3.615350349948339
47411,0.3607960740050935
47412,0.18207125045968775
47413,0.2532593396116228
47414,0.1523027778128908
47415,2.742259897264277
47416,0.6766004469907807
47417,1.4089144941339322
47418,0.12923545408186102
47419,0.6093046847445994
47420,0.30622641535241707
47421,0.3319355517974124
47422,2.165998608302119
47423,0.2633467251474173
47424,0.4500152165269554
47425,1.2357318365311987
47426,4.6977232212632485
47427,0.7789678946929957
47428,0.0792838152166907
47429,1.363070162135387
47430,0.5112838310036227
47431,0.908117626617816
47432,3.751893923342768
47433,1.005892608754462
47434,0.9125911320015268
47435,0.2073461264710674
47436,1.6762194565776138
47437,5.396565535419157
47438,1.213898095192038
47439,2.2882169602316025
47440,0.3253603921836026
47441,0.26887638053959195
47442,0.11215364607356464
47443,0.35656440791862254
47444,0.2713002116194487
47445,0.14787373922239502
47446,1.5810604893758702
47447,13.454497700152702
47448,0.12439902278426836
47449,0.18002509306028358
47450,0.38600176710400347
47451,1.5853307808900465
47452,3.1077829524617995
47453,2.316644445823849
47454,0.7675019845436706
47455,1.0862681089186081
47456,0.9022718817765865
47457,0.8179271703278751
47458,0.25676745189660827
47459,0.46710809088053507
47460,1.711600519739297
47461,2.1076997654177436
47462,0.883482626935913
47463,3.0145455960136944
47464,1.1317561530640299
47465,0.6822026403631871
47466,0.8381361579185569
47467,1.259656062909277
47468,1.5017024956996128
47469,1.9069046367542282
47470,0.38144414826802914
47471,1.5398425038368782
47472,0.5120062596592506
47473,0.7194100767833626
47474,1.3218515216811368
47475,0.02078627471205205
47476,2.713172216449308
47477,2.614540231481916
47478,0.35047267927408887
47479,3.0960748934870344
47480,1.1886155922393138
47481,0.1303861408024251
47482,0.2897333506236665
47483,2.54781090024514
47484,2.295522318317942
47485,0.2491409083531731
47486,0.934572198545079
47487,0.17512755956633472
47488,0.7598340661686149
47489,0.07244222129441581
47490,3.124143525952093
47491,0.07870735558005039
47492,2.3276256716169486
47493,0.14400281300400944
47494,0.18903515240674323
47495,0.9259147343176016
47496,0.8109967749441802
47497,0.358831599894417
47498,0.1243514727380046
47499,2.8893508359336635
47500,0.38060252889827995
47501,1.7854574752273913
47502,2.6981113098750114
47503,0.39710671890895044
47504,2.611230857043011
47505,0.24145806999167227
47506,0.6778905101646625
47507,3.700554562926254
47508,1.3832473839554933
47509,1.7317655297935795
47510,0.41561896206030763
47511,1.7584250694583325
47512,1.0528198474343482
47513,0.0747235147352962
47514,1.3472023658886476
47515,1.4145048022572462
47516,0.0971661807124686
47517,0.24521677550911303
47518,1.7515260977818763
47519,0.5538980396121126
47520,0.29784703278024166
47521,0.10335515837890205
47522,1.078683008639792
47523,3.8536085427519353
47524,1.4649136220587968
47525,0.1294748505106454
47526,0.3054458892400955
47527,1.0277368380369407
47528,2.180737008804188
47529,0.3117742596980333
47530,0.5888878449163625
47531,0.23970127488996615
47532,0.5063281061614316
47533,1.6892472929925217
47534,3.111178637513828
47535,4.224328031909345
47536,1.0201452945519134
47537,1.776503928061861
47538,1.131026058618511
47539,0.4034468970354491
47540,0.39832424310126024
47541,0.2969211768760442
47542,0.11906377581691294
47543,2.1993194334154094
47544,0.3379425078522183
47545,1.0724502254954311
47546,0.28267154503519065
47547,1.5963585990264073
47548,1.0241804327395518
47549,0.14611556614314447
47550,0.3040519935965226
47551,0.28162779775831487
47552,0.9857039204114382
47553,0.1170273942134684
47554,0.27463321353394743
47555,0.6253798807621924
47556,0.3236939895439234
47557,1.0053560787214926
47558,0.42227432109613405
47559,1.295321824729432
47560,1.7951012026755238
47561,0.4496817323785455
47562,2.8870791002928593
47563,2.8250042244139735
47564,0.25982109083946914
47565,0.4059562966078004
47566,1.4187888800024673
47567,1.5304444066795986
47568,0.16017798472819214
47569,2.670444006929174
47570,0.24467719570173782
47571,1.4187221523268314
47572,1.034002849238474
47573,0.42685969497366494
47574,0.6033617773447854
47575,0.6126586534277731
47576,0.7778077085283047
47577,0.3075332147504814
47578,0.08618493739162104
47579,0.2775636384279433
47580,0.510265089330869
47581,0.47907308446923985
47582,0.5434094532089561
47583,4.078103419919966
47584,0.25947542712720184
47585,0.08873129166035922
47586,2.428342540178411
47587,0.31323630479370396
47588,2.5413073402102935
47589,1.1757633154424607
47590,2.001890228421759
47591,7.722796091142108
47592,2.1510083445266224
47593,1.308810416460025
47594,0.959685627417836
47595,0.5211728344405071
47596,0.7045706891625311
47597,2.0176413834330402
47598,2.2466832132332373
47599,0.5346613176796939
47600,3.4810411726868966
47601,0.08014968227106443
47602,4.9970566774554
47603,0.19274516649384335
47604,4.335028148827755
47605,0.1450906255768895
47606,0.4344516473950739
47607,1.1543945426502282
47608,0.6558048168094741
47609,0.38804107942892707
47610,1.66827941712623
47611,1.6979905947844842
47612,0.7625406099221225
47613,0.8534072093426739
47614,0.20829463706818838
47615,0.31932294428564695
47616,1.1995027470349293
47617,1.0296092984675764
47618,0.41463026645666246
47619,0.325881059954312
47620,0.33408727851496395
47621,0.817376370732158
47622,2.63008382990233
47623,0.31795759572303894
47624,0.10569334341746506
47625,0.1618776873972533
47626,0.8150065537741731
47627,1.230027077280614
47628,1.141292561687197
47629,0.08343020412144732
47630,1.7835714230458677
47631,1.3156565630942052
47632,0.9649086294024789
47633,0.36044801586825886
47634,0.3855138740008595
47635,0.6416584102252932
47636,1.7538534706166464
47637,4.528105828663922
47638,0.7992830945974281
47639,0.9950567227773117
47640,0.5061676467727576
47641,0.3824962524817006
47642,0.4157436252340114
47643,0.19576057486297785
47644,0.5560576608000083
47645,2.0921840596699113
47646,0.09261436504208645
47647,0.6594316871490762
47648,1.2743408584518037
47649,0.12743554107143062
47650,1.5078448667912498
47651,0.9194536596461789
47652,2.8215455171126584
47653,0.4238552402818341
47654,0.35559741750120955
47655,1.0394603132450932
47656,0.04733581640455102
47657,0.29018234159269674
47658,0.5584635635608702
47659,1.6162973027927696
47660,0.5505281799827582
47661,0.553946460369687
47662,1.0843473503830467
47663,0.7672796063763493
47664,1.0607908117364147
47665,1.3300581163208665
47666,0.5985117983244683
47667,1.6688940467276723
47668,0.09461881188242621
47669,0.4153503429226059
47670,0.1509505267973903
47671,0.10690747231737383
47672,0.2880151442943386
47673,1.0507759851879124
47674,1.247607118685775
47675,2.2831968664899733
47676,1.1278676848968385
47677,3.0463162443101606
47678,0.14295138391261164
47679,0.5742559347315247
47680,1.484715006936593
47681,0.2595098343544254
47682,1.096503162317128
47683,0.08307585637420456
47684,0.4437889484160079
47685,1.3836427393212942
47686,0.394704382397417
47687,0.6884982615047993
47688,0.2876681551612744
47689,0.060141929728347435
47690,0.19324762705555995
47691,0.4601851311097199
47692,0.9438025442039806
47693,0.04483339088050755
47694,0.07215799805010781
47695,1.9180134295423368
47696,1.015826173232155
47697,1.1821693593155624
47698,0.44869204884441427
47699,1.2038756993620323
47700,2.419891524597144
47701,2.967682989018153
47702,0.17295815727044364
47703,1.6529657840236294
47704,1.41836838237385
47705,1.3368046653940504
47706,2.980168239439273
47707,0.744071347720709
47708,0.513681951052359
47709,1.0039202280272959
47710,0.2291380653029879
47711,0.2590471427911724
47712,1.091231283242407
47713,0.7594268266806112
47714,0.06006406144361661
47715,2.0225816752517782
47716,2.1721278804142203
47717,2.8310132437006112
47718,0.21299761479511384
47719,0.6735372970208844
47720,0.409292190625056
47721,1.8741396558456396
47722,0.33777193881152645
47723,0.3566311364564937
47724,0.8498326613404104
47725,1.1898897609574846
47726,1.1460295200323167
47727,2.3025318496626017
47728,0.6794295853059447
47729,0.127484806487828
47730,0.44017024603765004
47731,1.7369494269971109
47732,16.193239818483164
47733,0.21578217650265422
47734,1.4658350007590557
47735,0.9566414965884723
47736,0.6318425557689213
47737,0.07205478103478338
47738,0.24599635895657906
47739,0.3838974272857915
47740,0.8433820879254541
47741,1.3273141450396364
47742,0.48587477740508683
47743,1.7708428738935502
47744,0.9584226149030624
47745,1.0709159691725167
47746,2.5142400732854204
47747,1.9671689225987479
47748,1.03058798587316
47749,0.5378893875350986
47750,0.5015093036550209
47751,0.19195918471727913
47752,1.170651069638763
47753,1.3365600431031592
47754,1.2130298957612895
47755,1.585676316294103
47756,0.8481759478913903
47757,2.1927672711300294
47758,0.6670242405261426
47759,0.5450403746689019
47760,0.7315712848219091
47761,0.35643241574342477
47762,1.470997552457117
47763,0.4341018966876387
47764,0.19724580500872477
47765,0.5445779056058476
47766,1.018965140916636
47767,1.5414368351750805
47768,0.49910736498371044
47769,0.3402214690945422
47770,2.233771525559103
47771,0.9099141620011495
47772,0.40824673015742147
47773,0.6929684837228903
47774,0.03627597707057686
47775,1.2045843726341101
47776,2.5602512708949874
47777,0.09754892136350049
47778,2.810261791110234
47779,0.25479173406275285
47780,0.9311107333178107
47781,9.54467828894526
47782,0.06265266037665033
47783,0.31591115718909435
47784,1.3174672681861628
47785,1.2732954860326866
47786,0.18580877653839561
47787,2.353671546350318
47788,1.1093305868617944
47789,2.853827629610187
47790,1.6473934342846317
47791,1.0521607460385982
47792,2.200707677392671
47793,2.8569538414545965
47794,1.5502232623517178
47795,3.7225026789280187
47796,8.051939774423271
47797,1.5480232179040985
47798,0.4061822889858116
47799,1.419055391146412
47800,0.02178387436511544
47801,0.7257984081559774
47802,1.4192385867328798
47803,0.6859606138469996
47804,0.061871828690071254
47805,0.1238785859115038
47806,1.8225807306573183
47807,1.6269996385057808
47808,1.858202458470792
47809,1.9283350747430072
47810,0.9701575971644949
47811,1.616087954351312
47812,7.788156368848905
47813,5.656940659551608
47814,0.9834321811512481
47815,0.2734909990487418
47816,2.604565130727932
47817,0.08322964546186214
47818,0.08990881358348407
47819,2.9083969343846596
47820,1.3886591607277627
47821,0.04535827910468579
47822,0.31437600265359905
47823,1.2082586103859094
47824,4.623522898071126
47825,0.4685944183832103
47826,1.2873070131537114
47827,2.300031823349701
47828,1.4306367986001933
47829,0.251578394895157
47830,2.009440308578715
47831,0.127708636409529
47832,1.3524085229695793
47833,1.0599239012904809
47834,0.6465740546306592
47835,0.8605102744201354
47836,1.0084339147601844
47837,0.12494377623679993
47838,0.40093085384074484
47839,8.232492483422616
47840,0.12308876005479696
47841,0.1458726775175899
47842,0.05869747767112331
47843,0.39144113139114134
47844,0.3013546980711261
47845,0.4542776430170722
47846,0.11677758085368585
47847,0.4393271520711144
47848,0.7468999874217312
47849,1.1945803036432212
47850,0.5293644893886934
47851,0.4520339980510008
47852,1.2280787320490978
47853,0.7930110271510248
47854,1.804217580146851
47855,0.5102492695800451
47856,0.15477379474720881
47857,1.0716549113871476
47858,0.3810172801299478
47859,0.1923589989957102
47860,0.24830586142886174
47861,0.8959972190814552
47862,0.38548452029293606
47863,0.7218851318606498
47864,0.22459080510068424
47865,0.16240650337236456
47866,0.2926428327220541
47867,1.6273007931456285
47868,1.334689215659226
47869,0.10543377780193748
47870,2.665701129262748
47871,1.0532148752904904
47872,2.5813105835464976
47873,0.28082205650420433
47874,0.30419278448481
47875,0.7210282484560004
47876,0.3910325193670727
47877,0.06792231650124728
47878,0.11940778022875559
47879,0.9838825344157812
47880,2.5260709645771784
47881,2.5249467900406906
47882,5.371845663711262
47883,1.287531556173847
47884,2.1999991779915105
47885,0.2650961055506707
47886,0.1338551802475009
47887,4.852220774115899
47888,0.21374309921393622
47889,0.245293305576853
47890,0.3242149452288939
47891,0.4880586268209528
47892,0.489147418832084
47893,3.274886344133877
47894,0.38751763926906063
47895,0.08328266944723635
47896,2.0853159534636854
47897,1.5791712114692587
47898,0.30791950037276133
47899,0.8053804473019275
47900,0.15632947485384993
47901,0.32324106674904457
47902,9.408792975247898
47903,0.2228158249243371
47904,0.15685793222873215
47905,1.118784994665118
47906,0.16208160753436315
47907,0.5443234106019631
47908,2.185013781189968
47909,15.722067595616517
47910,0.5417288632147866
47911,1.2786259521274668
47912,1.0439524102985702
47913,0.14770430339801602
47914,0.3245952919132154
47915,0.7842228984767765
47916,0.5354628777591227
47917,25.3090581024342
47918,0.4393611582745789
47919,0.22052018133569365
47920,0.3432636704016309
47921,1.5048479630914886
47922,0.43732419328843686
47923,1.743067798884805
47924,4.023934310677422
47925,1.3393266892914621
47926,0.11976996005445752
47927,2.586674908410755
47928,1.6625683587965956
47929,0.37222909422679845
47930,1.6778650272498756
47931,10.351609276276072
47932,0.0999180850826591
47933,0.32313267600705764
47934,0.4137994126015686
47935,0.6928588224627219
47936,0.1984874065061621
47937,0.061652583491427215
47938,0.4624246372960201
47939,0.7655659162004471
47940,1.5120700993274414
47941,0.29517878156989047
47942,0.107198743375326
47943,0.1619906261184162
47944,2.046554385454164
47945,1.2590680113513737
47946,0.5450298063894866
47947,0.4807340260728141
47948,2.2264947089999474
47949,1.9325986725049755
47950,0.6508239108475201
47951,0.590387801982352
47952,0.04854405560505053
47953,0.20294947084972317
47954,1.0874698711177555
47955,0.3855260299906166
47956,1.3084918185135788
47957,1.7983634665524058
47958,8.567318370251899
47959,0.9658064957407141
47960,0.4579420474509346
47961,2.156949302254368
47962,0.5602190910091506
47963,0.7565818134492117
47964,9.997502663352188
47965,1.0282122430885217
47966,0.08496514993678163
47967,0.08838481477038816
47968,1.482680662943067
47969,0.513657603383846
47970,0.18751556555250706
47971,0.14291947733229143
47972,0.7816974113351335
47973,0.24501800679509458
47974,0.6135525000136699
47975,0.3691567296044497
47976,1.2895743918293443
47977,1.0053680050389353
47978,0.24878522169788178
47979,4.1174995811746165
47980,0.5534828578236319
47981,0.6393800769890636
47982,6.619128389800421
47983,0.8030675850838817
47984,0.18588489729172744
47985,0.5585292575334745
47986,1.4173415708869836
47987,0.5489305348359662
47988,0.34757289311445677
47989,0.49759868411939107
47990,0.24654960842299903
47991,3.304530362585589
47992,7.554650740908305
47993,3.8141953810061273
47994,1.8645617748843035
47995,0.5714514492022441
47996,0.1382088323555767
47997,2.593738390426936
47998,2.577821204042532
47999,1.1298194028878412
48000,1.1711898851345626
48001,1.1738442615021347
48002,0.8829176404478584
48003,0.8845580452068557
48004,0.1708187708192134
48005,0.13239956751408036
48006,0.218837560608257
48007,4.981734659360622
48008,0.7856387192906882
48009,0.04483864026283979
48010,1.7903495227657376
48011,2.616072373730517
48012,0.5847799819245584
48013,0.37701198956134807
48014,1.696638628692684
48015,1.0906394808781918
48016,0.21938989339711287
48017,0.5465699670193297
48018,0.22267773175141364
48019,0.08837795193466132
48020,0.6360050788268794
48021,0.8212566470315529
48022,0.23148409707522322
48023,0.09960266503410842
48024,0.17439655160882161
48025,1.7763193301513032
48026,0.15565952445192952
48027,1.5772073385047571
48028,0.8116041740608764
48029,4.064867846099238
48030,0.23080098653649433
48031,1.207215111905095
48032,8.569514699210742
48033,0.5039993253515423
48034,0.30768764968735607
48035,0.3597737733983531
48036,0.5352453646824383
48037,2.0786108488155755
48038,0.5008274711408827
48039,0.4185273952334517
48040,1.2053303802688242
48041,1.3208782544988442
48042,0.2131782708219622
48043,1.2652203166776883
48044,0.9572040346002259
48045,0.48978739049900466
48046,1.447856949839619
48047,0.5471696629830324
48048,3.6359821678504884
48049,3.704445489978723
48050,0.9980348154356864
48051,0.5156742030987317
48052,0.24593571229233918
48053,0.07967218198743309
48054,0.06172822141599586
48055,0.23604726969940948
48056,3.8576671882984948
48057,18.869148029493715
48058,31.453320232102637
48059,1.124730206969543
48060,1.1420735586883173
48061,0.33944407162312834
48062,0.8144777679549458
48063,0.5315642675434169
48064,4.301622011235716
48065,0.09286383685083177
48066,1.8175762237820345
48067,0.733199925962835
48068,0.4935278978076988
48069,1.2496318667387205
48070,0.8966457584900174
48071,0.5270374755146623
48072,1.1179510555217034
48073,0.8021452296264387
48074,0.6676888117601201
48075,0.48592272326589986
48076,0.1100209386661853
48077,0.0950816817414622
48078,3.107669679373656
48079,0.2862385573484027
48080,0.6260082622191085
48081,1.4969780166235473
48082,1.3446514334441635
48083,0.5887240978680028
48084,0.17903952433470074
48085,0.6597018008522959
48086,5.220911907626422
48087,6.5685303763557945
48088,0.39486420621787094
48089,0.09265279315983307
48090,0.8607747168931577
48091,0.30557472577862543
48092,1.2741039105118017
48093,0.686295395746147
48094,0.9177272337442072
48095,1.3653542792388191
48096,2.715852541334118
48097,0.17261819694000757
48098,0.4615094386380514
48099,0.8017967607575404
48100,0.7163992311185294
48101,0.8073536391734739
48102,1.7269364441077857
48103,1.4786001945242755
48104,1.8106519121684501
48105,2.1821311520201117
48106,2.0806997953967428
48107,1.9496272184614276
48108,2.3782357664302314
48109,0.09178402320064738
48110,1.4579801136886508
48111,0.6538785786018274
48112,0.4399247503044731
48113,4.064029404963304
48114,2.6898608669148953
48115,0.8873687141807274
48116,2.0091371002579548
48117,0.07925003584224552
48118,1.2636963168514497
48119,0.23474148999093808
48120,0.3727115891591242
48121,0.5301222446669366
48122,1.2301256759406667
48123,0.8161400217134042
48124,0.024998811839879464
48125,1.1148664162288346
48126,1.2347044906282458
48127,0.1794707383890978
48128,0.9172072249427896
48129,0.4505348211184897
48130,0.20304677597180265
48131,0.1438742779742591
48132,0.9096184684164671
48133,1.8700936643355792
48134,0.398060611166402
48135,0.5720691373958762
48136,1.0970382095198983
48137,0.7779851730401907
48138,0.4504826947785434
48139,1.2070034715518283
48140,1.6783767182008826
48141,0.11786089872731828
48142,0.10890057351009524
48143,0.297722658027678
48144,0.13691162815726943
48145,1.3582878234225597
48146,1.4282600950637732
48147,0.26703147620283385
48148,3.093609604209197
48149,0.522166440972267
48150,0.08851434035137581
48151,0.6510365450992368
48152,4.930092837890346
48153,0.6005355190715308
48154,3.2584565167386423
48155,2.2595920365071285
48156,0.7478409482402667
48157,0.9218146085182962
48158,0.12806755361108912
48159,0.40598179886290076
48160,2.8373515262225504
48161,0.2048019580077654
48162,0.8648895552584968
48163,1.5013328562758312
48164,4.735635806339964
48165,1.441802425905055
48166,0.5806117218375872
48167,1.2329640878248138
48168,3.422970965001956
48169,5.062506529708985
48170,6.050642876780147
48171,0.09929232389630616
48172,0.5808231588974234
48173,0.4343342941167473
48174,1.0313330601805126
48175,0.061396401092109615
48176,0.8698403289979123
48177,1.830997941219471
48178,1.5392588933039004
48179,0.8616051077938542
48180,0.47982386004694694
48181,0.2163685160364101
48182,6.257848688465889
48183,1.2047900902585444
48184,0.9404615749507633
48185,0.9695883011626535
48186,0.33658719519056585
48187,0.20909590284753804
48188,0.7424413970193292
48189,0.5051642976638394
48190,0.9185779909044919
48191,2.044911040374693
48192,1.4181970687921734
48193,2.416197659039198
48194,0.3802694720632121
48195,0.8442681053769683
48196,0.19685945914851063
48197,2.294185951080675
48198,0.13952508752280826
48199,2.5502181538368895
48200,0.24521342594565804
48201,2.92395032472101
48202,0.7384182186888165
48203,1.681618981738998
48204,0.12541391350378375
48205,0.15782275962955894
48206,0.09212814234611683
48207,1.4748835963295148
48208,0.38116875272819084
48209,6.208467675296017
48210,1.7185459293179435
48211,0.3146366602057438
48212,0.7706943211966796
48213,1.1668218435530546
48214,1.958851802189755
48215,0.778897200684674
48216,0.23105352607552546
48217,0.23271654408819104
48218,2.9871259888623647
48219,0.20118163273758813
48220,1.0113633921528111
48221,0.0607433025820978
48222,1.1226688166423626
48223,0.7321667857717595
48224,0.6974998753944751
48225,0.13501767006872442
48226,0.396434373937908
48227,0.2872386826836673
48228,0.9969973038176866
48229,0.5551539107639648
48230,0.16415916275827028
48231,3.2744601931477217
48232,0.8202602241738448
48233,0.5208413937135765
48234,0.5789212746750346
48235,0.897501814160605
48236,0.39410926262952495
48237,0.12234587953491653
48238,0.07188485669059358
48239,0.3943924135666856
48240,1.2172243940133285
48241,0.34010325382701667
48242,0.11142724343286409
48243,7.3886105904298915
48244,2.6309768383550134
48245,1.1301858126427595
48246,0.2614190504025353
48247,3.594773578694433
48248,0.9899866648967954
48249,0.0568910865657403
48250,13.77741762096253
48251,0.5985297663699088
48252,0.8129187255143828
48253,5.139231279057132
48254,0.18383423623197315
48255,1.1470804925435318
48256,0.4793784595830876
48257,2.6601871536608943
48258,0.4758138424163028
48259,0.19885362141499505
48260,0.428905886007917
48261,1.6278828679145398
48262,0.383961511698385
48263,1.4228879592449728
48264,0.17549064266970713
48265,1.3877677107430415
48266,4.156281470393261
48267,1.5340998457929274
48268,0.08487121249828132
48269,2.0694930083827994
48270,0.438857213838781
48271,1.159032801629062
48272,0.029047139599059628
48273,3.6448746964391012
48274,0.06596263775431213
48275,1.8972552547507382
48276,0.19757617218943158
48277,2.2033831339655126
48278,0.584580882476445
48279,0.4196119023335872
48280,0.1452714361427707
48281,0.49014697549535824
48282,2.413571310588764
48283,0.4157131765016813
48284,0.6547176650675305
48285,0.9892671084348976
48286,0.18803680570258552
48287,1.3607761732800836
48288,0.24810060894345726
48289,5.49754872907603
48290,2.382196886588362
48291,0.4076450617794665
48292,3.8760347297241995
48293,0.06596272860487876
48294,1.5879992277021584
48295,0.978896117133979
48296,1.412681787327883
48297,0.602840026810298
48298,1.2031401328612994
48299,1.2424978006326235
48300,0.15891195073696893
48301,0.21337083923967928
48302,0.4520800061571619
48303,0.9191562963548633
48304,0.15662409166438104
48305,1.7451083153653801
48306,0.368436306554115
48307,12.312235911838807
48308,0.09703581842038464
48309,0.45396852993762904
48310,1.1932486459971168
48311,0.32696326491751904
48312,1.9134233261915354
48313,3.7893784192254607
48314,0.636225759047696
48315,0.24638658232951832
48316,0.37594145478919877
48317,0.21417326354285868
48318,0.07741597297950967
48319,0.030099775145514738
48320,0.673069114558543
48321,0.6179286592228357
48322,0.3383204431884714
48323,1.0787995082183157
48324,3.015201416226268
48325,2.2969473739232593
48326,0.5030123292541775
48327,1.2026261685296644
48328,0.3469189219017784
48329,0.2927180691822157
48330,0.18455323116619876
48331,0.12427111936527237
48332,3.393021199860781
48333,0.4578322482571927
48334,0.2399155287501448
48335,1.5131918331274117
48336,3.8463507847625684
48337,0.6966721923920853
48338,1.9190637837813131
48339,2.874368480157425
48340,0.16262529285553587
48341,0.7560468219829908
48342,0.538410571887102
48343,1.2589004072390524
48344,1.1686403493195823
48345,0.11862448631797776
48346,1.0386956954427937
48347,1.3450091633669339
48348,1.7392227812103869
48349,1.1222278405594375
48350,3.090393277933376
48351,0.17047970078809102
48352,2.2640045381953438
48353,5.2808519084688115
48354,0.24235919832993016
48355,0.4096449708738967
48356,0.3033281107534235
48357,0.39379416074604984
48358,0.5424154681395496
48359,0.33060700186640235
48360,2.1195130882083912
48361,0.11558263598964306
48362,0.1403296477683981
48363,0.5330381928543323
48364,1.3966350986889728
48365,1.972405815099434
48366,1.422270834207212
48367,0.1441343927139544
48368,9.448296232819269
48369,15.728301634597644
48370,0.10205299429060372
48371,1.717805824459823
48372,1.060672546989534
48373,0.18876024972322272
48374,0.2316956362824864
48375,1.6795866235139976
48376,1.0814457910261237
48377,0.9701726331201808
48378,0.42790538189013344
48379,0.30362814819795697
48380,15.00717022515644
48381,1.7773485908673092
48382,1.6914657739377115
48383,0.5468326071343629
48384,1.3669928542118606
48385,1.6425057254564197
48386,2.1169288410063536
48387,6.844391825937055
48388,0.16699302317092746
48389,0.3235764083369028
48390,2.5816295521204617
48391,2.8157717692546846
48392,0.48488493713449127
48393,0.7279120908068605
48394,1.8077563118444568
48395,3.909763560819021
48396,1.6253395940005344
48397,1.0166055166959227
48398,0.16617135940840613
48399,0.3397904520686925
48400,0.3041450219817771
48401,1.4381699103153591
48402,2.5563018047737334
48403,0.25090263505359806
48404,2.4614754383543094
48405,1.1389275400242327
48406,1.1726652092567331
48407,1.9731914153001615
48408,1.8986867570672863
48409,0.5946799795141227
48410,0.1383443957944508
48411,0.42290268474356474
48412,0.2291183235172356
48413,12.574261835221813
48414,0.3813361013197527
48415,0.41979575705161515
48416,1.5227647873472834
48417,2.5610889828797836
48418,0.19659036992915546
48419,0.4019404386792476
48420,1.301263746587769
48421,1.7962934041056833
48422,2.767614495575632
48423,0.3305412642475891
48424,7.189993701903727
48425,4.383440620510949
48426,2.9302612742631533
48427,0.005146836231827893
48428,0.8457478583121557
48429,0.6504860045197173
48430,0.2869497829088577
48431,0.30812475006103196
48432,1.2921809450684316
48433,2.6456876011075248
48434,4.430357312633027
48435,1.335916198173476
48436,0.6498167183184128
48437,3.1200048958407853
48438,1.027499938311078
48439,1.1632414957024915
48440,0.40375545604270024
48441,0.8742927725937253
48442,2.206774335093851
48443,8.232257394270075
48444,0.6217558578139986
48445,0.8049573460875615
48446,0.7875713390439336
48447,0.41543219370445744
48448,1.566973614824717
48449,0.1470639018269407
48450,0.14224007912756514
48451,0.15411821280995677
48452,2.7556813091866563
48453,0.19132029470661754
48454,0.9220346786074726
48455,0.7585000595048221
48456,1.1000047319804023
48457,1.2668399357640037
48458,0.5108545979811763
48459,4.843786384643918
48460,0.13081418980049106
48461,0.5937660068790034
48462,2.7476247378239886
48463,1.404987497813718
48464,1.2182908957403285
48465,3.130656491529211
48466,1.1004794089883942
48467,1.108701264853816
48468,8.669279042145316
48469,5.479344015086995
48470,0.2906183689748062
48471,6.511566838720508
48472,0.05081400388512027
48473,0.8793705430300703
48474,0.17436592467991166
48475,0.46078534663234116
48476,1.8573249209716793
48477,0.36561623346002564
48478,0.23803781327988122
48479,1.3763311278650385
48480,0.6420411397559053
48481,1.5487078855881855
48482,3.3622600651227503
48483,0.5132955970611653
48484,0.08953572527781373
48485,3.376836277447134
48486,1.5923233405734312
48487,3.8563432579669743
48488,1.3132636876550192
48489,4.182438736635543
48490,1.7181024523513329
48491,23.768260790391903
48492,27.68685849434366
48493,26.23125252393318
48494,0.33724447109687145
48495,2.509992153540229
48496,1.578370452176599
48497,1.4049650851376534
48498,0.30029090498296784
48499,2.9150649365223553
48500,0.7177883511580196
48501,1.639371601068929
48502,0.2141648756494659
48503,1.3178946832752052
48504,0.9789096032406794
48505,0.9781642295880462
48506,0.1920445159788725
48507,0.11366880433879695
48508,0.5595487045430882
48509,1.4798103751759626
48510,2.1032194401425
48511,0.9532201278083716
48512,0.2701531827971454
48513,0.20502253214501234
48514,1.126549455559693
48515,1.3865410629186785
48516,0.6553181581018319
48517,9.66016601556679
48518,0.5485234009033558
48519,0.21852879434953237
48520,0.32811021242845007
48521,0.19499779731131858
48522,0.4059472661802347
48523,1.2761491540740277
48524,0.12599073354631057
48525,0.42807070657163704
48526,0.5223207001333021
48527,6.848679500882511
48528,1.9997983846787617
48529,0.9529934844177487
48530,3.814450530115583
48531,0.34268240981826104
48532,0.26610103374312216
48533,0.2509899809419652
48534,1.078548092166945
48535,9.938117676374722
48536,1.0497067871884636
48537,0.5792272757268048
48538,0.39283961738771783
48539,0.7518631507220371
48540,1.774132055701067
48541,0.6971494131999051
48542,0.6035060520264566
48543,0.16723160769037487
48544,0.14186709748444779
48545,0.6980659321393877
48546,0.9504169345974226
48547,2.39125804837651
48548,0.09638850520527827
48549,0.9007933578137459
48550,1.5245408008268384
48551,3.448193060215455
48552,1.2329082184334474
48553,1.2722296077027333
48554,0.3159732146469814
48555,2.1574643510647267
48556,0.3760784944379354
48557,0.09604236111256308
48558,2.1138567356654487
48559,0.2256815371156637
48560,1.4824882773732957
48561,1.4133801606252445
48562,1.0080957193806734
48563,1.4674941268993937
48564,0.6836138212537127
48565,0.5530582261013147
48566,0.5950719116867477
48567,1.718818857211108
48568,0.09421885533301355
48569,0.271847371299127
48570,0.13555959166332598
48571,2.035888313583241
48572,0.4526628324743628
48573,1.927899967636212
48574,2.7631529318648416
48575,1.1064540410509653
48576,0.056074023484323166
48577,0.739684504908528
48578,0.3181672110460363
48579,1.7437520406075546
48580,0.8379229388435673
48581,0.4354400710927439
48582,0.8418161878577473
48583,1.9551144960387075
48584,2.6868126504272882
48585,1.9762832374315615
48586,2.840584099816915
48587,7.320524871489355
48588,0.2823696447905548
48589,0.5271017776833825
48590,0.6850284873785674
48591,0.6588964796782993
48592,0.4610056329616711
48593,0.3615507719997185
48594,0.5354539550906177
48595,0.9946744526780216
48596,0.052740163434743616
48597,0.8305221209416574
48598,0.7493858311951664
48599,0.027158990844836278
48600,0.799608230191787
48601,0.10727529214436914
48602,1.843988304489843
48603,1.0621938926014318
48604,61.34268241715935
48605,112.32302645118786
48606,126.03572159496099
48607,0.40687598964156735
48608,0.7126563676717275
48609,0.45776512221026894
48610,0.053420478538598104
48611,0.535253679676184
48612,0.20822738680642752
48613,0.3369624287628164
48614,0.7176169245966048
48615,0.08263699441610386
48616,6.428820958446887
48617,0.12717789445375893
48618,0.5380575479640148
48619,1.0923872035433861
48620,1.3300104003457776
48621,0.3507601000969909
48622,0.9676264486291652
48623,0.49401202174559133
48624,0.4040830328305877
48625,0.05529215557099159
48626,1.5844759971734992
48627,0.05095149457940645
48628,1.9178798050233756
48629,4.766284417119892
48630,0.0665220589791643
48631,0.866306167897104
48632,0.9720375700654604
48633,0.2593696383132738
48634,0.760026695309673
48635,0.14621112278705747
48636,0.6282099834058869
48637,2.75779458588476
48638,5.17726293987389
48639,1.0479592410195175
48640,1.2088642715041584
48641,1.0317316162538506
48642,0.39770812033020553
48643,1.5446672347780894
48644,0.3851669757484794
48645,1.6832711654093975
48646,13.53034759451054
48647,0.5477656956377774
48648,3.149993276741001
48649,0.2820483185404681
48650,0.10813165819855794
48651,0.3040467451187545
48652,6.440082320643279
48653,0.35647467821097845
48654,0.8040909625700072
48655,0.9674527180928044
48656,1.11454791529166
48657,0.15837626239294642
48658,1.040963145202563
48659,2.0650992697154202
48660,0.1405591960453532
48661,0.8736784309890332
48662,0.01152384455541633
48663,1.2704400208975002
48664,1.0767803831113771
48665,0.6754551343599907
48666,0.1249083815345279
48667,1.4478700122137995
48668,0.9876543015434027
48669,0.19211083818266397
48670,0.7662952325995722
48671,25.494960865656235
48672,1.4462808656254724
48673,0.04840745049915307
48674,0.6805731803768295
48675,0.24851751829251564
48676,2.090579262837604
48677,1.1739518607699282
48678,0.5713037888593028
48679,0.04833981809008079
48680,2.5798540251539612
48681,0.5656264860978139
48682,1.5769979208620346
48683,0.22396399454100197
48684,2.715080355419106
48685,1.0397520671433063
48686,2.5736454820503174
48687,0.41062385856037165
48688,0.34238600563004373
48689,4.336293076788177
48690,11.195126491231076
48691,0.5566792829028409
48692,2.213535600645133
48693,2.2245720808956144
48694,1.5645981347925384
48695,1.7498466013361527
48696,0.5100431929689712
48697,0.5556022930226036
48698,0.38307583829573055
48699,1.2789312757354625
48700,1.5384999673439048
48701,3.024695726138504
48702,1.1659438787533878
48703,1.1504852641128984
48704,0.19930598737930014
48705,1.284660816136785
48706,0.07803751609384842
48707,0.5506726820975474
48708,1.5981612399860867
48709,0.2853398490200074
48710,0.45504570732520844
48711,1.2580681434398808
48712,3.112933181490537
48713,1.0409446295084657
48714,0.8273256799114529
48715,0.0815502340666194
48716,0.2516975595966702
48717,1.4111127891343724
48718,0.14159376246407662
48719,0.752117240114278
48720,1.0068662763963712
48721,0.7434743716148031
48722,1.280279731955749
48723,1.2947156582569765
48724,0.918190410654263
48725,0.12255924825206475
48726,0.05751914171758878
48727,0.3929572071120438
48728,0.1948624826777886
48729,1.4470152470244206
48730,0.040094872545594636
48731,2.745496334456837
48732,0.5538626100365219
48733,2.1279471121846343
48734,3.6388942226107854
48735,0.861569375276622
48736,0.3831631175400989
48737,0.23142770320031741
48738,0.1621837063816394
48739,1.124432983753044
48740,0.5951260801952789
48741,3.2408830733287433
48742,0.39800656424348846
48743,2.706636082015236
48744,0.727228712830815
48745,0.23305288976963912
48746,3.034617801828779
48747,0.19423851534456932
48748,0.7012295069707203
48749,0.41529320839799483
48750,0.24574950754936323
48751,0.2606722740479808
48752,0.057084411111514036
48753,2.492945130925518
48754,1.646950021959307
48755,0.336604969467649
48756,0.6912784584547126
48757,2.020912697236527
48758,1.164138890611241
48759,1.455692358243739
48760,5.544032746619024
48761,0.34329687035610484
48762,0.7728607320753524
48763,0.10076314771224587
48764,0.05917785707104869
48765,2.9430793882228157
48766,0.6007092017937036
48767,0.7972285759499991
48768,0.39794508144520074
48769,0.3699028848512435
48770,0.07011816875991345
48771,0.24439083634026998
48772,0.18853292604248612
48773,0.2589344235974322
48774,0.36993306453074803
48775,1.3455542295653773
48776,2.8447153360334845
48777,2.428750925309798
48778,5.491792919312669
48779,7.904774782759406
48780,2.236499616455963
48781,0.29757506055005445
48782,0.7341398830427187
48783,1.6733405860654909
48784,0.698150793565406
48785,2.540792643180349
48786,1.5935955362884882
48787,2.880122885989922
48788,0.6610040865100911
48789,3.409001915474334
48790,0.8610247106809638
48791,0.08138710085733292
48792,2.651579466027622
48793,0.8274114590182913
48794,2.1672557965002377
48795,0.09771706301119401
48796,0.2078295887757065
48797,0.3759520407387461
48798,0.14607399105893806
48799,0.41283316894751765
48800,2.150198042980209
48801,0.5802341239585213
48802,1.0341939926743304
48803,0.23353864221077336
48804,0.4157532130174362
48805,0.45037536609064127
48806,6.046475484974485
48807,0.4700905320397307
48808,0.15096699337176364
48809,0.14628408931929668
48810,0.27997183528572606
48811,3.293758835400591
48812,0.2724598312262101
48813,0.48164523179085283
48814,1.343478627052465
48815,0.524593433817776
48816,0.8794022473934023
48817,0.5879422573046136
48818,0.6385371026689406
48819,1.4787508343097981
48820,0.6447426133720945
48821,0.5673422725675926
48822,0.4685218204253981
48823,3.5604637754011086
48824,0.4604509444289375
48825,3.021244881335959
48826,0.6491898953676918
48827,0.5897655214015664
48828,0.0685078383722271
48829,4.922087455578147
48830,3.644599051551304
48831,1.611339220301009
48832,0.4244489149704527
48833,0.25217324790198226
48834,3.9347056273976535
48835,0.3061377109543472
48836,0.34425268515405993
48837,0.7016133547764959
48838,3.1629530373070183
48839,0.932285163851047
48840,0.24212588751454456
48841,3.918621155862224
48842,0.24967884619873365
48843,0.5573733024164296
48844,2.586594757405257
48845,1.039203719659528
48846,1.4737087892353609
48847,0.7194272104232997
48848,0.5945767752136221
48849,1.4718073560308151
48850,0.14527945275750279
48851,0.1677172622625267
48852,1.6074034549573741
48853,1.7688941142528976
48854,0.09240077106508422
48855,0.6734808665850431
48856,0.9488316891117186
48857,2.4018818813301945
48858,1.1563950924848692
48859,1.08519629579717
48860,1.0680907306494019
48861,8.245076949914033
48862,1.2180743700784857
48863,1.560159470875284
48864,0.2660344135876419
48865,7.642947771217725
48866,4.35153690482313
48867,5.059097680214404
48868,1.4426738266067778
48869,1.1155493979011244
48870,0.26592718379387426
48871,0.14862840227111423
48872,0.07549514129208935
48873,3.450392098287331
48874,0.4739969188475613
48875,2.4128334631341404
48876,0.2473642814759338
48877,0.3626361270908605
48878,0.8664205907910791
48879,0.5513492534474452
48880,0.6731769512851439
48881,0.12728008746706465
48882,0.25985894391369135
48883,0.8068703305734117
48884,1.3938876605825685
48885,0.27996219216011736
48886,0.5549216318995595
48887,0.18532803770769515
48888,1.1645126845118812
48889,1.7563841225819352
48890,10.721445406373437
48891,1.900006142439796
48892,1.036665253790236
48893,6.269706724355247
48894,1.2472736196982936
48895,0.405396100052241
48896,0.45636532086308423
48897,1.158315449269741
48898,1.093343485595084
48899,4.147887999960447
48900,0.13769828034416648
48901,0.11474012084388995
48902,3.4352918596245625
48903,0.60935644159371
48904,0.2046918813910507
48905,1.3823073190766184
48906,2.2893220955887643
48907,0.08608045616755607
48908,0.46651864515962926
48909,4.620858139425465
48910,2.8127647833421627
48911,1.1524229665571202
48912,0.20716095119151592
48913,0.2774223417691095
48914,0.15537443362261197
48915,0.05403428316211823
48916,0.1144751208640951
48917,0.44770052118502557
48918,0.3137926893374447
48919,0.41876370322625556
48920,0.5749766614392297
48921,2.794411248248544
48922,1.9345264289303767
48923,2.231026123209585
48924,0.3856475956176264
48925,0.7223175013898062
48926,0.45702934160816455
48927,0.8301301981007468
48928,2.9167727629943885
48929,0.7228129484929461
48930,1.2026812013166104
48931,0.895356287738797
48932,0.32734616411301665
48933,0.21626234427003227
48934,2.6935185840100004
48935,0.16183599175497915
48936,0.10988095016099587
48937,0.1078796379155792
48938,18.223128969204343
48939,3.843517372725437
48940,2.0977653407270105
48941,0.4266939282556834
48942,0.3444341638026588
48943,0.3397293158269463
48944,0.1314672961419501
48945,2.0952829356447533
48946,1.930730766463895
48947,0.225617471955998
48948,1.2671400944791953
48949,0.5526116824392374
48950,1.6308094724703652
48951,1.7766520882171786
48952,2.7713199643222275
48953,1.538906630524251
48954,1.4635786572814906
48955,0.376824058522549
48956,0.14267051104640635
48957,0.5678213034366109
48958,0.14616909029620828
48959,0.38279016229571095
48960,3.4433780955609317
48961,1.7521007812549096
48962,0.594834408571979
48963,0.044219705458148996
48964,0.0999292373874353
48965,0.6428595529186955
48966,0.12355308036593554
48967,22.32102355733227
48968,0.3992127622003103
48969,0.5552488062354733
48970,0.9255022848093185
48971,0.06215119105192952
48972,0.2582387897813146
48973,0.054455485626557054
48974,2.1903280151184337
48975,0.9365936720370726
48976,1.793182056426741
48977,1.673630545950102
48978,0.09271287837557192
48979,3.2240904788704388
48980,0.7252939698162242
48981,1.4774919435365983
48982,1.8807825418332589
48983,2.652259936318968
48984,1.6245059962326898
48985,0.8761119363485206
48986,2.523148659134561
48987,0.05561324368442377
48988,0.20138436438291563
48989,3.0748768022299022
48990,0.7592115028458049
48991,1.1871207541507633
48992,1.136627038993806
48993,0.9310227338233088
48994,0.3573455532241039
48995,0.5270049340147674
48996,0.1544699278049067
48997,1.1636437985669494
48998,0.5850416942080174
48999,0.27987055359138946
49000,0.6043317499677189
49001,2.3872615905186314
49002,5.341991318240099
49003,0.3711359786152868
49004,0.6237815942729271
49005,0.4845564383987598
49006,0.6542954234654441
49007,0.27341477028680317
49008,0.522797266413433
49009,2.3143571776840135
49010,0.36314647488919655
49011,1.2443910173664328
49012,6.873250602657861
49013,0.6027709048841622
49014,0.1282478944597419
49015,2.786810194214872
49016,0.6727306018805534
49017,0.9655766997293065
49018,3.291926546880541
49019,4.598657795307963
49020,0.9803051507711714
49021,0.07707893085405029
49022,0.7845411024777363
49023,1.558594019686724
49024,0.33851514552753925
49025,0.9333870719863646
49026,2.0659376117241686
49027,1.3142782396345623
49028,1.0621483791654087
49029,0.4774581312213907
49030,0.1233906731131974
49031,0.840040990078415
49032,0.08536292132719835
49033,0.3306365637255413
49034,0.6017561890526625
49035,0.7891008320832117
49036,4.241538997803893
49037,1.5852735814659955
49038,2.2106796828291255
49039,1.3560814928647411
49040,6.902757613065207
49041,2.1818955464873304
49042,0.23048991279259085
49043,0.22637616480283704
49044,7.992764342582963
49045,6.811303107764113
49046,1.2831990651451841
49047,1.2639436563632864
49048,1.5696130603334948
49049,0.33159893808956326
49050,0.08550055945717949
49051,0.16927983998565677
49052,0.23633551324974983
49053,0.0884120043751248
49054,1.7951556679297624
49055,0.8952550728377209
49056,0.9544375606139559
49057,0.6053270490075819
49058,0.09999963120713504
49059,1.95591407130307
49060,1.032144570289884
49061,0.5607439866434162
49062,0.03570685127542688
49063,0.09125248547349023
49064,0.3792032947595247
49065,0.6819213945279723
49066,1.2131468912655015
49067,0.4142810464700705
49068,0.16859171216057492
49069,1.229609763106297
49070,0.38199441586884186
49071,0.4187826080597269
49072,0.8109245777959198
49073,0.4299409136535027
49074,0.7441074520562747
49075,1.071825410757055
49076,0.13023191988298802
49077,2.4871122702250217
49078,3.245866446171233
49079,2.0348720101231605
49080,0.4720116528103432
49081,1.0503126903851994
49082,3.7935015420181086
49083,1.054033039933832
49084,3.161143513055892
49085,0.4692999874907273
49086,0.2476946208309043
49087,2.082273861478136
49088,0.08489848178005144
49089,1.316184013538246
49090,1.0789152636632333
49091,1.2510044564075815
49092,0.9256483313860115
49093,0.06531643559607417
49094,0.35411859804010826
49095,3.1415363907271168
49096,12.035432380797703
49097,0.816370477058538
49098,0.9824711006938069
49099,6.230337356540403
49100,0.04069435942919663
49101,1.4294329834943698
49102,0.1268335563303366
49103,1.3041939108841833
49104,0.0668366230122811
49105,0.06259108954568708
49106,0.6546899430145096
49107,4.113753062869331
49108,0.17892511800393668
49109,0.7533635678111757
49110,0.13123882015447957
49111,0.27858028747504693
49112,2.0823194275283594
49113,0.4195398892824397
49114,6.509262464278177
49115,0.421918270956215
49116,1.1828625929387462
49117,13.800146001911365
49118,3.173022356512355
49119,0.035686494558498615
49120,0.2928266581350067
49121,0.544536725597591
49122,1.100885580363938
49123,0.14208848918443404
49124,0.18650273764483438
49125,1.5897074885704838
49126,0.6177090180025292
49127,0.43940940273359086
49128,0.8204516101507209
49129,0.6765113829564797
49130,0.21767309078506392
49131,1.1309228552228225
49132,1.0878989808052217
49133,1.2895332966185373
49134,1.4199744162335102
49135,0.24916210596725263
49136,1.313602697759048
49137,0.13444370643705356
49138,0.46283603624865877
49139,0.5239494119422807
49140,0.6189601176484356
49141,0.8094122117992774
49142,0.19487228132487344
49143,13.393596071608746
49144,0.7019722945329008
49145,0.5914660878136003
49146,0.7500827649833205
49147,0.42598032100005634
49148,0.9171308529472381
49149,0.47211309945834157
49150,0.5052532470525274
49151,0.35072970771158785
49152,0.8977273774513655
49153,1.236033779164499
49154,0.09152848911540781
49155,1.0418912295556972
49156,0.8867365342101101
49157,1.4324988516281094
49158,0.882655988846328
49159,2.402333371865352
49160,0.7458508836763574
49161,0.38705556782333184
49162,0.5390769586053608
49163,0.09727435061972776
49164,2.7177737776738145
49165,0.16821721573186105
49166,0.6913014488225029
49167,1.5024569126924836
49168,0.2568099728651321
49169,1.3449942287700591
49170,2.3157345101471734
49171,0.6428711589889706
49172,0.37928072274940317
49173,1.7575045940836949
49174,1.544159837224744
49175,2.3643933322319173
49176,0.5092286559256758
49177,1.0512593114067585
49178,1.5817396404879769
49179,0.13917122048746264
49180,0.6554976441302598
49181,0.6963567687842499
49182,0.32674442057520053
49183,2.133967494132847
49184,0.3228155359432233
49185,0.4689342461307751
49186,1.2444602986529882
49187,0.0701539782042144
49188,1.0985315348085876
49189,0.8187496539717593
49190,0.9982838799209146
49191,0.48197742238967084
49192,1.1920185311207
49193,0.4852786374772865
49194,0.8228256601342787
49195,0.11565978125814164
49196,1.1048998519757365
49197,1.3782357727905883
49198,0.10828072236339928
49199,0.7121112207774412
49200,0.6390740370101465
49201,0.7801967455728236
49202,0.5020973202538564
49203,2.3355129679368147
49204,2.7032743375355603
49205,0.9192492526575435
49206,1.6595854481524073
49207,1.0054435463713558
49208,0.44387282947219014
49209,1.4801377547370784
49210,0.3373124091475318
49211,0.11621869966188914
49212,0.3143694785985923
49213,1.66340358744839
49214,0.4091135215310484
49215,0.21093196508369916
49216,0.8433166806175769
49217,5.4432552086953905
49218,0.44089350539960653
49219,2.9450367129692503
49220,1.4148757332506965
49221,0.9253749075973952
49222,2.618395639010024
49223,0.2660659256762183
49224,5.631677070196622
49225,1.2319147429237571
49226,0.2965896971931705
49227,0.8622315818362589
49228,0.23320432000399435
49229,0.9625278488167144
49230,0.22872474474921764
49231,1.0623978808391668
49232,0.6502056703925139
49233,0.1307643262945658
49234,3.0432611956708544
49235,1.966955141489357
49236,4.537429937465218
49237,2.7569293138597337
49238,2.064901063269776
49239,0.12771829121331585
49240,0.2326316838363256
49241,0.14446783685983344
49242,0.7501326428903267
49243,4.478032463883698
49244,0.17875677884321825
49245,0.12241954572078761
49246,1.9368863230203894
49247,2.114064104603529
49248,0.11002863923788307
49249,1.0781781395069212
49250,1.4977302297097663
49251,0.15795642898472245
49252,0.9853210714234194
49253,1.7738696131986198
49254,0.5671708850349948
49255,2.0152076940611585
49256,0.4898999365712768
49257,2.3024229189706187
49258,0.22611505062527348
49259,0.4061970402910268
49260,0.13938195783541613
49261,1.9207166700271463
49262,0.3626212480556828
49263,1.5347906800696807
49264,0.7084324738512245
49265,2.5211099991668404
49266,9.27003494065278
49267,0.3121747134820024
49268,1.4385796524684475
49269,0.7747623653256384
49270,7.727894348743163
49271,0.26185045065725043
49272,1.0156855038170618
49273,0.3925332222049145
49274,2.0240446136068475
49275,0.8514551066140351
49276,7.58044051435136
49277,3.8621450108073145
49278,0.4472011582517025
49279,0.6841581242032625
49280,0.5268879561284386
49281,0.25465005278556785
49282,0.056034157978854686
49283,1.7805770854039213
49284,0.7991448501523516
49285,1.771905134466494
49286,0.21614895514970164
49287,1.9379199216814298
49288,1.9493869019056276
49289,0.17792053193605326
49290,0.4744302488057915
49291,2.029637221204807
49292,0.9982818625690079
49293,0.1662031264316268
49294,6.9013124854633405
49295,0.6288525388833723
49296,1.5130030792213278
49297,0.016668292328055265
49298,0.8116491059984925
49299,0.24139308257322345
49300,0.15701249592901892
49301,0.647992230382204
49302,0.31164414710006816
49303,0.23356625533634637
49304,0.361555219800038
49305,1.3729595553198626
49306,1.0223822491224535
49307,1.1995322762204372
49308,0.510195759172476
49309,0.2642498763600721
49310,0.8319929025929476
49311,1.1651881098841108
49312,0.16131487845014322
49313,0.927837339138232
49314,0.8852912135050341
49315,1.0140305096735394
49316,1.2296765946702783
49317,2.7677419232004543
49318,3.9874975432871596
49319,0.4170624078193035
49320,0.19709116111511515
49321,1.5817862614802651
49322,0.15855273987356902
49323,4.239322590116113
49324,2.0855573598702115
49325,0.790894511635125
49326,2.3043342791459853
49327,2.5271265163164744
49328,1.2484562567337658
49329,0.26713136171002205
49330,1.7736912558168687
49331,0.39156982340338875
49332,0.281967874760902
49333,0.6868257379929725
49334,0.7435603834909011
49335,0.8581390502364588
49336,1.6366821178474067
49337,0.2829831602476844
49338,0.49478416617150367
49339,2.160776490720148
49340,0.6217262521391425
49341,0.5507062972878124
49342,0.7861402833579512
49343,0.2601320391219655
49344,1.0032222980968994
49345,0.31268720236393016
49346,0.21851213556933613
49347,1.2963047560301066
49348,0.15515000710116333
49349,0.847804990113633
49350,0.5720842631372515
49351,1.0471340793982766
49352,1.5618070073490868
49353,0.3490499165164435
49354,0.1511473059889089
49355,1.0563338751304456
49356,1.8507687120236964
49357,4.2194288238786415
49358,2.695277617296024
49359,0.3979007499957384
49360,1.0217308377382972
49361,6.055513505379926
49362,1.756765658712642
49363,0.3468889288238084
49364,0.5227264582147059
49365,0.9492145856492831
49366,1.125825903627174
49367,0.1767039329056879
49368,0.19357274304163496
49369,1.129823647565929
49370,0.3175983806827668
49371,0.4229506208566658
49372,1.1543423995494062
49373,0.819580029774758
49374,0.49558321868514293
49375,1.3209392406065346
49376,0.36211558584703724
49377,0.2492168259839481
49378,1.0004493634026868
49379,2.397566263236264
49380,0.601907781734312
49381,0.6227807979754889
49382,0.8638594612062769
49383,2.3194705386476984
49384,1.2680456643438358
49385,2.8560260268908078
49386,0.7239908716459634
49387,0.27613858375307626
49388,0.8385466533172619
49389,1.0472125474193892
49390,0.3557557993529518
49391,4.168765181463746
49392,0.29195940888135286
49393,0.3858864172017356
49394,11.143977959139706
49395,1.0464784200715613
49396,0.12858754858397534
49397,1.186649630030513
49398,0.6749603608804272
49399,0.3019203981059466
49400,1.8156015244586745
49401,2.1474111737672787
49402,0.2794736852327763
49403,4.02338741865349
49404,0.06819853838012535
49405,1.2261377723056175
49406,0.3651865179643157
49407,6.826569395291737
49408,8.344057563666508
49409,6.5223167167776435
49410,0.0687277722589983
49411,0.5730044842650511
49412,2.187470990353882
49413,2.8320549375324977
49414,0.5992994144294816
49415,0.919810669012378
49416,1.0196669891060854
49417,1.8198089600257608
49418,1.018353437059568
49419,1.8070397632802584
49420,0.3331300586489489
49421,0.13946850579543513
49422,3.2071584398571145
49423,0.31738302344752883
49424,2.072857879568028
49425,0.21707661765599776
49426,0.8275086972684219
49427,0.05968135236650715
49428,1.9738064879028412
49429,0.5526723804084518
49430,1.589631484169059
49431,4.142675862491726
49432,2.826894380653305
49433,1.0055992591831648
49434,1.8975762074927283
49435,3.9503897187780987
49436,0.32747731590772544
49437,0.9995390048001889
49438,0.2480073196652302
49439,2.5372993615067094
49440,0.24008904809135526
49441,0.13988368824797381
49442,0.7096447250187832
49443,0.30374786908450807
49444,0.37143106537795234
49445,3.708494841845493
49446,0.11800220728356088
49447,0.41836954047938046
49448,0.1170273942134684
49449,0.2656935663006388
49450,1.6833629044276444
49451,0.43258441585795726
49452,4.072674732313157
49453,0.20522402956278538
49454,1.5277154985430001
49455,0.04623365233731425
49456,0.11721314744418954
49457,1.128445225649314
49458,1.6278458098210735
49459,2.067745986606534
49460,0.3887492514522784
49461,1.2638835503252401
49462,2.337723718384128
49463,2.4077140017329155
49464,0.5169653527706458
49465,0.5542554951122253
49466,0.5628027003656215
49467,0.33880924872813756
49468,0.08045518210648026
49469,0.22366105763629462
49470,0.5275089075304197
49471,0.9458082598948536
49472,1.722302061540586
49473,0.7438308232771336
49474,0.5550465907045931
49475,1.442236185498822
49476,0.4030365235352632
49477,0.18551100315308247
49478,0.6240742447349275
49479,1.169660815303402
49480,2.319542682102423
49481,4.73153970039629
49482,0.19753108443199896
49483,0.1873002047936429
49484,0.6363804472302896
49485,0.8156896726969527
49486,0.9903516993911826
49487,0.00996338011346509
49488,0.25559265830363603
49489,0.33942550692724566
49490,0.14846805362280482
49491,0.6828174402331605
49492,1.293673402669498
49493,1.746068761712177
49494,0.8219256549549321
49495,0.47524980003236156
49496,0.05857326973652441
49497,0.9239413821490444
49498,1.9406146165568257
49499,0.23327279168365947
49500,0.4669423156149917
49501,1.2941252633314908
49502,0.11581177986588492
49503,9.952481648928433
49504,0.5702949235829664
49505,3.1789673957283657
49506,0.45462192947076435
49507,3.9097907337717057
49508,0.3857836575409568
49509,0.048802422083217646
49510,1.7325890442664411
49511,0.5782774942304446
49512,0.4058989796725511
49513,2.570438507719822
49514,0.01091664480636808
49515,0.11626843965915278
49516,1.397216076474257
49517,0.9441836822703729
49518,0.2987291806851844
49519,0.2004942224966954
49520,0.35231131372893215
49521,1.7745430318541267
49522,0.7058809238172106
49523,1.404186809214016
49524,0.09182038525431625
49525,0.24590803192399713
49526,0.5684932434980968
49527,0.08980350168127112
49528,0.1786449661835698
49529,0.25508262651206937
49530,1.3430813116987763
49531,0.8206915268920496
49532,0.9084250858557716
49533,0.33354813119497545
49534,1.50743798126275
49535,0.39919376667325673
49536,0.38394088106806423
49537,0.7092289811721774
49538,0.7036849214981851
49539,0.33223273801370773
49540,2.0060309719781575
49541,0.5509471517672655
49542,0.8403399560160975
49543,0.05459015284900489
49544,0.6470424451209034
49545,0.7379898440315451
49546,2.3327440003658575
49547,4.309848768825232
49548,1.035720019296018
49549,0.1395168799244419
49550,3.7103697150517854
49551,0.39030006952873564
49552,4.905821649671208
49553,2.2863076641210216
49554,0.28350037941398165
49555,1.7449593178701197
49556,0.9071187168735759
49557,0.6306715474951594
49558,3.7221051479535
49559,1.9365636995165472
49560,0.6055474041625062
49561,2.995078439363651
49562,0.279954561254618
49563,0.24458003112747984
49564,0.026023592646715596
49565,3.273429422772244
49566,1.2356583728660655
49567,0.3360977539205587
49568,0.7300415883120283
49569,2.452119591915637
49570,2.196811919872758
49571,1.3274421561504375
49572,0.24592916469461945
49573,0.603941885118648
49574,1.9354876786602149
49575,0.10140561947743021
49576,0.7313144996912164
49577,2.9492508297265916
49578,1.2620938369312222
49579,0.12259348552465901
49580,0.26238384915812657
49581,0.7470263506840892
49582,0.28237083328375184
49583,0.8332966421227348
49584,0.07426292849367455
49585,1.2191442354190447
49586,1.5217833679163757
49587,0.30528319829732264
49588,0.8692671100942317
49589,0.34083177096327144
49590,0.38425842624610046
49591,1.6915663648638155
49592,0.35280916519042516
49593,0.49813628112518377
49594,0.24401585292906058
49595,0.11195473562617989
49596,1.4684867013720966
49597,1.7410060088401147
49598,1.3617599036931016
49599,1.02436073789039
49600,2.4157031050647024
49601,3.069340580949562
49602,0.11158521750802139
49603,6.084904828878774
49604,1.1530933318612175
49605,3.0251134477334607
49606,0.2476029192498737
49607,0.3038589522840542
49608,0.47218847165057537
49609,0.21317418167132177
49610,3.6416770361556035
49611,1.8110425791182618
49612,0.6276078154036668
49613,1.4826989901959766
49614,0.32861724250956703
49615,0.8591417852847375
49616,0.9634953014947455
49617,1.6118826170802767
49618,5.580286053729502
49619,1.8134752124918057
49620,1.2535562689037014
49621,0.6217623405727035
49622,1.8239835845103982
49623,0.046945489937987556
49624,0.6808103837745442
49625,2.2085821627107243
49626,0.380002422311554
49627,1.6888483085217374
49628,0.7182883311858702
49629,3.0828955449429802
49630,1.6677362840631371
49631,2.548354086404205
49632,0.7674178996718358
49633,2.360394085749597
49634,2.137819341430814
49635,1.4002088520009652
49636,1.3990295735034661
49637,1.3341815406630075
49638,1.1944837331830551
49639,1.3071914714120012
49640,1.7295846493497464
49641,1.2925977758098166
49642,3.5949894040123223
49643,1.587846461621015
49644,1.4881917886461467
49645,0.4443274383084997
49646,2.987277539434773
49647,0.6106869810074277
49648,1.4184757214942285
49649,1.0216352892699083
49650,1.9264953541789964
49651,0.8551218224346284
49652,0.16092290977744056
49653,0.5444151916907755
49654,0.2600239066462777
49655,0.17980775352612013
49656,1.7856667014409076
49657,0.56649932688478
49658,1.0047641331294703
49659,1.0403719961637734
49660,1.349435397473264
49661,0.34386210045424503
49662,0.26603305553929796
49663,3.7743045624372606
49664,0.19540853474121614
49665,0.12094526807438401
49666,0.5009566316999472
49667,0.05883347565162129
49668,0.38093216148693115
49669,1.3822370281180274
49670,2.6310356500436756
49671,2.6449190667229443
49672,0.5735586926279947
49673,1.0601904528475259
49674,0.7624450476257008
49675,0.5010410317132846
49676,0.5872563253469318
49677,1.4188648359186484
49678,1.7319764405104712
49679,1.068019418108847
49680,0.1168817642706958
49681,0.919048531927448
49682,0.3057874410109078
49683,0.12469572320307654
49684,0.29067490267401985
49685,3.4159054238113034
49686,0.7752576829311723
49687,0.3114192203857854
49688,1.3344424453723616
49689,3.2104191749494486
49690,0.7133377892303854
49691,0.129703268356361
49692,0.813738051905388
49693,0.6979095068346054
49694,0.4332744441951326
49695,0.7377596460460584
49696,1.2499133625081924
49697,0.3674671597417393
49698,1.4878616526205872
49699,1.6191548775811493
49700,0.28872316164726125
49701,1.6870715823255193
49702,1.7153152830029055
49703,2.0065058532254927
49704,1.7658263477924394
49705,0.3552129982974015
49706,0.15551037450240313
49707,3.5973219068416946
49708,0.25390592384089966
49709,2.469330250095479
49710,1.2824299854793155
49711,0.19626232402326768
49712,0.1191717318541058
49713,0.7508965583711797
49714,0.1198580621796846
49715,0.5856419491632824
49716,0.9697998197697658
49717,1.819419503446155
49718,2.6661060756475425
49719,2.0370779283275713
49720,0.4994118375715868
49721,1.4192152559492468
49722,0.6428610778524361
49723,0.21263888509925954
49724,0.6217031259223356
49725,1.0901471789772101
49726,2.826613672164093
49727,0.22326405042729489
49728,1.049255907680282
49729,2.9825485740584194
49730,1.4553687710342746
49731,1.0761980766546002
49732,0.8603362815700568
49733,1.4839916559633923
49734,0.1559745023242517
49735,0.12166909124841381
49736,0.12269323908504513
49737,0.8054875374299449
49738,2.2474582929686653
49739,0.3577574714921628
49740,1.7096782835620559
49741,0.06476088218539525
49742,0.4972616162714172
49743,0.09183311632302132
49744,0.43093246374362804
49745,0.5710583713866731
49746,0.2566373490192417
49747,1.0402370941746297
49748,0.2146332897085216
49749,1.1465930373360926
49750,0.5711930600633821
49751,0.33187263554893554
49752,0.566744698436573
49753,0.8193547334260113
49754,0.6052269648100507
49755,2.5818455644840226
49756,13.557377112931427
49757,2.206235334807915
49758,1.2879063424260684
49759,0.14421836108565808
49760,0.5858267452563952
49761,2.8284701099769634
49762,0.7065841650971987
49763,1.0088374454741467
49764,0.6455637281128532
49765,0.43045883260863765
49766,3.3666902492570046
49767,0.2856190234699902
49768,1.1025757258341298
49769,0.2038792576127635
49770,0.7308725913229572
49771,0.12718017985386137
49772,0.5463826911227364
49773,0.8332014437672287
49774,1.194398670363928
49775,0.28676480585341096
49776,1.225115210194038
49777,0.7240433723275669
49778,0.2920313575194097
49779,0.9782369155457626
49780,0.32098669596935825
49781,0.4386552819135168
49782,0.38194216791864016
49783,1.373450582971933
49784,0.9522022541500716
49785,0.6314766053566253
49786,3.6479446162564657
49787,0.6521769798247934
49788,0.6666004448238483
49789,2.046626028411249
49790,0.29560576744200107
49791,0.6419983785375045
49792,0.6983234801766944
49793,0.22922304422834783
49794,0.7937674897617695
49795,0.17110906376124957
49796,1.9063847717162512
49797,2.577119848990624
49798,2.2828821469702847
49799,1.0310920009015427
49800,3.447297538709729
49801,1.653254543709097
49802,0.9508134533201579
49803,0.9964077274714674
49804,0.6431047285403257
49805,0.39327327870439394
49806,0.7880647040993507
49807,0.32285990717017404
49808,0.16285993460015227
49809,0.8702277396379237
49810,0.6362323674287154
49811,0.2206829831507635
49812,1.2989430801073558
49813,0.2609445804245815
49814,0.04137930655623422
49815,8.210100273974014
49816,17.245216656799983
49817,0.17239759053320447
49818,0.7594365397013303
49819,0.14238414822670215
49820,0.8252166308293641
49821,0.3437170284287737
49822,1.1019833404228612
49823,0.3974061374134878
49824,0.6752745235645204
49825,0.2491500161054064
49826,1.39215289331585
49827,0.21567657363716275
49828,1.6308878541544263
49829,0.5215861917683177
49830,1.395025054132653
49831,0.2870565711752199
49832,0.2770911881747648
49833,1.678551983540586
49834,0.7487691544643029
49835,0.023568805800821675
49836,0.6227523591792578
49837,1.2623081808527903
49838,0.13014882030950722
49839,0.8377156438805742
49840,2.554360202988831
49841,2.4316403303496514
49842,0.4802526992644979
49843,3.5342738566953944
49844,2.8745731904459753
49845,3.4436404533399445
49846,1.9689094882365825
49847,0.23874047959498246
49848,1.6528671644789985
49849,1.1243489311841526
49850,0.047509827824777896
49851,0.5767590605470948
49852,2.1758381865589693
49853,0.2710615495264659
49854,0.2524420423249536
49855,0.8448241791995347
49856,2.4756172343115095
49857,2.1952648687366207
49858,1.3014233816233722
49859,2.3190173026277034
49860,0.09593012423970985
49861,0.4109767267314014
49862,0.5456777776261326
49863,1.6144097592311493
49864,4.408929345225751
49865,4.047478182164647
49866,0.2067667197577247
49867,4.560941052798864
49868,0.9062667278410088
49869,2.5867272283121387
49870,0.9339215605833321
49871,0.3025813930029254
49872,4.761890641431694
49873,0.7680012958594522
49874,2.581335357550954
49875,0.16214579516659222
49876,0.19712506195273863
49877,1.145887155020493
49878,0.9524525928198166
49879,0.8828871802306748
49880,2.280772958372822
49881,0.4011658232264062
49882,0.41946464438230346
49883,0.8430268094963544
49884,1.0020024251200013
49885,1.429929988235986
49886,3.801580495113652
49887,1.9047835666968849
49888,2.209492629657928
49889,0.15440897657362695
49890,0.8014081200307092
49891,0.04553286550520883
49892,0.44972783382562487
49893,1.2532806027657761
49894,0.46066642980370587
49895,4.253597691185551
49896,0.41354423766090576
49897,2.498191740544332
49898,1.4668841197468605
49899,1.2972580323017489
49900,2.256911039197695
49901,1.6837151921633258
49902,3.0086025001067243
49903,0.43710397786697464
49904,0.6494330037606941
49905,0.2828431544966893
49906,0.1824558648541794
49907,1.7242003770432122
49908,0.12445658872440833
49909,0.2799849215606424
49910,2.1606237352867788
49911,2.30594870684982
49912,2.4249284253964767
49913,0.05338095941065489
49914,1.7771205499166056
49915,0.22088708376221822
49916,1.4128989842012285
49917,0.676862095647578
49918,1.8476896647783672
49919,0.18841993823821662
49920,1.2633900655566328
49921,0.9899382892907712
49922,1.6041341428301203
49923,1.3422896730967686
49924,1.4118089635985984
49925,4.652253284889554
49926,1.4681904840432392
49927,1.0051572408869722
49928,0.25653219303569125
49929,0.3676411651277644
49930,0.20080033299133673
49931,0.3300318474026325
49932,0.1006091850663629
49933,2.0464832265869184
49934,0.34132713674601944
49935,0.3628435079571159
49936,0.4979126447927771
49937,6.0144798935722275
49938,0.24225150421601332
49939,3.2443265854392696
49940,0.3361324291674136
49941,0.3088442678175236
49942,1.5136822372051584
49943,1.065643363316192
49944,0.5731110578248776
49945,0.41417379280461364
49946,0.2056954577323991
49947,0.336479484908803
49948,1.2523686414609205
49949,0.527559458812666
49950,9.48394884385969
49951,2.1887677637057665
49952,1.0425922663340286
49953,0.2953404273807145
49954,1.7838977022838531
49955,0.2658877354569606
49956,0.2808608583615011
49957,0.28938641349476535
49958,1.7420834400327962
49959,2.427344663306141
49960,1.4881034057428593
49961,2.068189964512255
49962,2.462706135714077
49963,0.8335789032169049
49964,0.13651476325773937
49965,0.13626453674521516
49966,0.5300977178715788
49967,0.7706099493759421
49968,0.9889300512368441
49969,0.47756787000527456
49970,3.0178166703941014
49971,2.5849640696497658
49972,3.8481720070706054
49973,4.822802633869344
49974,1.1760277379458104
49975,0.17752275250060204
49976,1.1852132235820116
49977,1.9061618223155024
49978,2.778037195588592
49979,0.03751676583596534
49980,0.09587655992161467
49981,0.2906793071580458
49982,7.962061372391416
49983,0.47047039719261735
49984,0.17588035691119316
49985,1.316167410373104
49986,1.850561337244325
49987,1.0312690556240083
49988,0.16561112921815146
49989,0.20820933819014442
49990,0.31199716707876496
49991,1.2432646631564552
49992,0.571262650481877
49993,0.5357606864640168
49994,0.3417482827379226
49995,0.7947598178833898
49996,1.7721909633043007
49997,1.2981943635262667
49998,0.6856764013491103
49999,9.793038225749418
50000,0.3203581755132968
50001,0.7773371582187804
50002,1.449681041243757
50003,1.641968822921898
50004,0.30011936224415015
50005,0.4721108493598566
50006,1.1594734698167415
50007,0.8356758325961535
50008,0.30124950308021714
50009,2.5441100516528516
50010,1.4320501745572223
50011,2.2705859571989206
50012,0.6217458241801296
50013,0.457040192611999
50014,2.262470261482221
50015,1.0222057516982106
50016,0.8171673065294045
50017,0.1188524761050106
50018,0.8898599034086656
50019,2.198322015983055
50020,3.4226125249225285
50021,0.5512581758705459
50022,1.466785179247865
50023,0.7502340942111909
50024,2.6554351420460485
50025,4.00313070513055
50026,1.676600347406948
50027,1.3133250594393022
50028,0.15828564203198967
50029,0.19390455631443007
50030,0.6137416626575176
50031,0.4219809719611275
50032,0.45886124951086027
50033,0.6151108252562157
50034,1.866916473290519
50035,0.7738411111529019
50036,2.1068724456720154
50037,0.6053545211016207
50038,4.998167537794326
50039,0.3596483230128075
50040,0.2996710915049852
50041,0.2696204663165591
50042,1.5423364867239104
50043,2.1688864896749847
50044,1.4207719465319189
50045,1.329905358773415
50046,4.266462265524763
50047,1.0581838723766408
50048,0.27089544752072253
50049,2.290915897605481
50050,0.26027069031998196
50051,1.4643120573843147
50052,1.6467044849913504
50053,1.927923564485239
50054,1.9653617731393496
50055,1.9647371646281295
50056,0.3238582498000643
50057,0.365307593754684
50058,0.5724117046558335
50059,0.23852723362277553
50060,0.39894259673559634
50061,1.2190387163537288
50062,0.14998137644980755
50063,3.8134982752189477
50064,0.4675286146258616
50065,0.5441359911900248
50066,0.6354199556119989
50067,0.7529325348252337
50068,0.4335165419154713
50069,0.7588989208128876
50070,0.9019824086673397
50071,0.7714411973556085
50072,0.24596480706336427
50073,0.3855853920665443
50074,3.5866911794493976
50075,0.33643479244775665
50076,0.46103525291344255
50077,1.4001597196246438
50078,0.261559640494589
50079,2.12082769500237
50080,1.5296177037318244
50081,0.5975234371889869
50082,0.6113239773542203
50083,1.562549787680714
50084,2.7971910693186075
50085,0.3750538697992813
50086,0.9307616942151815
50087,22.391808886848352
50088,1.3512508776788485
50089,0.7429614964665416
50090,0.6001549647159878
50091,0.4260743562978139
50092,0.22683906723533634
50093,0.35256672742631223
50094,0.15221348077211067
50095,0.07530505704809042
50096,0.9073086003620169
50097,2.348447640380071
50098,2.08195532560358
50099,0.13460547004337162
50100,0.16279510832897712
50101,0.910187522974008
50102,3.7297649311198926
50103,0.7684775423965945
50104,0.22250705524820355
50105,3.0147854454051903
50106,0.6922162670556105
50107,0.7367385609891992
50108,0.9320146862489175
50109,2.5148761023700743
50110,1.605298197997351
50111,0.44736452664902326
50112,2.993589917536157
50113,0.28813704020462405
50114,1.5358871965590934
50115,2.6932043032075272
50116,2.127892099701755
50117,0.8713446287382275
50118,0.4994979104626457
50119,0.475777839009296
50120,2.1618171153572128
50121,0.514622769628774
50122,1.210552679426525
50123,0.07748928881321929
50124,0.26489829780294055
50125,0.7151053597769461
50126,0.05614704265137771
50127,0.9394339092238094
50128,2.534703991840928
50129,0.24346790058405626
50130,0.041363239968226426
50131,12.320108666234763
50132,0.46915770401514645
50133,1.9654754193797923
50134,0.509539725513141
50135,0.5688661520938036
50136,2.328156350923744
50137,12.866628449336499
50138,1.9238247736927074
50139,0.7051929311962886
50140,1.9925490373403545
50141,1.9246775187806608
50142,0.9215602653122277
50143,0.8167502454091361
50144,0.16378298280982911
50145,0.5615812406732148
50146,0.18774065878208082
50147,0.3803048496285027
50148,0.8393557215830276
50149,1.5538558159184384
50150,1.0647251760038576
50151,1.0400876891863682
50152,2.4042139900522024
50153,0.18690647468892516
50154,0.3944201000079416
50155,0.0707153741219785
50156,3.4986992927281326
50157,1.4440499364703323
50158,0.5499406456705781
50159,0.24647840044408997
50160,0.2051840277409164
50161,0.13240865482613928
50162,0.02704647333765853
50163,0.6832965432814919
50164,1.202328532836643
50165,1.082053413675833
50166,23.630799827480306
50167,1.3422826552589706
50168,0.09017675893292958
50169,1.9954935109115834
50170,0.2565576680464181
50171,0.9840132870754235
50172,3.6032074540925
50173,0.059839005876570435
50174,0.44101257221712353
50175,6.770767072328935
50176,0.7597636935324333
50177,0.23835637218012987
50178,0.07116230087388808
50179,0.8627140920483942
50180,0.7717187705790118
50181,2.7216562582644275
50182,1.4245868478244523
50183,1.077288494210773
50184,0.2831956543853023
50185,0.5871125301934079
50186,0.9659912133348365
50187,0.3462593426679303
50188,0.8534618534336138
50189,0.9856146573022919
50190,1.5963053653667507
50191,3.9885816775925136
50192,1.8831795309219794
50193,0.3604960974339345
50194,0.24726794569393007
50195,0.39931094333334455
50196,0.9849563285395206
50197,1.6199599260234603
50198,0.31324687300613524
50199,3.0930911643461654
50200,1.3759314236210507
50201,0.31428185901092986
50202,2.169367350348944
50203,0.14208684882908668
50204,1.8043248900311764
50205,2.0180993836792283
50206,0.9448602339056367
50207,0.10767761874960276
50208,0.15192477484525108
50209,0.46087441660700634
50210,0.2111102253587051
50211,0.13198854764198756
50212,0.06259953320042808
50213,0.4238397622986557
50214,2.59673307109056
50215,0.4626790266131215
50216,0.17550042221308018
50217,2.0908267967991065
50218,0.6433260756567407
50219,1.1094777646074714
50220,1.4191608466994854
50221,5.042232891909463
50222,3.684832429163074
50223,0.5895606181089905
50224,1.1225209574775596
50225,0.30346423219969665
50226,0.7861823861929971
50227,0.6242484635462524
50228,2.4724487141292246
50229,1.198934155973918
50230,1.515229136628034
50231,0.07099117065841168
50232,0.816056210518241
50233,1.8163736643163575
50234,1.2333893182023112
50235,1.0832760685903349
50236,0.322709950471634
50237,0.3762787184611406
50238,0.9717629651754138
50239,0.9793733575312603
50240,7.1546102742163775
50241,1.446205359731831
50242,2.3084240783370804
50243,0.4914358039008272
50244,0.17418774899017775
50245,1.1766447304874046
50246,0.04579535827312578
50247,0.23974613678329273
50248,0.22711594274634755
50249,0.6558551923615412
50250,1.38493934335079
50251,2.8433759569924217
50252,0.3001864851289659
50253,0.5412269872237915
50254,1.7245699944728021
50255,0.463263946378945
50256,0.7264449789936909
50257,0.4175045782867422
50258,0.5755090350839933
50259,1.616883786949395
50260,1.41240685832063
50261,1.0550900275424744
50262,0.47096986202620494
50263,0.21488712512727712
50264,0.3813086373572981
50265,0.5917482793111384
50266,1.398427988275086
50267,0.3906931172616759
50268,0.13790611838614367
50269,0.8856079439922437
50270,0.7995588653851607
50271,0.3640308052259989
50272,0.8909898430562299
50273,0.6366311817295084
50274,2.172885576703898
50275,2.6481329720645297
50276,0.5755299426552738
50277,0.9032684806796983
50278,0.47666017959009077
50279,0.12435401469274922
50280,0.35314253661953804
50281,0.22693348784981887
50282,0.1961683091413084
50283,2.6779305502564297
50284,2.6076438374597046
50285,0.05802222515320832
50286,0.48273049652588
50287,0.18913539132931328
50288,1.4621482291565275
50289,1.499132811576703
50290,0.5017797237212808
50291,3.5415481650444742
50292,0.24799769860550955
50293,2.0990313812020647
50294,0.5728732919701798
50295,3.001376111294044
50296,3.3062014298579445
50297,0.7942119908679182
50298,0.2557389838682407
50299,2.296335477363311
50300,0.5740409010391638
50301,0.1645424719125672
50302,1.530627475193627
50303,0.08259388584386147
50304,1.2478412391227807
50305,0.1768106492018118
50306,1.6758805050583663
50307,0.7049464923938654
50308,0.558513396247216
50309,0.6630660420947597
50310,1.1643484952047412
50311,0.608333068047655
50312,0.5601491654601344
50313,0.4582881402291555
50314,0.19009784844435526
50315,0.589742839933179
50316,1.7296243017527346
50317,1.2890244707433998
50318,0.5201231318999685
50319,1.9449598643369017
50320,0.9263038708866065
50321,0.9679431214935963
50322,0.27405863560318794
50323,1.1648127000913728
50324,0.20974518199329492
50325,0.9619520989427516
50326,1.0203519573038151
50327,0.8105304080089188
50328,0.7844696889059304
50329,0.7749044261847514
50330,3.1996765705910226
50331,0.6810533592225693
50332,0.8136681348637417
50333,0.14828856623096423
50334,1.005699866094207
50335,0.25294513954773556
50336,1.4320226660896949
50337,1.0591862288828802
50338,4.450598116106338
50339,3.271785288143833
50340,0.28940883286820085
50341,0.5029940017441183
50342,0.9473669438269571
50343,0.540070348639171
50344,0.1768777348197036
50345,2.866177931899253
50346,0.43534832348569846
50347,0.7996400829159757
50348,0.16981223217759328
50349,1.0401200333570462
50350,0.13908678576464248
50351,1.0212199955472236
50352,20.245427610779558
50353,1.0425705041738895
50354,4.178400533644191
50355,0.05701320630908873
50356,2.033690013709786
50357,0.6125672772513455
50358,0.09362042539566967
50359,2.3794317964310885
50360,0.5201578506733321
50361,0.4937304456559489
50362,0.8313294304160568
50363,0.17701947471800603
50364,1.7818202039398812
50365,2.7851761856277384
50366,0.13004984960608876
50367,0.2042030170682621
50368,0.08439782976229933
50369,0.3212250296975544
50370,0.3838225864553134
50371,0.16862158367899707
50372,0.184133654013132
50373,1.7856054102228647
50374,1.013023720467144
50375,4.064403805852963
50376,1.7672781942255833
50377,1.293967651463589
50378,0.13227919550623293
50379,1.6052739635749287
50380,0.7158787926541023
50381,1.1236387140884392
50382,0.3067074956549827
50383,1.6138525250389093
50384,0.5383668550886073
50385,4.533334379590334
50386,2.011508945653553
50387,1.2615312603900608
50388,0.5916050608668542
50389,0.6155869903358046
50390,1.4308080020496399
50391,11.872206209530084
50392,2.2878229448391605
50393,0.22115706308891406
50394,9.03766631049267
50395,0.9562525131313206
50396,1.1217758692948636
50397,0.5128384985782217
50398,0.9913337604167201
50399,0.3910746077711278
50400,4.866918179235072
50401,0.6810041775594831
50402,1.2420063020493075
50403,1.755389545726616
50404,1.0458315119510104
50405,0.8005252883099483
50406,0.3703814656256332
50407,1.5128034121614766
50408,0.3556941504822728
50409,0.07903779154351584
50410,5.162965549244988
50411,2.5853313074046484
50412,0.11871768940135376
50413,1.1324648061745706
50414,0.16996206456062396
50415,0.10455104900955475
50416,2.7184908601686923
50417,0.9576532775019515
50418,1.0415283025492588
50419,1.7513963478413093
50420,0.8418328827046697
50421,0.3244357947610808
50422,1.2009422741032452
50423,0.1687255168030397
50424,1.235322373475518
50425,1.3641164434491344
50426,0.8176143553243944
50427,0.9096045807130247
50428,1.038896072569372
50429,1.8506048918489395
50430,7.9435956810997705
50431,0.09381873008183943
50432,0.8039328089774486
50433,0.0893367104058493
50434,1.532398189990628
50435,1.0456070669463393
50436,0.06910891988204435
50437,2.591906474171391
50438,0.22284900830818927
50439,1.741151839404381
50440,2.05226735946375
50441,1.226916590814421
50442,0.08612433119027665
50443,0.153172071636302
50444,5.3997421805463
50445,0.25542869436091226
50446,0.24367467994076483
50447,0.33658147184670156
50448,0.4865452042739315
50449,2.605155400699658
50450,0.23803535195082795
50451,1.716397779258199
50452,0.4728297945108294
50453,1.209236664458219
50454,0.648904603754151
50455,0.33473834744538716
50456,0.09206314668700284
50457,2.162274041594451
50458,0.09650349740454418
50459,2.3113147662446485
50460,0.63376017824277
50461,1.3144374771596246
50462,0.47523188562869323
50463,0.38289579979427457
50464,1.3839075115983874
50465,0.6868755836622691
50466,0.3304448809916548
50467,0.0420693064093589
50468,0.7483863332187215
50469,0.7953672735389208
50470,0.10900795100051866
50471,0.36160125648474206
50472,0.6076235849262581
50473,1.0033978007299265
50474,0.45398655128383514
50475,0.26270051277904183
50476,0.8184714849859651
50477,0.6682865950018038
50478,1.840788120930215
50479,0.6637383099166251
50480,2.4533172259043194
50481,2.041106432258076
50482,0.12010367004232869
50483,0.36626618024600827
50484,5.5399802982744575
50485,0.0665096079312238
50486,1.3628243652044714
50487,1.3500389144416696
50488,0.5580406650763523
50489,0.4444456192342355
50490,0.18012030250905092
50491,1.199729306164594
50492,0.09413733574829063
50493,3.135910208702369
50494,0.23349940930478866
50495,0.18126309194135576
50496,1.5448098430122505
50497,0.41704962889828784
50498,0.10715175982300547
50499,0.3135077031014795
50500,0.7682760403536242
50501,25.921919487564384
50502,0.3073398295527172
50503,1.4992610101230905
50504,3.5682617734860687
50505,0.2866013835126728
50506,0.23070392066147127
50507,3.5030492711345
50508,3.002000063630761
50509,0.4649817853703616
50510,0.9149075210757468
50511,0.7376825263703954
50512,0.4299212850708752
50513,2.102328209082903
50514,4.208438007557293
50515,0.5861966143300619
50516,1.6661480120621324
50517,0.7509409244483813
50518,2.078305317738915
50519,0.34290662742203315
50520,0.18369048877700933
50521,0.17598853597238553
50522,1.4580502224264145
50523,0.5513838057540609
50524,1.11489862031417
50525,0.2819777029240825
50526,0.5669372596222404
50527,2.2588456934002012
50528,1.9283288656235889
50529,0.13998430328959216
50530,1.3795853882707714
50531,4.5027774443013655
50532,0.47361278036108206
50533,1.299177072762422
50534,0.1891793830988541
50535,1.3372101523659887
50536,0.7837495102609346
50537,1.0595344448132378
50538,0.22376438184013822
50539,1.2147475128418705
50540,1.013282417282626
50541,7.850110295726418
50542,1.3850559266428235
50543,6.4750743472571415
50544,2.7473338426164684
50545,0.32893157547164664
50546,0.5898178977703731
50547,0.8287817587465673
50548,0.5566433920284917
50549,1.7410955779958324
50550,1.4829066311496892
50551,0.5591452466375492
50552,0.5674989713788556
50553,2.3820547950074418
50554,3.3091490237681467
50555,0.5769761987195848
50556,0.9910022066662537
50557,4.411145903946556
50558,2.1354178726647866
50559,1.3472585464851154
50560,3.2553029830851865
50561,0.7690024282651756
50562,0.3867734187803366
50563,0.7578221456065315
50564,0.06599980605792864
50565,0.9521028537373489
50566,1.6165955944790524
50567,1.3112250606388476
50568,0.5413569706373141
50569,0.7428827211150189
50570,0.17490005007419507
50571,0.7397862116425034
50572,0.43926255240687145
50573,0.17564288816530632
50574,0.04722498109538021
50575,1.0137542228739993
50576,2.8209345340847043
50577,0.46474117279581717
50578,0.21307393366546382
50579,0.8530038442914696
50580,0.4471625577988414
50581,1.4795772890652799
50582,0.6882287698051834
50583,0.649595681563592
50584,0.3502497601639239
50585,3.8905464456485146
50586,0.6557352918634491
50587,0.11499942191597956
50588,2.0127875850988173
50589,0.34651902139636337
50590,2.1482092638871126
50591,0.8053739306147828
50592,0.3082859814833402
50593,1.9471989741996611
50594,0.2152911186447831
50595,0.39961268620153334
50596,7.985458479493014
50597,1.568068878765236
50598,1.3238302805854352
50599,0.27092484856097476
50600,0.8674232736776876
50601,2.2094733104923057
50602,0.7039277147410926
50603,0.1090892378465092
50604,0.3908201815085204
50605,0.7888396322352458
50606,0.5279693026942155
50607,0.9960848378401291
50608,0.4220361354823432
50609,0.41013884683940216
50610,0.436843533398966
50611,1.7270627489418382
50612,0.21638107799492412
50613,6.204639317361421
50614,2.8545672918734986
50615,0.18821559062519105
50616,1.962715847423018
50617,1.0328858986260516
50618,3.33850308026196
50619,1.4342212911339263
50620,0.13943679331381714
50621,1.2178685520310013
50622,1.698432934243312
50623,0.24859083044888572
50624,2.883851988945163
50625,0.14176736933125222
50626,0.49304512354913
50627,0.28447775411772064
50628,8.290318916588632
50629,6.739458614338197
50630,1.7280236828227928
50631,1.1151004014423596
50632,0.35456958249887005
50633,0.054953682549155995
50634,0.8033056067045332
50635,1.771794832255223
50636,0.17772807035921923
50637,0.21586379779909134
50638,0.5499461100597872
50639,1.2724988569252194
50640,1.1313269353292295
50641,5161.426327491083
50642,5300.187570143901
50643,0.43623029731193375
50644,0.31964539269185077
50645,0.2693198416653106
50646,0.13267884469687366
50647,0.64526409254974
50648,3.6919445348621354
50649,0.7447275001800575
50650,0.23707890337578288
50651,0.9053654122760806
50652,1.2434458005823057
50653,1.017885888462429
50654,0.2480230816962047
50655,1.3260073267111938
50656,0.8506596979536334
50657,0.3976423654630375
50658,0.5738321889098125
50659,1.708486642770479
50660,0.7761725951918321
50661,0.13719960012453974
50662,0.3114931011436333
50663,1.0665066638544298
50664,2.05962879842618
50665,2.0094430401722927
50666,1.1242023915074788
50667,1.6225890394975284
50668,0.12807029527233096
50669,1.0129399106400738
50670,0.4536764186332252
50671,0.571515203415927
50672,0.7676051228217076
50673,0.6153047348064248
50674,0.13969446009715522
50675,0.26415884148681196
50676,0.29003576791413466
50677,1.0207677454197674
50678,1.910461299047848
50679,0.9013714658655115
50680,3.340184482498565
50681,0.7041305905292978
50682,0.35966592665747704
50683,0.49272968738054235
50684,7.643782112981359
50685,1.4029577396232475
50686,1.1888911670733078
50687,1.612054798305323
50688,0.8790280302649911
50689,0.3252960562238734
50690,1.5513054765110537
50691,0.3942004156674433
50692,0.052492644736186964
50693,0.12550869619009847
50694,0.32742442163592456
50695,0.25727295640997244
50696,6.474726299844807
50697,0.43854569671334365
50698,1.364051029763905
50699,2.164942232529203
50700,0.9238159690650992
50701,0.6689170486572679
50702,0.8900652160806508
50703,0.35138791335310887
50704,0.7323660972618737
50705,1.0075242633364585
50706,1.0876199973296827
50707,2.6460970335667167
50708,0.7020531859093329
50709,0.09081761741703837
50710,1.795188279928195
50711,0.7598177688565099
50712,0.2145289911181168
50713,0.19454537873153624
50714,0.2002741824365008
50715,1.3200555358012975
50716,0.7790768827838901
50717,5.594723402943732
50718,2.177778363446501
50719,4.555541575241582
50720,0.5388953511537543
50721,2.9190789812164777
50722,1.6169720817837558
50723,0.807113684192206
50724,0.5555994451751135
50725,0.32574366830691376
50726,2.1948870996268246
50727,2.700966942937842
50728,0.6619109855224103
50729,0.10359752684208189
50730,0.9990753491862421
50731,0.6541069859678478
50732,0.17024978483949071
50733,1.769012453716624
50734,0.4320072282204073
50735,0.9533649207959576
50736,0.614523206945516
50737,0.9457139215738777
50738,0.1859666064436946
50739,0.4655077509310475
50740,0.5739049546691938
50741,1.7176290094829556
50742,0.2669992027874504
50743,0.3068043736834945
50744,0.1064375293935044
50745,1.758491500251998
50746,2.0592625505976834
50747,0.7951367785128396
50748,3.3440371687935215
50749,0.2712527330702849
50750,1.1618027894650094
50751,0.3364779284207925
50752,1.6561806490917472
50753,2.67079257613367
50754,0.9317986713601922
50755,1.0653902580274464
50756,5.085385782090685
50757,1.2478215241518078
50758,1.623445423730965
50759,0.9417151753610514
50760,0.35162250447993193
50761,0.06297099299348745
50762,0.2733599449162373
50763,0.6761717788751795
50764,0.11144827386401181
50765,0.9530614129193891
50766,0.10243175440712803
50767,9.50288853357682
50768,0.7304713993988285
50769,0.9234716287642648
50770,0.9926875803554194
50771,0.9157643275262519
50772,2.7687157807596856
50773,1.3930191008497728
50774,0.07599006164941502
50775,1.4585190263815488
50776,1.371089449664733
50777,1.6529020802274197
50778,0.094300222147993
50779,2.6334590901616792
50780,1.4885623171119562
50781,1.8858351422857
50782,2.0308736239856495
50783,0.25511873161769866
50784,0.32788071761117427
50785,0.5195705627417594
50786,2.3309932469053622
50787,0.7001142692581788
50788,0.27176506307833775
50789,1.251917019703957
50790,1.46026570193896
50791,2.3126798214717676
50792,0.2152549113403256
50793,0.4684738902592679
50794,1.223285339930529
50795,1.2936447838380858
50796,0.41890058365877714
50797,1.2088351442415772
50798,1.4894231245820349
50799,0.7134765024015794
50800,0.2377575595703788
50801,0.2640215938366829
50802,2.05078452497205
50803,0.37697372585643585
50804,0.12594417314442471
50805,0.5095446040378011
50806,0.20181459814181713
50807,1.4286215552893187
50808,1.5940428566603544
50809,1.6866526069503014
50810,0.9456223994411803
50811,1.411653260533356
50812,0.41417644419108635
50813,0.21621251799099483
50814,3.5007315210152337
50815,1.2592044292231936
50816,0.7139125995686585
50817,0.8796571917640464
50818,1.3239262049534812
50819,0.7053548080443015
50820,2.0969875305678483
50821,2.9498417919467324
50822,1.2834528699172467
50823,4.293823699560674
50824,4.759714731971294
50825,4.0774045356698245
50826,0.8331241403193905
50827,1.3830078758838948
50828,0.718111102153823
50829,0.2186999227842637
50830,0.30451411918710314
50831,0.4236000911468006
50832,0.9638234846789924
50833,0.22211383036870805
50834,0.5447172990418164
50835,1.0440760280873187
50836,2.961466745371461
50837,0.10302929825828795
50838,0.5802054262999743
50839,0.9940348191607302
50840,4.540121428972331
50841,0.12496234310462496
50842,0.6035159141475507
50843,0.5804735302284599
50844,0.6972246779924774
50845,1.467509484197413
50846,0.12152593815592685
50847,4.5582387754425895
50848,0.8250920115235939
50849,0.6169480496005444
50850,0.3517170408678315
50851,2.0817253467511527
50852,1.3708203208573637
50853,1.227602663402748
50854,0.6574973643881551
50855,0.20324893395507646
50856,0.6288116997626764
50857,0.10302955929947175
50858,1.575079774783526
50859,0.5132353885931414
50860,0.931040444302476
50861,0.45825170666474435
50862,0.05510655741412927
50863,1.4185832264927378
50864,0.3749183229626623
50865,0.0867607648681032
50866,0.4207102847459553
50867,1.5750780644314484
50868,1.1431050494125519
50869,0.7653136076132819
50870,1.6287209533762375
50871,0.9893125751767103
50872,0.18164501874211966
50873,1.1358897403391777
50874,0.5424110307484178
50875,0.56031496159706
50876,0.822939758044503
50877,0.1367450973318227
50878,2.040531020075167
50879,1.0073989674335826
50880,3.25221863882332
50881,1.1608311361800427
50882,0.6813507608364507
50883,0.31135670769497303
50884,1.2417210930468825
50885,0.06418916963901114
50886,1.1209593573952248
50887,0.8428896009290212
50888,1.3530295547793472
50889,0.09892575667077894
50890,3.1300787632569476
50891,2.607048552171857
50892,0.1426529150840836
50893,0.2893021059945998
50894,0.10877670180115043
50895,2.2249131235426223
50896,2.664255918343627
50897,0.5136462572232181
50898,0.34665039111681595
50899,3.0692865468526156
50900,0.09586156545581012
50901,11.348403835444559
50902,2.1407349520302215
50903,1.4951023742054887
50904,0.6920288085408788
50905,3.6170450251481903
50906,1.6923387784216097
50907,2.4661899397347615
50908,1.3441244547636422
50909,1.8025911126221779
50910,0.41283437378674825
50911,1.0435788860293889
50912,0.21429838381888178
50913,0.38445687932844774
50914,0.4730870886041474
50915,0.1487910855609404
50916,0.5944817108511781
50917,0.32745427318089887
50918,1.6064200483110207
50919,0.555523934058729
50920,0.5934517533877579
50921,0.40583206331148103
50922,0.13923399892089938
50923,5.165279857918544
50924,0.12945815604805064
50925,27.43369879236892
50926,2.1482305056572346
50927,1.330077379755689
50928,0.233100832829481
50929,3.221327344966146
50930,3.10854035988493
50931,0.851737401456593
50932,2.969686900655942
50933,0.2392315142301255
50934,0.8320342093286889
50935,0.0646164308932837
50936,0.02839555197087631
50937,1.1942188676677465
50938,0.10355874309669423
50939,1.6863247796033107
50940,0.3315274977977362
50941,0.5961863148611976
50942,0.4881527524517764
50943,0.9403304994160557
50944,0.7694768562985147
50945,0.08495912656702134
50946,0.7594089508350028
50947,0.6777496428528516
50948,0.27460509785669535
50949,0.8252872247730276
50950,0.16489220562957893
50951,0.36170371003965474
50952,0.08221702883716288
50953,1.0609410883444061
50954,0.2038099018557642
50955,1.1005063715026002
50956,0.08119498402612767
50957,2.2454097055728335
50958,3.7938940089845805
50959,0.451666283091756
50960,0.8826382027718057
50961,6.415197860728785
50962,0.42606115953009743
50963,0.33667660161941815
50964,0.14960088127084523
50965,0.4132550730208104
50966,0.587762097048726
50967,1.886202692820675
50968,2.1832438939040317
50969,0.3466712693875523
50970,0.24354111873363976
50971,2.667143889207881
50972,0.4811652959387533
50973,0.4184228059051494
50974,0.988858497082568
50975,2.9793887529743532
50976,1.0411500913186291
50977,0.8660589922632461
50978,1.8576230953463513
50979,1.3242961977382692
50980,0.6007866943602427
50981,1.3673625637107782
50982,5.463089398370427
50983,3.7557135846084004
50984,0.4630420354562128
50985,2.88102587366146
50986,1.0152908214221532
50987,0.08365524169803798
50988,0.45221260726115614
50989,0.5419663564452317
50990,0.7995455935708227
50991,0.7521754158493987
50992,1.2046376575128597
50993,0.3173804210035306
50994,0.9094931721417794
50995,0.12083834395228438
50996,1.9795804068169516
50997,1.4162817887172814
50998,1.2223621408259948
50999,0.28885067288430416
51000,2.2229170781008127
51001,0.19344012269292224
51002,0.08718589708126848
51003,1.1041004480156158
51004,1.581245207680904
51005,0.14981297451806477
51006,0.14588798536484662
51007,1.1124674641723427
51008,0.5534997443053903
51009,0.3158664628881591
51010,1.2308148430556016
51011,0.9323519188243254
51012,1.4189015250005257
51013,0.12726543878150556
51014,0.5570844820466928
51015,0.6244301377211644
51016,2.0137736603936904
51017,2.122124935078301
51018,1.5479765829787593
51019,0.9240655474464962
51020,0.5960904454373683
51021,0.8100675327743166
51022,0.47635616520987056
51023,0.8265114946344411
51024,0.5041029649389754
51025,2.230989755285215
51026,3.6171112807222765
51027,67.9006602357904
51028,0.05664300921968673
51029,1.2576771283116552
51030,0.14352849270877735
51031,1.5911286940937084
51032,1.9324578509781452
51033,0.9327596821373273
51034,1.2246168039017482
51035,2.046331041395654
51036,0.12767262313764385
51037,0.8472270273494878
51038,0.05553663926211253
51039,0.37819449002550487
51040,4.294356026944195
51041,0.7827564739256763
51042,0.21356537648958504
51043,0.8627851826533358
51044,1.6222817758012862
51045,0.21421938551743214
51046,0.2981044832450771
51047,1.6187934383100369
51048,4.819268932666709
51049,0.09939881958405333
51050,0.8185370671437409
51051,0.6096577753959005
51052,0.8101340182517109
51053,2.192863209934637
51054,0.21705901833821625
51055,0.5144536389775717
51056,0.05904092226869397
51057,1.3624010730444387
51058,0.9491812816639998
51059,2.194495444385525
51060,1.478222873173973
51061,0.6473016833912142
51062,0.5647560353810824
51063,0.4684412266791664
51064,0.39517925628705747
51065,0.931497484886181
51066,1.709765514818022
51067,1.2961913668269376
51068,0.559925347950533
51069,0.7884207190766923
51070,0.10290764281043194
51071,0.18040875644115506
51072,0.4966596117565361
51073,0.7563056439050786
51074,0.6622008606386731
51075,0.6666195268640613
51076,0.14289903930486056
51077,4.572028564176349
51078,0.287293949153661
51079,0.7221617914622624
51080,0.6928518636669283
51081,1.4365678606794383
51082,0.6985088423662591
51083,0.8512091644898208
51084,0.09610802149477907
51085,0.5854010984493659
51086,0.5014633771332601
51087,0.7932215037575716
51088,12.412406742817033
51089,0.08412950942363043
51090,0.2710800822189435
51091,1.591036935662466
51092,1.177371125399072
51093,2.4460356980277416
51094,0.8809157815538149
51095,0.2664337033109597
51096,1.9158091205656331
51097,0.13309135182857273
51098,0.6833860234762371
51099,0.9352480164354195
51100,0.17252979213344116
51101,1.5752324236925659
51102,0.5349148561993816
51103,2.2027819115997254
51104,1.1441118772101353
51105,0.31864031980866264
51106,28.619267210639684
51107,0.3108144425687379
51108,1.1267806287598305
51109,0.2594191329616259
51110,2.9896123369696506
51111,2.286324608439457
51112,4.579408578560671
51113,0.0760859637116838
51114,7.592457717027978
51115,0.9298984834701204
51116,0.31560902106365396
51117,0.10301457571424227
51118,3.1478315348187422
51119,0.5066983864425135
51120,0.24199464656475636
51121,0.9853376574874795
51122,2.122299410564499
51123,0.04186632394922691
51124,1.0805338583259878
51125,10.577710982257912
51126,1.018816268591207
51127,0.8045745952473408
51128,0.24801376877261921
51129,1.6162949086878609
51130,0.6227841627708575
51131,0.26608845036805917
51132,3.1036689576487384
51133,0.26688747623800924
51134,1.0145252660876298
51135,0.37001283167053367
51136,0.5168816160129459
51137,1.0624876929304738
51138,0.3851281197506145
51139,1.3837207692229967
51140,0.21887536624890708
51141,0.22711400169450024
51142,1.6352427866393136
51143,1.0759754925635212
51144,2.271975443665179
51145,0.6486114915350583
51146,0.23096544704733998
51147,2.1009620937287656
51148,0.4911474594560267
51149,10.39279397799379
51150,0.504895185588742
51151,0.4103192825537303
51152,0.4216418781515041
51153,0.752706378911151
51154,1.0382926751604085
51155,1.1766880613238253
51156,2.572631052139447
51157,6.537789010925259
51158,0.45943053582624116
51159,0.7492618807520884
51160,2.755399999521309
51161,0.9839066976645302
51162,1.9518175357251057
51163,10.917506357884358
51164,0.8505841787696286
51165,0.44036314660689746
51166,1.3966256084554645
51167,0.3078913551387387
51168,0.033067404471019156
51169,0.4744964031428338
51170,1.2973050983642522
51171,0.12419689313310003
51172,6.407708696578437
51173,1.0773702938908833
51174,87.2455152035172
51175,0.2830912539608121
51176,3.1203846740813357
51177,1.5041666373149043
51178,0.3551164621674836
51179,1.5454180843405911
51180,1.1747606949049605
51181,1.2623701141894843
51182,4.369450870486499
51183,0.47750280774536524
51184,1.3124613001085361
51185,0.11771594784364905
51186,0.28625479567864537
51187,1.4541564238246594
51188,0.9484850991591657
51189,0.646405402025397
51190,0.7657646478470448
51191,0.05505391390648078
51192,1.0857711825139547
51193,3.4171200622029203
51194,0.16208863013739533
51195,1.913902265936499
51196,2.024292235467241
51197,1.2548797894768773
51198,1.11743291473886
51199,0.19182181096404946
51200,1.1950730801411968
51201,1.0193762815832688
51202,0.2279104148089017
51203,2.3623110707540858
51204,0.6195072298682256
51205,1.4459938239040093
51206,1.040749486876781
51207,3.502807267763845
51208,0.3994826049907593
51209,0.938106243419959
51210,0.8009633319940949
51211,1.0913576705190164
51212,0.32162655242000837
51213,2.443394409544713
51214,0.2703131467449125
51215,0.9094816873168443
51216,1.2335498463445038
51217,1.9681019607561443
51218,0.4235731411105773
51219,0.12754348777306923
51220,3.1250872461401906
51221,0.24749409396964453
51222,4.58917526730285
51223,0.26629923137245026
51224,0.14036071726151655
51225,5.883335088612844
51226,5.112401345537508
51227,3.6608625496669682
51228,0.20136946648920695
51229,1.3394383240939882
51230,1.7275380375091762
51231,0.9150587408375405
51232,2.5390674088187426
51233,0.8021340486038679
51234,2.5203078711958526
51235,2.7923688550558046
51236,2.6902176628683776
51237,0.06691782160881038
51238,0.8400154688612756
51239,0.7085976095180222
51240,0.29876377322863473
51241,1.6074680583201002
51242,0.35002525397022644
51243,0.8823529913100023
51244,2.4455074126658913
51245,0.4985899224520537
51246,0.14399791349451074
51247,1.090006492292328
51248,2.3816431808517207
51249,0.5873099992150715
51250,0.10300927116263466
51251,0.0475323592466569
51252,6.813446979373409
51253,8.145458544246422
51254,2.654389103733858
51255,0.3975063470419461
51256,1.3220461220545343
51257,0.7686549964925006
51258,1.223849624807475
51259,0.14393216020970903
51260,0.04687830376811467
51261,0.18473933447483898
51262,1.0546485219068598
51263,0.045044116711656014
51264,0.0751900263679067
51265,4.177725671864274
51266,0.6272965379865394
51267,0.038446510098819324
51268,0.5996636235436634
51269,0.7784095293896545
51270,1.1389172571163004
51271,1.3368931628703693
51272,0.06825516064237425
51273,0.4857177775716745
51274,0.20667702789738188
51275,0.8170942562788291
51276,2.411130373271581
51277,1.282789821752747
51278,0.6660889717278657
51279,1.112159921423714
51280,1.0989303080761312
51281,0.1633363889330361
51282,0.6969918176716937
51283,2.114966577503516
51284,3.0268135848302706
51285,0.6576956246380911
51286,1.4905323585430454
51287,0.2970323739863887
51288,1.359224824622574
51289,1.3628356841631961
51290,0.7006423896339098
51291,0.6699984887909427
51292,1.279309763489454
51293,0.6318343927086508
51294,0.48730349518545213
51295,2.454036912811706
51296,2.4946639719483272
51297,0.3855368954828932
51298,0.305866545399763
51299,0.8472296428596915
51300,2.2785391395985632
51301,1.5429434398643291
51302,1.4473337359113585
51303,0.2497564220706596
51304,1.3408336664736429
51305,0.16315411422292328
51306,0.6039759843695631
51307,0.2804835749171384
51308,0.11219666803984164
51309,3.4760613933724143
51310,0.25858302757957463
51311,0.7530110928308063
51312,1.4538002272039887
51313,1.339801970926233
51314,0.6965929876350891
51315,0.03828736219381837
51316,0.6223101142073593
51317,2.4997882823680464
51318,0.1649264356457486
51319,0.7978552447270295
51320,0.2621408564630411
51321,1.011991216503381
51322,5.49477011192266
51323,0.20475419053493962
51324,0.36596307207074963
51325,0.31855119866545756
51326,0.9015522003063188
51327,1.6009077683211956
51328,1.7021052745818595
51329,0.09511988906047866
51330,10.028065781773714
51331,0.0747931307561977
51332,1.118367742737946
51333,1.392170872965203
51334,0.9308003468530897
51335,0.5766204403594202
51336,0.2514306597581086
51337,0.7162459940405672
51338,1.6497214949231285
51339,21.030608476587023
51340,0.42740044891977835
51341,0.11680619267630475
51342,1.333993756382766
51343,0.7000190449351911
51344,4.732449819373348
51345,0.31117352842828994
51346,20.52466026525737
51347,1.120804037405437
51348,1.8461212924526171
51349,0.7952648345543134
51350,0.6945892014799014
51351,0.08007418010296441
51352,0.03186281420895881
51353,0.7877208286145532
51354,2.649116201100418
51355,0.3865818640542554
51356,5.5678709772336425
51357,9.821885007643946
51358,8.834802710943178
51359,8.836908231175693
51360,2.069131444808078
51361,3.8034743475890873
51362,3.071289013953956
51363,2.093378782899774
51364,0.5086364947908881
51365,0.7079512183669866
51366,1.0429561232590805
51367,1.4699427133293168
51368,2.330056057432009
51369,0.0576790504525594
51370,0.21042852386828298
51371,1.1537216259659377
51372,0.09977554811323253
51373,1.1568780607900364
51374,0.42828345366053217
51375,0.7253098624840983
51376,0.8380517475644231
51377,0.8513901342778758
51378,0.2632191980656445
51379,0.3466061065577391
51380,0.3181610020215859
51381,0.36840855786860577
51382,0.19943294689465188
51383,0.5038882693237503
51384,0.053606554248107535
51385,0.4279945722565043
51386,1.142638262723866
51387,0.6585600532315342
51388,0.5383260413229778
51389,0.1612220363255576
51390,0.1708028150696289
51391,1.1997810867138003
51392,0.21412235608472027
51393,30.77166823723168
51394,2.36458980030163
51395,2.7948507152167865
51396,0.41801911849456413
51397,0.5828968851742732
51398,2.942752810500966
51399,0.8672530381218769
51400,0.4508086587995104
51401,0.6217895434373885
51402,1.6423586677818813
51403,0.4111089318077794
51404,0.4008519143048365
51405,0.17564664820297307
51406,1.2839839006031533
51407,1.5929676488684823
51408,0.25733897282905266
51409,0.7899867921548814
51410,2.014465648332181
51411,0.9242345785214277
51412,0.3186358263550674
51413,1.9118525617499724
51414,0.5717355948768313
51415,9.363106691971518
51416,2.231158045931881
51417,3.017425588169871
51418,1.5722812651515492
51419,0.5058592687975263
51420,13.006563448803739
51421,1.960395865277091
51422,2.748196647847624
51423,0.45541469621967257
51424,0.3801483470449548
51425,0.7005325334116504
51426,0.7053376353348616
51427,0.3886938671879877
51428,2.7329174593216976
51429,0.3104247323746787
51430,0.5325364319931261
51431,7.95447389307273
51432,0.5806402372387113
51433,0.7670440486704836
51434,0.21772615503285747
51435,0.5914104221182932
51436,0.186638671962881
51437,0.8550049109225263
51438,0.09530119651771492
51439,1.9847544990322146
51440,0.4505102673449017
51441,0.364462473452956
51442,0.2326378036968513
51443,1.4544729046500084
51444,0.22099920867463946
51445,1.0664309023023542
51446,2.027081337654842
51447,0.11680372553663927
51448,0.7391912668035433
51449,0.0393458722321295
51450,0.7047925309144804
51451,0.39414757804866807
51452,1.4071930219847841
51453,1.3385445121847706
51454,0.27475399783252424
51455,0.5910136788560089
51456,2.571915451730931
51457,0.13117008310580744
51458,2.9655222484113897
51459,9.057995498773755
51460,8.24057023687754
51461,1.3688527545109512
51462,0.8694959354309726
51463,1.2920495167677346
51464,1.4697191135033236
51465,0.2868289203291268
51466,0.1814628661624915
51467,0.5002239468965942
51468,0.7318212359704753
51469,0.7432066128263864
51470,0.22393496911268176
51471,2.078294913696721
51472,0.32197783801862173
51473,0.15090183313183264
51474,0.7875019785107745
51475,0.802539494966067
51476,0.6744062577409855
51477,7.634596671712911
51478,3.911521253386844
51479,0.2935548162208529
51480,0.765980923639942
51481,2.012133767412651
51482,1.9028877724139999
51483,1.1070428598753863
51484,1.380425666819025
51485,0.9934303031137107
51486,0.6057322559444969
51487,0.6363909836388864
51488,0.13092091455876423
51489,0.23499659785247623
51490,0.8501131848832584
51491,1.4937995669518582
51492,0.34993419572350953
51493,1.4351164653355437
51494,0.6570677085332267
51495,0.6724406414840773
51496,0.9600138802173452
51497,2.4888127491326086
51498,0.6603368249863604
51499,10.605275335949395
51500,0.6507049488919544
51501,0.2502073006403551
51502,0.9769840605182722
51503,1.7963039033608132
51504,1.060084084083316
51505,1.4189405217337445
51506,0.30854394288277676
51507,0.11222014185514034
51508,1.1070118204294155
51509,0.9578601890846913
51510,0.08474889805380492
51511,1.2052911715208747
51512,4.459437676536858
51513,0.8665732277267749
51514,2.6067214826790313
51515,0.16981457172583408
51516,1.0487035032295466
51517,0.4238242526917535
51518,1.4461005662755015
51519,0.7012945037804705
51520,0.8047370601130586
51521,1.1078809066666864
51522,0.39040716418575006
51523,3.252373147917025
51524,0.7399369458945979
51525,0.7778320501930769
51526,1.5030674442882783
51527,2.1562151962163956
51528,1.329124411582548
51529,3.1872464187954326
51530,0.5722080828753793
51531,0.6104900497984168
51532,0.40061793494965986
51533,0.03970736754536801
51534,2.2417883571985087
51535,0.08669921394931097
51536,0.7031546325328836
51537,0.7074162705800857
51538,3.6293061084669427
51539,3.759462011265347
51540,0.3927989437261376
51541,2.1559194214376025
51542,0.4369901061872976
51543,2.3014949549873265
51544,0.7158755345910799
51545,0.14314244819708113
51546,0.12793820778040144
51547,4.94209824574975
51548,2.4814096508428483
51549,0.6886414428619547
51550,0.06648030046629198
51551,0.0905806251719536
51552,0.22808603597918065
51553,0.12939349610650022
51554,0.23070918223871084
51555,0.053780790596259696
51556,3.1027343283356537
51557,0.5300347731032073
51558,1.6503366654895726
51559,1.1867575599442286
51560,0.5115139686328299
51561,0.2510417082965163
51562,5.3206843456659145
51563,10.314723211594384
51564,0.32632056755110755
51565,0.5713108760107161
51566,0.7105201661987061
51567,4.558690699032489
51568,0.09450918488339184
51569,0.7673570047579225
51570,1.4279304019591095
51571,0.7861664879335885
51572,0.7206919806132704
51573,0.1048017349737928
51574,1.3487023657758161
51575,0.09397809354078357
51576,1.1415996426139896
51577,5.604850294937611
51578,2.19288916296773
51579,1.0178087732688441
51580,0.8657723008530469
51581,0.19210048768546156
51582,0.9057713453634434
51583,0.06191831116685912
51584,0.06227392413961553
51585,0.4304602356536505
51586,0.37664190010403714
51587,1.0526004921498548
51588,0.5709063236885117
51589,0.466093154815467
51590,0.6562479108344788
51591,0.04920310852082296
51592,0.23143781008109016
51593,1.3275830259787849
51594,1.2088328994690571
51595,1.9720913384037577
51596,0.9270254412858707
51597,2.7023708631540746
51598,0.536643473744173
51599,1.3136774124476704
51600,0.9002269963880345
51601,19.372923315054276
51602,0.9070502064080312
51603,0.24369493601832815
51604,2.6914246653840865
51605,0.4396780524313209
51606,0.11605332568117899
51607,0.7334689643616306
51608,10.092605291516756
51609,0.3218490022623781
51610,0.5993492979486963
51611,0.6889710197934041
51612,2.9800173073420053
51613,1.9801728036800585
51614,4.677930575159475
51615,0.4159940858085329
51616,0.3476456290615444
51617,2.283016614352207
51618,2.0889396804707054
51619,1.2199159133031392
51620,0.6853340576174549
51621,0.08620953664468975
51622,2.1946402678041292
51623,1.3181835976057235
51624,1.2973218969579778
51625,1.3737375496017528
51626,0.18892586941503628
51627,0.10132577367305293
51628,0.2068877969072667
51629,0.5223194041586685
51630,0.716620876352677
51631,0.49682098857129275
51632,0.4792583245215238
51633,1.0485536129672501
51634,3.1972412167223387
51635,1.42893510609848
51636,0.47884449515486693
51637,0.7141256646731269
51638,2.3491566525408185
51639,15.724369071728884
51640,0.5007146463186204
51641,0.8227232794309092
51642,1.1173257047494198
51643,1.058539717940431
51644,0.25492685096338275
51645,0.6689286056838643
51646,1.2903206695064386
51647,0.49605354952146824
51648,0.8672413656012339
51649,0.7952440754657006
51650,0.6851363646269902
51651,0.16714734181200078
51652,1.0875954799691376
51653,0.12415376382225121
51654,0.22910345442719796
51655,3.3826825739817554
51656,0.4734560243370284
51657,1.3454321709197932
51658,1.4518698382760813
51659,0.4310697745485232
51660,13.989219421971018
51661,0.3514673462771455
51662,0.1887602994011238
51663,1.0779206506382262
51664,1.5259157441944482
51665,1.0090829409112914
51666,0.7351887310307955
51667,0.2047658367433745
51668,1.064935924749327
51669,2.258154628946754
51670,0.8002740030379419
51671,0.8678372847323463
51672,2.7001776529837342
51673,0.49096691273010795
51674,0.8332010910332736
51675,0.20158342006933527
51676,4.254009922228665
51677,0.46195010374267564
51678,0.8432707320664421
51679,0.20222779128604246
51680,1.4773560097659528
51681,1.3023145249439245
51682,0.7971497259123398
51683,0.15232397808989237
51684,2.0623173588075594
51685,2.146643806283559
51686,1.1488216148341621
51687,0.10813060937193197
51688,0.4756971823977864
51689,1.3600615248380121
51690,0.21107279762077946
51691,3.4697021911135284
51692,0.4667105482253361
51693,0.6391510805214345
51694,0.11324971389488081
51695,0.344809562379189
51696,0.9729952513119666
51697,1.3424340917886772
51698,2.2144653133909737
51699,0.25969751236627414
51700,0.621591584967403
51701,4.3135171014554095
51702,0.6382320072421428
51703,0.701676173014734
51704,0.943758461931687
51705,1.1673767062585005
51706,0.4169928121354339
51707,0.42968683187182677
51708,1.2014893628047603
51709,1.8738404524779613
51710,1.6392729396105985
51711,1.9538176897507467
51712,2.3025383833752593
51713,0.680478794597808
51714,1.1647842481916664
51715,1.6668598643427943
51716,0.2371183590252366
51717,0.2775792929131893
51718,2.088888692834225
51719,0.05374307916895458
51720,2.798128335350088
51721,2.0004331684039482
51722,1.607762021837457
51723,0.6876288844891889
51724,3.1336123934346443
51725,0.8305501596938476
51726,0.06419257706446883
51727,2.098673373131299
51728,0.5265409030965889
51729,0.24316989342150785
51730,1.5511633136930814
51731,2.1804652843782586
51732,0.25639789927466794
51733,0.17865824164890534
51734,0.6726461537169648
51735,1.3840643409723057
51736,0.4873225264335307
51737,1.0575310117890724
51738,3.4227865787760834
51739,1.5065505200565825
51740,2.4999933531971132
51741,2.4500146592489993
51742,0.07717043213449011
51743,1.618601401534099
51744,3.404913410393432
51745,0.15520547327595138
51746,0.1859304385905779
51747,1.659970903177937
51748,2.41985226591221
51749,0.5630830109758618
51750,1.834492448596894
51751,0.26484888382145616
51752,0.8075748024222644
51753,0.413824914309878
51754,4.139380696260253
51755,0.41733476787919754
51756,6.759243755744659
51757,0.6491630240061328
51758,0.4915331931619266
51759,3.56868413775631
51760,0.34246469475002494
51761,0.3858952573935962
51762,2.3263309897319364
51763,0.19278400332924286
51764,0.8667666904281619
51765,0.27909377250467615
51766,0.4261127752874465
51767,0.6056007053420964
51768,1.65324340312398
51769,0.18746538102528865
51770,0.2083317431812852
51771,0.41766155886241907
51772,1.002280678237028
51773,0.083011383115404
51774,0.9767172323373655
51775,0.3083895840662124
51776,0.8083383122694201
51777,1.1938544720051307
51778,0.49625061713076174
51779,0.37334061111475736
51780,1.1266054707709967
51781,0.7742797523488715
51782,0.4473692153245177
51783,0.8595644482224183
51784,0.862153017444098
51785,0.8504850973524843
51786,0.08249287841119327
51787,0.09023402834574759
51788,1.155423913283415
51789,0.37836914058647547
51790,5.5434314493460395
51791,2.256923649434592
51792,4.581214360239331
51793,0.8631244378298918
51794,2.564519278589131
51795,0.4229175456860593
51796,0.8251796799110639
51797,0.26509461210672086
51798,0.2612645670319277
51799,0.1375075318498289
51800,0.6997035278052952
51801,0.42298030052354896
51802,0.34520224127513816
51803,2.7146207927092574
51804,0.21857553279887482
51805,2.369471266802341
51806,0.2710860581779469
51807,0.13485499506393878
51808,7.515551112580756
51809,1.628705240307435
51810,0.8033766190336065
51811,0.8999339193564865
51812,0.6362279215151495
51813,4.148704187035749
51814,0.8594302258543789
51815,0.7093090305953728
51816,0.6138672190253909
51817,1.6788410298692158
51818,1.2422754392848596
51819,0.3554244695981139
51820,0.9065643226859748
51821,7.490301216427722
51822,2.236484497683385
51823,0.6460744804418438
51824,0.23975896127477525
51825,0.730769743784405
51826,0.8064687537823274
51827,17.08637191553244
51828,0.9012389569766434
51829,0.1527919746860879
51830,0.9431204946647711
51831,0.9267911840415222
51832,2.092072328033589
51833,1.8730036984731218
51834,3.769133355102595
51835,2.733904283657118
51836,1.103036518352557
51837,1.2255276265540849
51838,0.6429704497495015
51839,3.2174645503771018
51840,0.2552484674644038
51841,2.3971723186336726
51842,0.14045637606020764
51843,1.0130286293151958
51844,3.3870961346088
51845,0.12774806619874682
51846,1.4551366034364102
51847,0.3675629108886217
51848,0.41005777894459083
51849,0.3047475961865214
51850,0.9114733152654827
51851,1.1965363905147948
51852,1.4610826491183797
51853,2.944822799595366
51854,2.517493438746828
51855,0.8309714120074615
51856,0.9855521752604652
51857,0.09103573319864497
51858,0.46598600687846375
51859,0.34187869739276877
51860,0.12530330444591228
51861,0.34280976217773146
51862,1.6969390831164335
51863,0.18937725937521363
51864,0.059592216045797675
51865,0.3091179811038707
51866,0.5829080221432056
51867,1.0225028950556068
51868,0.12888307881525382
51869,0.17531661063118503
51870,1.1673618498677139
51871,0.35233007561215995
51872,0.8455643051245241
51873,0.6305353029044235
51874,0.2629101843881901
51875,0.5162038584468315
51876,0.16904783349354893
51877,0.6940920957307909
51878,1.1680824719770802
51879,0.3447365122173009
51880,1.9215024397218423
51881,0.6704099589096341
51882,1.0609691015671192
51883,0.19131506282151992
51884,0.8128642616427055
51885,1.0341661386662138
51886,0.8915594115511356
51887,5.00123004080873
51888,2.839268298946779
51889,0.3617380470669058
51890,2.458505241894037
51891,3.1487065881334693
51892,0.8323738887331735
51893,0.10875153848109342
51894,2.8974201444051007
51895,1.4063986189367845
51896,3.395731319133418
51897,3.5283737987880093
51898,1.3787873770406915
51899,2.6553619138356583
51900,0.2596664170603653
51901,0.8047433849898317
51902,0.6973154146381628
51903,1.7491743504595898
51904,0.22062623718927632
51905,0.804876345313843
51906,0.1565618941872962
51907,7.000331207096839
51908,1.156275423188867
51909,0.6769908072612477
51910,0.3736742655828779
51911,1.951731311407783
51912,0.39325152065921704
51913,1.271634984414363
51914,2.0635043615100166
51915,0.5097703395500942
51916,4.083676952314716
51917,2.4575763187617174
51918,2.8572928787983125
51919,0.09031591413857075
51920,3.0960993022513343
51921,7.235440889988944
51922,0.3891889449687146
51923,1.5967849283298792
51924,0.34681582030563224
51925,1.5937216031229664
51926,0.721333892710001
51927,0.4886794839948571
51928,0.30688847156393684
51929,2.7059191071787114
51930,1.3029319539928252
51931,1.027617803869333
51932,0.18948000077163296
51933,1.2146578635150689
51934,0.40841319179325586
51935,1.5628590789392542
51936,7.015976862531191
51937,0.9604044808030884
51938,1.5676859152215394
51939,0.11934771555215151
51940,1.6350227447152275
51941,1.7969504628051738
51942,1.1092336465302903
51943,8.997589579564139
51944,1.6319965097361555
51945,3.284007478124087
51946,0.2562571888800492
51947,0.07569765374671714
51948,4.144760358530545
51949,0.14487441513153854
51950,0.11499393518173093
51951,0.267311865846168
51952,0.1555025165548598
51953,1.1243904111818586
51954,0.7114865137199232
51955,0.43765822497469803
51956,1.9360595438364319
51957,0.5345207149342548
51958,4.38353677665408
51959,0.4791605693748472
51960,0.10484610203834287
51961,3.201150747146245
51962,0.18268828690486855
51963,0.08939949424929734
51964,0.7083226248503444
51965,0.4074446983775222
51966,0.22477287910258675
51967,0.6739423717098798
51968,0.997722844054197
51969,2.3712268421468936
51970,0.7589792834785225
51971,0.23688678160476387
51972,0.6259581634336409
51973,0.16446643969738292
51974,0.561404778610539
51975,0.1569467500911033
51976,0.27301863975088253
51977,0.2010589922798215
51978,0.8398494531411274
51979,0.200284263205885
51980,0.2925901899410878
51981,2.204643538953315
51982,0.45475432902780843
51983,0.5070270634722914
51984,10.273780607710153
51985,0.11695429093345167
51986,0.3987904431335454
51987,11.308062928649617
51988,0.5441720183452842
51989,1.6573552715312034
51990,0.10806550335524241
51991,0.25967371487684876
51992,2.843192879802796
51993,1.027825266407293
51994,9.555697605919683
51995,0.14342624397239406
51996,1.3671272917019062
51997,1.5209315082125012
51998,0.10865952288257233
51999,0.786190864595771
52000,2.3064355157408913
52001,0.8780852916848932
52002,32.38845291465764
52003,1.2258502167440872
52004,1.1509668511447453
52005,4.42234068239868
52006,1.8613766507880847
52007,0.21409631210028623
52008,0.09009250598887639
52009,1.1038099798766237
52010,0.5763211519673986
52011,2.1787876307612954
52012,2.539279639521882
52013,0.5527463170533031
52014,0.4934447246865577
52015,2.185614128774154
52016,2.9587365521988525
52017,2.4261090272122
52018,0.050009503333203253
52019,0.35228518825768096
52020,1.2868070816707367
52021,1.895471029924716
52022,3.4322133407220514
52023,0.2964462777237414
52024,0.4845673120756726
52025,2.6399856035257034
52026,1.2893865229617918
52027,0.8994944865986443
52028,0.8434641027896211
52029,0.4385466607419805
52030,1.0791417388727935
52031,2.683366361855243
52032,0.9555334052302851
52033,0.20505261658423807
52034,0.4165207439322345
52035,0.7894353522557879
52036,0.09846296823331978
52037,1.6363387208991917
52038,0.33226783218001976
52039,0.08261784301782553
52040,0.9344562131412667
52041,0.3055669857653437
52042,0.733712542315232
52043,2.732970505781646
52044,0.9561866658419933
52045,2.592846194522489
52046,2.488005729954068
52047,1.9784575613058668
52048,0.4851639776789868
52049,1.0804944965432561
52050,0.8227828784661921
52051,1.297125540074195
52052,0.6768618649252426
52053,0.5053228439407709
52054,1.1299978318350972
52055,2.1788207936935406
52056,1.2556458349759343
52057,0.013110115615826718
52058,0.5926860654699708
52059,46.491820938802675
52060,3.1906582289065035
52061,0.19791668085857844
52062,0.7164149407716975
52063,0.3688032013316623
52064,0.3102104738515352
52065,2.653784960424556
52066,0.19043655371967355
52067,2.530100289046224
52068,1.9786162096936306
52069,0.7123428812862312
52070,0.15306637765410097
52071,1.2503710192735795
52072,0.3561033141332812
52073,0.07447333998512115
52074,0.6009847263128665
52075,1.9792797087298462
52076,0.3289852475889387
52077,0.1119347936736944
52078,0.8627982835353304
52079,0.2897063033792985
52080,0.1002342685349926
52081,4.023594809098798
52082,0.07136867065130728
52083,2.215283957862047
52084,0.21720890763407208
52085,0.8705893807536896
52086,0.16774627648573756
52087,1.5432670605241132
52088,0.33794927666277946
52089,0.14426905911863772
52090,1.3708917465173216
52091,0.3311884278701007
52092,0.19205454005092742
52093,0.46491212911398394
52094,0.24320298802763857
52095,1.3566076519093853
52096,0.38029925183827035
52097,0.7105932142423991
52098,0.6136872967572347
52099,1.4763568171165078
52100,2.2307580697460505
52101,1.0801053271978514
52102,1.6869006746818138
52103,1.2180477452768428
52104,1.3690492056589112
52105,1.2534074710920768
52106,0.4708654131729885
52107,0.5074662702894333
52108,0.09889491854188547
52109,3.864753118848812
52110,7.898091825282947
52111,0.6864916719496245
52112,1.3355439725814309
52113,0.6222197472774077
52114,1.285065456906505
52115,1.1946326762844204
52116,1.3056891319614312
52117,0.7773555423316476
52118,5.287586712503305
52119,2.6582772383949154
52120,1.0577677619492827
52121,0.4166379778550152
52122,0.13184496405522547
52123,1.1909136080557947
52124,7.358509023306
52125,1.09559193074049
52126,1.3891057225638184
52127,0.47126146175596445
52128,0.7910457399266264
52129,0.1332085208546388
52130,0.32656421357525484
52131,2.197438659448511
52132,3.5992756278881455
52133,0.20145806936990557
52134,1.4758729500299967
52135,0.3981144733913832
52136,2.339254594216547
52137,0.8178808289953873
52138,0.5448660974208066
52139,0.816391570036291
52140,3.606694615052349
52141,2.4234287717583505
52142,1.0429567497713803
52143,0.12981056032192645
52144,0.11149299580420502
52145,1.5650279945660643
52146,0.603266729992572
52147,2.7884789471595415
52148,1.1933716108089691
52149,0.1340077821915644
52150,0.7768895506073579
52151,1.8548022251145406
52152,0.33875886101911307
52153,0.8148888752582797
52154,2.5414252400533153
52155,1.1541795155664034
52156,0.07993528067455255
52157,1.1660855058097974
52158,1.7013547267935014
52159,0.18854421669127214
52160,0.17397532672565308
52161,1.878562419549485
52162,1.5844358535854512
52163,0.9702559353495297
52164,1.2959162445512145
52165,0.43605819530703455
52166,2.976371997918389
52167,0.89669118147285
52168,1.551923682075084
52169,0.6927535296852558
52170,0.5658696237030383
52171,1.9680241162508305
52172,0.5411876465364115
52173,1.4584366304009517
52174,0.9104019435786281
52175,1.036564125559772
52176,1.2382347140358267
52177,0.3342876102660873
52178,0.07245584293739245
52179,0.7982780731916931
52180,0.23263897009916812
52181,1.7801710979468295
52182,1.5709686190438414
52183,4.5143819028140255
52184,0.9066935949445515
52185,0.18044352265245628
52186,0.423925106528002
52187,3.281704979633559
52188,0.24411563907034228
52189,3.9673407197874213
52190,0.4507090575940905
52191,9.067245994831003
52192,0.1737733091508215
52193,0.7926171711916277
52194,6.540795770889675
52195,5.1582288139444845
52196,1.4870973724212366
52197,0.5505130780286309
52198,0.9729315023774829
52199,1.6899712495770747
52200,0.3953152970832155
52201,0.4028977897444883
52202,7.9096635638408985
52203,0.36221452665230114
52204,0.5542343073320303
52205,0.21658892349364522
52206,0.3804084366765809
52207,0.90935704622806
52208,2.580739497861545
52209,1.2063021011205477
52210,0.18449451355029195
52211,1.966344574999787
52212,0.15919501675848183
52213,1.119461239662385
52214,0.47834082443879256
52215,0.4373090383651306
52216,5.468365563449623
52217,0.12397810101796991
52218,0.55597554123944
52219,1.200697978628036
52220,1.1953495488276418
52221,0.6611192475645543
52222,1.0985848396875566
52223,0.29448902001495697
52224,0.5068989286611336
52225,0.8039332578491031
52226,0.2681974853398369
52227,2.799445541328893
52228,0.2575749341338672
52229,0.28755310528157896
52230,1.5877189513302779
52231,0.46371449270216203
52232,1.4370302129445391
52233,0.974746106946933
52234,0.12538144358859285
52235,0.06881368811937558
52236,1.0847704185872855
52237,0.211521940433047
52238,0.581453276301523
52239,8.754984312387487
52240,0.772389307217506
52241,0.5131246129101588
52242,1.1805991056243381
52243,0.24170973528315515
52244,3.0677499490522346
52245,4.835214612725024
52246,0.11024790597706245
52247,0.12991286315102868
52248,0.14482322681032972
52249,0.4462284617343331
52250,0.8663397138544655
52251,1.2278103927824602
52252,0.5927385468833192
52253,1.3487095515396887
52254,2.6116300134273454
52255,0.9171057993564697
52256,0.1595006197879539
52257,0.37520111429140385
52258,2.1998230831473213
52259,1.1515970359845833
52260,3.4454921781658223
52261,3.8110823072734616
52262,1.505392623019643
52263,2.9287242488228844
52264,0.34185254362441725
52265,0.24643465770668535
52266,0.3149591538565514
52267,0.22209865146750352
52268,1.1854906964998926
52269,1.3206432815734825
52270,3.500749475730061
52271,1.0203499643714933
52272,0.5288124483380303
52273,0.1181429658636635
52274,0.7798693336938066
52275,2.514173022269577
52276,2.0534867279905544
52277,0.8999087857535925
52278,0.2576678290831463
52279,0.0450860001883416
52280,1.7220041354410658
52281,0.27621995182542025
52282,1.528722363129751
52283,0.8210289544402151
52284,0.4206124082125369
52285,0.2400874136886527
52286,0.8803363869251012
52287,3.443841039547804
52288,5.9825423113109935
52289,0.5345490370246078
52290,0.4649903691865573
52291,1.3979118459187734
52292,0.3001318693364373
52293,0.9487285807686667
52294,0.1647199746181325
52295,2.1459818998883287
52296,0.6106637751147084
52297,0.3291444167542883
52298,0.7576913114291877
52299,0.7811646221752858
52300,0.6319719082381873
52301,1.0709012378207392
52302,0.34081412420947216
52303,0.7287836852407624
52304,1.368466999761377
52305,2.3692049584404775
52306,0.552289556813987
52307,2.8600812522066295
52308,2.1373735865027794
52309,0.7382564764226114
52310,0.4205705319985245
52311,2.965579603289723
52312,1.2207804286575246
52313,0.3865008033324083
52314,1.6668193615270597
52315,2.7101906713822608
52316,0.5791051397166997
52317,1.9044001728231066
52318,0.24429860195558864
52319,0.6578772283200265
52320,0.39308785324584244
52321,1.359896334108096
52322,10.818885762172423
52323,0.42834194765507533
52324,0.13068566743346624
52325,0.036875779114664387
52326,0.6002305074961758
52327,1.4980934500532697
52328,0.26299887379199427
52329,1.1587468068063167
52330,0.23796154642113576
52331,0.12469835413812037
52332,0.6981253800565581
52333,0.7118431128448254
52334,1.2604541136753755
52335,2.2246612028944903
52336,0.39556110291943075
52337,0.1772520153951129
52338,2.0467455081967234
52339,1.1914191710434974
52340,2.288965639074082
52341,1.9343622959559013
52342,0.13241555905392885
52343,1.2977743671026791
52344,0.49886315579713403
52345,0.1662669287266051
52346,1.0579018259689206
52347,0.20583849417939099
52348,1.1315861386467003
52349,2.8155136343401437
52350,1.3159872116672466
52351,2.9360919693617324
52352,0.5823399488051288
52353,0.21300077235426634
52354,0.11614715097377488
52355,0.6144052966338063
52356,0.18368130009544423
52357,1.2064043236807895
52358,7.7213808919576
52359,0.23035121812739012
52360,2.07362272412325
52361,0.08119062231500293
52362,0.3607382026847555
52363,0.10139114829431335
52364,0.2403011608751773
52365,0.5594659607685668
52366,2.1145722236022997
52367,2.1824219050708478
52368,0.1394211471135508
52369,0.4080091783412143
52370,0.6041413261096695
52371,0.37280569574954014
52372,0.47885965659116847
52373,0.31239102303435684
52374,2.2200024791717263
52375,2.0097223895839056
52376,0.965668312928309
52377,2.5015472532796825
52378,3.414947546682711
52379,1.2520523616271066
52380,0.5591383819472473
52381,0.16579380692018716
52382,0.167143657283809
52383,1.4525687562406424
52384,1.1838310225689006
52385,10.369455182680298
52386,1.6386189271338532
52387,9.696347797894413
52388,0.7534690914240489
52389,1.7875626361600991
52390,1.2075982075952383
52391,1.6123610616744077
52392,2.163845171752627
52393,0.9671428961981343
52394,0.13688594586553926
52395,2.0643420941795645
52396,1.0760998924408562
52397,2.5887886121478862
52398,0.892542679594421
52399,0.08508262322044939
52400,1.495325189779329
52401,6.749773415222131
52402,1.887710473932564
52403,0.49137558048279273
52404,1.18250832858912
52405,0.17047607374861595
52406,2.4957173459667317
52407,2.3166605121057335
52408,1.1218917373081398
52409,2.4940434934513895
52410,0.2050643390074241
52411,1.9537559603839592
52412,0.09014043591284002
52413,0.44301843525116863
52414,0.15466678425319408
52415,0.7535372593387949
52416,0.1118010700489117
52417,0.8902820757099253
52418,1.852135986407603
52419,0.14705259562030057
52420,1.3974704929796502
52421,3.364969966250544
52422,1.8464507260496255
52423,0.8336903290651876
52424,0.9859567954043933
52425,0.17049788791201845
52426,1.1362935421465767
52427,0.8848739354023931
52428,0.05379424258607443
52429,0.24561773429556855
52430,0.21726694520281156
52431,2.582609717626905
52432,0.49262190663967287
52433,1.027204402008482
52434,0.19648015020584042
52435,0.7934944008849142
52436,1.612243730757276
52437,0.7168426800755359
52438,2.0070579144583043
52439,0.5403715984045138
52440,0.22898714355557448
52441,0.8156196808791697
52442,0.4307337186576926
52443,0.847353125018326
52444,0.17509579415083296
52445,0.47910962702046883
52446,0.824078389310297
52447,0.719942041208892
52448,1.0323922002176535
52449,0.6812852851238452
52450,5.311860781618729
52451,0.9853440855676816
52452,1.4371471729133172
52453,0.19736918368078765
52454,0.23653806028506924
52455,1.6698172717952753
52456,1.087138486358047
52457,0.5445544383597924
52458,1.53389141684411
52459,0.4640538339095074
52460,0.26818478195516765
52461,0.8568040013595588
52462,0.2764322148412291
52463,0.9548103798356765
52464,0.2477615056935628
52465,0.5136259511824366
52466,0.2737159589468254
52467,0.5567799861775133
52468,2.4565219626452266
52469,1.021342627759576
52470,0.6769286892928293
52471,1.691159049176121
52472,0.5623661351024171
52473,0.6381923938258639
52474,0.38841367128792403
52475,4.336299911232483
52476,0.49729985187511966
52477,0.3781363840169226
52478,0.5835496981356466
52479,1.015908627577993
52480,2.336117646809277
52481,1.2583611565009665
52482,2.6844977046291647
52483,0.3569009889528015
52484,0.3677398227514429
52485,0.3351577944008177
52486,0.43033578650515614
52487,2.317625156051822
52488,1.5558426548446933
52489,2.553033502210831
52490,1.1275708411508423
52491,5.935674175335447
52492,15.288700405253085
52493,0.1768503371469965
52494,0.9524756537768857
52495,0.28275417617143545
52496,0.3545081636289867
52497,0.25996674813839377
52498,0.18306512209980144
52499,0.20578942685950058
52500,1.0875416080343172
52501,0.2698770474363438
52502,0.6089015703026871
52503,0.4260501403657666
52504,0.037809078914431776
52505,0.14858949286500905
52506,0.42097193961746693
52507,0.6045134893015972
52508,0.059157725012347055
52509,0.6367213242823504
52510,0.48105834070615405
52511,3.1421517009545594
52512,4.413492400145596
52513,1.366866367912663
52514,2.161139212561451
52515,0.8880259598371949
52516,0.9938620850306934
52517,0.33734715517395264
52518,1.5065273304734303
52519,0.76125982622523
52520,1.2641104403839984
52521,0.6555745938285831
52522,1.880654503344888
52523,0.2681778055325065
52524,0.39029295190761787
52525,1.9835993102076916
52526,1.8263819717607537
52527,0.1472931120410187
52528,0.27272060453100383
52529,7.049637740151987
52530,1.060696770828264
52531,0.5442678202344092
52532,0.7151770990816593
52533,0.07024478294417988
52534,0.7817192497329845
52535,0.32281513460573635
52536,0.2213256729789839
52537,2.6584119383463034
52538,1.473435712062985
52539,1.2806644794441866
52540,0.6764072269744458
52541,1.1162760252995025
52542,0.18546366299021358
52543,0.7300161882698916
52544,0.08238827859300159
52545,4.362211730659402
52546,0.14110575967928565
52547,0.46583643050302254
52548,0.06735328584924984
52549,0.3851957022211646
52550,0.1378833297266676
52551,1.0526104719294482
52552,0.5760776013845978
52553,0.2576429173405987
52554,0.04432875271635647
52555,0.8862998307772372
52556,1.4799193589164283
52557,0.15189652784390484
52558,0.20293661478999658
52559,1.1539684552674057
52560,0.4742941146927758
52561,0.5914897300773528
52562,0.051696316065677234
52563,1.7128745595907768
52564,1.1881779938425214
52565,1.8020926344195147
52566,1.3601244728589488
52567,0.10146283201431702
52568,0.9950408272900289
52569,0.4214530896878968
52570,4.35241412416749
52571,2.7231205198783837
52572,0.5599632202976222
52573,5.965677577083448
52574,0.38489532810920885
52575,1.9370979158764419
52576,0.9484784951615844
52577,0.2702532705706998
52578,0.3705394350872841
52579,1.7691907653045809
52580,1.8238977844250823
52581,1.621994618089991
52582,1.6376241569748977
52583,0.12819546944749968
52584,0.5456587430371959
52585,1.479566782885891
52586,0.07677972741734343
52587,0.21555680117495557
52588,2.668436897765986
52589,2.6705985529051555
52590,0.29918895796736683
52591,2.6884139385373227
52592,0.162012022064497
52593,2.272787752583062
52594,4.3095793716527435
52595,1.516532623125633
52596,0.28308640836290877
52597,2.689741753796926
52598,0.16157861641568497
52599,0.056168016151069595
52600,1.9798738282200454
52601,1.5377702433809868
52602,0.4924442775998274
52603,4.679625089203306
52604,2.1243057896572766
52605,0.24152631875680697
52606,0.10772169141523003
52607,0.31655490283353593
52608,1.0177906219903416
52609,0.09091774891652607
52610,0.05739242584828502
52611,0.4913738662612054
52612,1.5015209308723254
52613,1.7933153344829265
52614,0.15587604325312526
52615,1.6011766308415465
52616,0.810937498848934
52617,0.20690784032220613
52618,0.6639910069891127
52619,0.7633177441146497
52620,1.325135348551746
52621,0.22649308707632385
52622,0.723413874041991
52623,1.6968663852184145
52624,0.2132398949990526
52625,2.131869970388005
52626,0.5802332140648595
52627,0.8065145713010323
52628,0.3972354570501972
52629,2.279567264283669
52630,0.633509235398948
52631,1.4553488820481992
52632,1.1068575243784853
52633,0.4377946892357713
52634,1.1864933088197356
52635,0.09212866430654904
52636,0.7763751668396435
52637,0.5108499592318773
52638,0.1760635064590949
52639,1.0540098370351023
52640,1.0888299021633703
52641,2.3575373019325454
52642,0.4303860555900739
52643,0.5685813262073892
52644,0.055818355860232184
52645,0.08690946806248469
52646,5.382146015401033
52647,3.4631591984193184
52648,0.15609448230845407
52649,0.9202259916851159
52650,0.37248851001066924
52651,0.15059934516901752
52652,2.1402766818206875
52653,1.5858512854193128
52654,0.6910178299262913
52655,4.100277302447026
52656,1.5365659683673785
52657,0.7458857920373898
52658,0.5720801291514532
52659,0.2031456438162729
52660,0.5104976290991808
52661,0.8239873072391035
52662,0.6718921851908826
52663,0.33226783218001976
52664,0.3772646242865255
52665,2.1186327920736634
52666,0.09466076851189514
52667,0.2119945458402865
52668,0.18081100344825776
52669,0.8406467813917092
52670,0.4175750805773109
52671,0.2979853566380082
52672,4.668218924527615
52673,0.0958304093197301
52674,0.14918296918176424
52675,3.0716260741989356
52676,1.2561396262042375
52677,0.39314571360828315
52678,0.396620487507386
52679,0.8706601897745914
52680,1.4247973331240995
52681,0.892247925114592
52682,3.9064386113143588
52683,1.3207276667106367
52684,1.2533409470315229
52685,0.5255119488074455
52686,1.1765487501169534
52687,1.0383438148881092
52688,0.8061178032206919
52689,0.09464616751260234
52690,1.0573420239599172
52691,0.91907460171452
52692,1.558246150766596
52693,0.574088062165838
52694,0.31199737306201125
52695,1.2877843499674047
52696,2.8627371024629813
52697,2.6782891731675846
52698,0.7611450736978926
52699,0.5002875231541699
52700,0.4211175445608257
52701,1.6649341003048517
52702,0.5823771713220163
52703,0.09826552711869219
52704,0.20736104427500945
52705,0.4174640469382163
52706,12.772231916996711
52707,0.764010699108189
52708,1.4340882318948418
52709,0.30737997750340007
52710,0.26424334758221507
52711,0.6186708653553822
52712,0.5235228886789591
52713,1.0814524724896295
52714,0.5970051770764031
52715,2.8987730282788937
52716,0.4547838809175991
52717,0.8304409865596545
52718,2.686316700536231
52719,1.456845080624195
52720,1.5963901328018641
52721,0.6984130810352586
52722,0.5875179323688657
52723,0.1944721771440345
52724,1.4350155446201451
52725,2.0008078509693967
52726,0.712605243361174
52727,9.273477845601324
52728,0.07429481165042086
52729,0.6113193410600685
52730,0.23174725129250798
52731,0.07325847102512319
52732,2.206656659558494
52733,0.8827232901309806
52734,0.626707345156642
52735,1.4854160086221637
52736,0.7568706153360735
52737,1.9194349376250308
52738,1.2290077776340036
52739,0.6662406216909553
52740,0.301428327256972
52741,4.47297875418441
52742,0.84989504048313
52743,0.5557605129377852
52744,0.30246318111109743
52745,0.3542761798201882
52746,5.561537504551613
52747,1.9969381007966822
52748,1.9378123907918512
52749,2.5148955428964057
52750,0.05693275368156453
52751,0.34831427898242895
52752,1.5498217620097283
52753,0.5208403565319923
52754,0.8948351566424755
52755,0.8339790386895535
52756,0.37443413100097955
52757,2.077960502510661
52758,0.9348517873864677
52759,0.5036951494635733
52760,0.6655910365043927
52761,0.5168386239053459
52762,16.888741500349578
52763,0.4680754876170971
52764,1.2729535126860079
52765,3.4071076272628473
52766,0.5799073292384882
52767,1.7967912465799116
52768,0.5448395298587417
52769,0.7130040334309428
52770,0.1654007383299878
52771,2.1768972462554217
52772,0.33339323011579536
52773,1.18801031046578
52774,0.24279903518225185
52775,0.5123149393832002
52776,0.7563588117570493
52777,1.0941360282981112
52778,1.3705350195623345
52779,1.0002148516963494
52780,0.08417364276539091
52781,0.23651327285354812
52782,0.38279702927871145
52783,2.2877871656854847
52784,0.49480128751351815
52785,1.6629658165737329
52786,1.832372696776647
52787,1.3849674363751416
52788,1.2375128859762263
52789,3.3433319811803788
52790,0.15660939697861853
52791,0.3474260714474005
52792,0.6168769240326499
52793,0.1997197761738844
52794,1.3568417878054184
52795,0.595106878155586
52796,2.8633816142051534
52797,1.4779455648593585
52798,0.631252701038549
52799,1.8252347387121615
52800,2.4071822281108273
52801,0.37695781545035606
52802,0.5694244998909316
52803,0.7921973588487761
52804,0.11239722726887479
52805,0.22589375696590674
52806,0.650244312251483
52807,1.8030379062434847
52808,5.0007240007300755
52809,1.0981439112585303
52810,0.2811617062695538
52811,3.086306870862312
52812,5.497209708890882
52813,1.5367598238078821
52814,0.239359011991815
52815,0.42606082783580773
52816,0.681814444107329
52817,0.33838510978165914
52818,0.0857532679086826
52819,0.11991703428724322
52820,0.6204969123115148
52821,0.6066410671018718
52822,3.3389512287535767
52823,2.9976105077340804
52824,0.7464787321184538
52825,0.3635514736099301
52826,2.901288044116524
52827,0.8782918684937514
52828,0.10838201638479804
52829,0.22156223396064562
52830,0.1605157551634618
52831,1.1063916230788375
52832,0.23858795253488138
52833,0.2102195593096316
52834,2.9639026908672026
52835,0.9120095917070077
52836,0.22681981606520188
52837,0.09941834502802299
52838,0.34478517342704074
52839,0.26191021863456104
52840,2.448290433165057
52841,0.33821583880926537
52842,1.4949787971597308
52843,1.4592064188136302
52844,0.182188550911651
52845,0.9742647032861904
52846,7.883864062393269
52847,0.8414329017128755
52848,0.996042653495116
52849,1.2859056140653298
52850,0.9705400710729386
52851,0.201323676023652
52852,0.9115317780450922
52853,1.9375121665014166
52854,0.8913000457900865
52855,0.138269903723606
52856,0.8659622610027329
52857,1.259801551341893
52858,3.277506295644133
52859,2.269802914158722
52860,0.6722395092662634
52861,0.27218251463941906
52862,0.5560734378723242
52863,1.7345648790081873
52864,0.6952546037643949
52865,1.023455982387172
52866,1.5031926460869107
52867,0.2004045346946967
52868,1.7315433475678608
52869,0.9052887733216739
52870,1.1657556965786844
52871,0.36343957305111657
52872,0.4688816264354191
52873,0.07278984480534877
52874,2.0648258517905633
52875,1.319124528843872
52876,0.19834424771387
52877,0.5270497507744158
52878,0.5599648379066553
52879,0.9293548925078512
52880,0.37818160102126197
52881,0.4101594709007426
52882,1.7871144057413688
52883,1.7821263618469443
52884,0.3856372679569906
52885,0.251991500189098
52886,1.1526153977707725
52887,0.4921095708488566
52888,0.5747564492766312
52889,0.2096924598731286
52890,4.5821823206223895
52891,0.5995650226876885
52892,0.31972084658624944
52893,0.5244260152598169
52894,1.0370054324863711
52895,0.5353902541411345
52896,0.9173289523213989
52897,1.8176273033249974
52898,0.5852985731839058
52899,0.6984123592508708
52900,1.1623354979922869
52901,1.029229101613539
52902,0.8458665698281388
52903,1.5583226664017806
52904,0.23545232605819622
52905,1.5959310849513817
52906,1.3462614809131541
52907,0.10373475357012144
52908,0.6254056916156004
52909,0.19935824660136187
52910,0.21783631158957004
52911,0.34341865234846713
52912,2.5457865215103412
52913,0.9799148359089903
52914,0.45510117918884574
52915,2.9594545427629106
52916,0.4204986725919222
52917,0.4781144115092753
52918,1.6814754125423512
52919,0.9238906324146876
52920,0.11777761549880872
52921,1.278294720603247
52922,0.09821869989499267
52923,1.0923303735819214
52924,3.0936928990275065
52925,0.29147899845057923
52926,0.18490747159013615
52927,0.18998528940611448
52928,3.090741768789502
52929,0.36715731877461333
52930,0.1633688229755994
52931,3.8239157221011997
52932,1.1428412609456873
52933,0.4291815961854396
52934,1.3907406845118837
52935,0.21256890254836275
52936,0.06042635042578845
52937,0.06204011644762383
52938,0.5430422099251319
52939,0.6362630749652589
52940,0.14556407634941054
52941,1.523914508357951
52942,0.7894300666393843
52943,2.14555888549838
52944,2.355676947883571
52945,13.842033843483613
52946,0.5045829444048078
52947,1.4822671422744718
52948,0.11287993175710694
52949,0.47950333744632756
52950,1.038457836555814
52951,0.1530339024420601
52952,0.2589759992645582
52953,0.5627075660170815
52954,1.1072940145186334
52955,1.760373773181791
52956,0.7400849636687004
52957,2.9296111997463283
52958,0.2035979510654424
52959,0.64416810460257
52960,0.6362993824092682
52961,0.9770547680743364
52962,7.398233730990325
52963,0.15673837082557263
52964,1.5261307164244218
52965,0.4682633124272765
52966,0.9462711703281831
52967,0.21092566240385888
52968,3.1858016032565875
52969,0.5403154398009127
52970,1.7840048393961503
52971,1.6926735346205537
52972,0.5460680925392809
52973,1.7447792768407413
52974,1.3092876433733476
52975,0.09345825306152653
52976,0.7647584861536996
52977,0.26838345800259567
52978,7.275389916920316
52979,1.0294298840804705
52980,0.6635243498794847
52981,0.06673848582408182
52982,0.895473242350801
52983,0.4188349732983164
52984,0.6191015828066294
52985,1.7351981384820943
52986,0.7891840882976453
52987,0.7844450058362874
52988,0.5754202425913261
52989,0.2648855248736156
52990,0.9439036183417921
52991,0.12728390137128065
52992,0.7532694955459338
52993,0.3847354575138582
52994,4.473702506364225
52995,1.3832918981381903
52996,3.1817266279384895
52997,0.27388720044026676
52998,4.2188582087333995
52999,0.9631519868546081
53000,3.9711420809596216
53001,1.9792979236846588
53002,3.507269934242578
53003,0.3170891785999297
53004,0.2443475054868878
53005,0.08588088779776056
53006,0.15052630978103038
53007,0.030156786524956587
53008,1.3355304097108995
53009,1.11985352170035
53010,0.666980428528919
53011,0.3231791120252998
53012,0.6971947290805164
53013,0.104290516687032
53014,0.5889366758690416
53015,1.4819602259342335
53016,0.18949706886622994
53017,1.9618296668811848
53018,3.539945812978164
53019,0.5814377517888006
53020,1.4217509393350907
53021,2.5238425660041055
53022,0.4404565524094304
53023,0.31292693510207936
53024,0.5551170743494152
53025,0.5465413708864314
53026,1.0994280426521998
53027,0.7291505327580806
53028,0.10553895144225317
53029,0.8003730124151731
53030,0.21709786568289965
53031,0.8391066459428335
53032,0.8866342774800575
53033,0.18247353475058378
53034,3.341363901118142
53035,0.4180664746056447
53036,1.218134796483561
53037,0.4751715467168246
53038,0.21786287124220396
53039,0.8334326663727114
53040,0.2959027944363527
53041,0.946369859755963
53042,0.26684869545257117
53043,0.4335271978597181
53044,1.0743716551857823
53045,2.061953999988992
53046,1.1323969932211435
53047,0.10015919806906454
53048,1.7564763525474212
53049,1.893503473276803
53050,0.24822594449312294
53051,2.8226001610889258
53052,5.203119749441433
53053,0.30252569837614396
53054,0.3065487664751316
53055,0.5199123996167048
53056,0.46351431929903
53057,3.362638432630411
53058,0.2626327049463901
53059,7.079625607167886
53060,0.10574667712281498
53061,0.6163317210862985
53062,1.7968418896012206
53063,1.2305672617135788
53064,0.33991647954533255
53065,0.05883684853133063
53066,1.32614937115415
53067,1.3842986773190817
53068,0.1719840391581583
53069,1.0116449742340814
53070,10.322285087557855
53071,0.8525135231414924
53072,0.20064222142011995
53073,1.2966643601157466
53074,0.052403328557125595
53075,0.6952358292973537
53076,0.26382931680342586
53077,3.5687782735157465
53078,2.7317935428236146
53079,0.49867459565198247
53080,2.4127327963991174
53081,0.13855568173015073
53082,0.6791457414819031
53083,1.2162996007362077
53084,0.3814370578890598
53085,1.2690945895451764
53086,0.23845951356086312
53087,1.4296310803673142
53088,0.623127761848115
53089,1.3286607484742454
53090,0.4920711007934828
53091,0.13335615975834214
53092,0.13535978740812943
53093,14.492504064892493
53094,0.5415255726418197
53095,0.6069811863239434
53096,0.23200148911847077
53097,0.16550938426026138
53098,0.5130072360858132
53099,8.885883617653672
53100,0.21824653485580733
53101,2.1063043060690014
53102,2.9500362412035046
53103,0.7159091843162572
53104,1.2161018145968419
53105,0.0314879793950752
53106,1.5907825224845473
53107,2.697237703468083
53108,0.8873017109411548
53109,1.7372462913884836
53110,1.6956452940240947
53111,0.7557456125463395
53112,0.20451335223531159
53113,0.073214246908612
53114,1.1292915329065853
53115,0.18234109821860403
53116,0.3589388414485482
53117,0.9640059373149467
53118,0.947183662285394
53119,0.5864349167986506
53120,0.8176306589696185
53121,0.44606852311782746
53122,2.2167668672818923
53123,0.28977733416473805
53124,1.2997569716747985
53125,1.1551857978675382
53126,0.7278667866610953
53127,1.4592974888025068
53128,0.27441174548012603
53129,0.6133069578710124
53130,0.7177354748651003
53131,0.29357179878271544
53132,1.0073335076728345
53133,0.7520005808626533
53134,2.205243373912455
53135,0.1332424220854408
53136,0.5334698209911299
53137,1.8170950118063447
53138,0.06779128009195741
53139,0.3881724277439593
53140,0.7302299649496149
53141,2.5153258017226143
53142,2.4915538849978
53143,1.3886732642909527
53144,0.6611007584848676
53145,0.27528460097363505
53146,2.855411713669214
53147,2.4369232518021624
53148,0.21672482415807878
53149,1.2835243405472656
53150,0.11340151149442428
53151,0.23406034620267654
53152,0.3417981577752511
53153,0.45285926987193
53154,0.3195079976306807
53155,2.8018913027073165
53156,0.15150178781004056
53157,0.6573350946125308
53158,1.96031243228511
53159,0.6499466705496416
53160,0.10909600397749201
53161,0.3833279069769777
53162,1.335167067502037
53163,3.560690703333296
53164,0.3236083796464344
53165,0.39832545828089067
53166,1.8314405451923208
53167,0.2658514215053418
53168,0.06602198450086207
53169,0.4444392666992081
53170,0.22546008005122525
53171,0.26548020179083615
53172,0.1515270775981568
53173,1.3879888569114407
53174,0.5361331174458459
53175,3.308859944028404
53176,3.7599652082820993
53177,0.4580445183498547
53178,0.47687510010681466
53179,0.1285637463495304
53180,0.5161831298423921
53181,0.4285888153438874
53182,3.708258565394063
53183,7.282689757524183
53184,0.3846013959594304
53185,6.138825996932357
53186,3.0671724560150575
53187,0.26923443333586583
53188,1.384192970034224
53189,1.326355980730591
53190,3.360049574721829
53191,0.2989089118941528
53192,0.48916796510919375
53193,0.19287333253786054
53194,0.7772524140353346
53195,1.4039019976461984
53196,0.6636808605267367
53197,1.9025703021300044
53198,0.7323720094010595
53199,0.0663309867775405
53200,1.73879510835691
53201,0.6077642768401954
53202,2.3488180041676365
53203,1.094960612687856
53204,0.36049296286407473
53205,3.721808121575743
53206,0.43613589569371536
53207,0.6140492270051408
53208,1.2573776133829075
53209,0.6193791374476854
53210,0.48660734606148254
53211,1.0139856397040214
53212,19.683950340293
53213,0.8944694406819462
53214,1.1930387057387088
53215,1.8427986564807555
53216,0.16948143866346574
53217,0.7320990287170186
53218,0.19102593489063496
53219,0.33035305616719074
53220,5.281342871309615
53221,0.2976939215487469
53222,0.21120753607998932
53223,3.0235255811470094
53224,0.4973279041039918
53225,0.4720172844680791
53226,4.937059208284127
53227,0.8663496630099804
53228,0.5922540037330501
53229,0.19698020656658566
53230,2.6720934437839383
53231,0.33890798680884593
53232,1.24392168005138
53233,1.9176951962169657
53234,2.1263472356132627
53235,0.7439929325665887
53236,1.4311937139371822
53237,0.10740969627444902
53238,0.3281724971202194
53239,2.6405388121606768
53240,0.3840301056441663
53241,0.20203619471301393
53242,0.9656094491400729
53243,0.45833014656016074
53244,0.3817911153808292
53245,0.4397935564335747
53246,1.9522871074960189
53247,1.3118572575038485
53248,0.7471934491306247
53249,0.2058802000282918
53250,4.064295616430625
53251,2.999065868928215
53252,0.2979327890683007
53253,2.423046256492001
53254,0.18252307933191783
53255,1.0334603547612273
53256,0.34967909123326424
53257,4.995123096595358
53258,1.401104497681445
53259,0.29205551854955003
53260,0.2749992057384899
53261,26.540787695170753
53262,1.792838963335486
53263,1.1512666288120081
53264,0.24258633936982918
53265,0.9100364224877836
53266,8.502865466002199
53267,0.2239250031003237
53268,0.36062792801659116
53269,1.133371824537939
53270,1.7799667223761277
53271,1.967858718561214
53272,0.9209269091762298
53273,0.2642018379078332
53274,1.6771453078077125
53275,1.8964976163209577
53276,0.13651237765487442
53277,1.9081166238080944
53278,0.2617560661478837
53279,0.6797724262930528
53280,3.40333292544288
53281,1.5148975169161973
53282,0.342098625667329
53283,0.1448212269137724
53284,0.2701052693586024
53285,0.3189144188610836
53286,0.8540500648169596
53287,1.3013032075335336
53288,0.275800231970513
53289,0.16076547985827916
53290,0.1990505748673618
53291,0.10164374413490658
53292,2.2550090063262003
53293,2.2550723518908606
53294,0.6173803683172697
53295,1.8036742022380507
53296,0.3860459247149612
53297,0.17563575314935728
53298,1.7302615504931027
53299,0.705075935564537
53300,0.19405709002706814
53301,1.2242886319399617
53302,0.587438387960344
53303,4.081639502147265
53304,1.887252806676159
53305,0.026504146573538587
53306,1.319222165198932
53307,1.4545110586896421
53308,0.502206739667444
53309,0.5644929326516906
53310,3.6390796494374054
53311,1.085623204130174
53312,0.36695460927054907
53313,2.673609314488572
53314,1.7900939291335725
53315,0.045671042271328836
53316,1.0948185407973932
53317,4.571402719690878
53318,0.8314991376220552
53319,0.05452126362481575
53320,1.8755864989932054
53321,1.2216401596737663
53322,0.33793552917290004
53323,0.8406120957084149
53324,7.496078554027693
53325,0.9328352162615126
53326,0.40712764240530147
53327,7.473827479128147
53328,0.9641662670725903
53329,0.43151669933701226
53330,0.4810289944384635
53331,0.07513038974936705
53332,0.10752407270067219
53333,1.4560186971522362
53334,2.1743713757481102
53335,0.179927540577568
53336,0.30025190611637076
53337,0.5277199719869221
53338,0.503468886714329
53339,0.1969308757269263
53340,0.7540943674179283
53341,1.9011931259852242
53342,0.11229992302658989
53343,0.572214254702968
53344,0.6120048428662057
53345,0.5872347743075692
53346,0.5272317572739913
53347,1.3118734631073157
53348,0.19890894589890284
53349,0.8101934239831121
53350,1.7672502733775433
53351,5.550457608710982
53352,0.4118627791792919
53353,0.1393994486344841
53354,1.049546880857196
53355,1.4168888681942036
53356,0.14226945020451184
53357,0.3409497337453828
53358,2.071444346035605
53359,0.026565911373218964
53360,0.2769467894882128
53361,1.3392228080996973
53362,0.8689319915659249
53363,0.49301988632466714
53364,2.8599690327253606
53365,1.1431624450865587
53366,0.29511320481364733
53367,2.7230623030888097
53368,0.9516428085718576
53369,3.0274165001777513
53370,0.5551618567739924
53371,0.2241894225367811
53372,0.18466301978753596
53373,0.21294811168152353
53374,1.1569555797796778
53375,1.483740274517679
53376,1.1361152968093724
53377,0.22892719038776954
53378,1.325117978607827
53379,0.424056001565563
53380,0.9341429033196658
53381,1.5409072214603272
53382,0.09283444693903883
53383,0.4125108567561413
53384,0.5298690190648159
53385,0.10429957551412958
53386,0.40553805671338816
53387,4.475265056446654
53388,1.5424543048697457
53389,1.6982034896245772
53390,2.0635943696689028
53391,0.7779783477287787
53392,6.797891232703451
53393,2.1063242558864754
53394,0.6453958265693003
53395,1.2493492081015858
53396,3.507740815984632
53397,2.346715361935351
53398,0.3259340353728793
53399,0.8546181975635273
53400,0.2776557911220616
53401,1.4154149045027071
53402,5.582487227365448
53403,0.5993904690936606
53404,1.048863954814355
53405,0.3684648518851895
53406,0.3149045396074521
53407,0.38956516864931795
53408,2.0583683448809906
53409,0.29730722191739284
53410,0.03973917449501281
53411,0.42503631902517763
53412,0.1662532862581405
53413,0.8228734657799279
53414,0.4183698662060039
53415,0.18575130222939254
53416,1.3144316870745156
53417,1.557997234124173
53418,0.5425477312375699
53419,2.729623448008147
53420,0.4459750679211503
53421,0.3540659082198775
53422,0.1258709525750162
53423,1.4183268077946707
53424,4.544685666406114
53425,0.7045139351940636
53426,1.3370993794250499
53427,0.35199069818098133
53428,0.1559713674929212
53429,1.2208554800513796
53430,0.6463477311867216
53431,2.0866391156932687
53432,4.2724233281201895
53433,0.33318208128953475
53434,2.2806356828836902
53435,1.241725018630481
53436,1.4657057397760058
53437,0.4659764492870219
53438,2.344650780456424
53439,1.0013378881648496
53440,1.6659103682851006
53441,1.0850209715671955
53442,0.12790847821358717
53443,1.6268682988556786
53444,0.4961776482254765
53445,1.7857826661695761
53446,1.5114216869879389
53447,1.6825635508465475
53448,0.6976870086910039
53449,0.8711421522129174
53450,0.7074436719811621
53451,0.4191628856865008
53452,0.4640776239439625
53453,1.7707538233411475
53454,0.06053960874333432
53455,0.2940033697090156
53456,1.426044363733328
53457,0.20465668428021114
53458,0.12392951283775148
53459,1.029524963794302
53460,1.6528453419052833
53461,0.20903015235949862
53462,0.30984025858300895
53463,0.32564848953874104
53464,0.20156416761664747
53465,3.2354094672818503
53466,0.1885472674769705
53467,0.15286376903457694
53468,1.1213746746840119
53469,1.3821741180834317
53470,0.13588291237640912
53471,7.48847701520415
53472,0.7687027274573073
53473,0.780130715351009
53474,2.4439630427141656
53475,0.7466000818283112
53476,7.195632385363288
53477,1.601940927565259
53478,0.41959966491836065
53479,1.818729444237194
53480,0.11773789782167998
53481,0.27902831309796683
53482,0.4736442929711696
53483,0.8922044906851972
53484,1.3036889438767387
53485,0.12058888611460067
53486,0.6242552852911692
53487,4.61114766541401
53488,3.917611371750933
53489,1.4700445839228884
53490,0.905976392589738
53491,0.6034910470285416
53492,5.311675221013288
53493,0.44122491497676375
53494,0.38558698113862533
53495,0.9439629182569322
53496,0.5236658364013962
53497,0.4223346229355272
53498,0.7671026302567828
53499,0.4069007239873074
53500,0.4098587467279712
53501,0.2857944637072323
53502,0.3864647202514266
53503,0.4955511792057727
53504,0.20537563899533443
53505,0.054069226851640076
53506,0.448079946885594
53507,1.5238791210952656
53508,0.34390165368589903
53509,5.26514604950118
53510,1.0873462101560878
53511,1.8941544383963989
53512,0.7082183398706768
53513,0.7054926210361512
53514,8.131001140070635
53515,1.5392047337842079
53516,0.19320897694165917
53517,0.3170490925592445
53518,0.5195282238655695
53519,0.8134236497576148
53520,0.16710792078667538
53521,2.6273496494325173
53522,0.20629421372275286
53523,1.0292866712444613
53524,0.23299523234783698
53525,0.23962976605450984
53526,0.546321929265035
53527,0.5601165610993349
53528,0.9058424358575974
53529,3.3488089718564615
53530,0.03434078796024219
53531,0.5929218537065571
53532,0.9410346916755818
53533,0.6152084443037494
53534,0.1302578990481324
53535,2.2641595372202548
53536,1.1882868380276417
53537,1.6004477866189672
53538,0.21793797975885787
53539,0.21881154890961152
53540,0.1369892361174923
53541,0.1871046054538163
53542,0.1046110579088025
53543,2.3141121655421513
53544,1.2463321801214604
53545,3.790150328610586
53546,0.4625251983889016
53547,0.9390829322479395
53548,0.24925631977902232
53549,5.560770451286673
53550,0.7076820232794444
53551,1.6233484010125614
53552,1.3138035349600938
53553,0.4701533777726587
53554,1.3022513084549416
53555,4.970148850358935
53556,0.18108749266229787
53557,2.47859836205798
53558,0.45833862423578275
53559,1.5230781957572148
53560,0.3736570892077137
53561,0.014320973910355927
53562,1.6992952607176854
53563,1.4692975294907948
53564,0.12212470987579852
53565,0.3631461815163648
53566,2.5431112291605915
53567,1.3158365384805248
53568,0.9333890163740124
53569,2.2091769190418895
53570,1.3867560037700875
53571,0.47190776305829507
53572,0.037994704969491706
53573,0.5563805993949369
53574,0.16644343582077445
53575,3.524014374766745
53576,0.7494587888466487
53577,0.17116274449143076
53578,0.35286770049961197
53579,3.89247494985376
53580,5.2068379228140405
53581,1.099076838556022
53582,0.9760464314012419
53583,0.0591418572953397
53584,2.4066619912246336
53585,0.7409992875862477
53586,2.17741705502363
53587,0.41483456011574116
53588,0.2617529506595101
53589,0.22654593388470579
53590,1.5460684045798163
53591,0.1292812199934258
53592,1.0067923501079779
53593,47.53696472014642
53594,1.228727431901978
53595,16.158796176163964
53596,0.34579683202540057
53597,1.2058604117567582
53598,0.21880021007662073
53599,0.800936663660523
53600,1.087307256321941
53601,2.286190359671379
53602,0.8065924812882216
53603,1.6825044673380607
53604,2.4551392025997676
53605,1.4745170964063044
53606,0.24086918269615823
53607,2.3398360253169503
53608,1.0880105501056443
53609,1.1817848806078213
53610,0.05678665952622264
53611,0.3734020125748765
53612,0.9067649776344961
53613,0.32591405507754867
53614,0.3406655780736951
53615,0.49756142029078004
53616,0.7981675453958784
53617,0.7589826430250957
53618,0.08774115883688256
53619,2.329804896249997
53620,0.7332606455846247
53621,1.8160995636257122
53622,0.1019773093808246
53623,0.14818932661170803
53624,0.03930384440010683
53625,0.9009090203984348
53626,0.9355554278866605
53627,0.08563387125725595
53628,0.27861724101022917
53629,1.878899217523475
53630,0.4086635978359705
53631,0.7413264242967754
53632,1.6262577230516009
53633,0.2411377193681451
53634,1.014704925638954
53635,0.07890874161309129
53636,0.25856035829045015
53637,3.8286847721029957
53638,1.297100713054969
53639,1.127352575466873
53640,0.2930550619121641
53641,1.3881932870747873
53642,0.1896123913762002
53643,0.5332663885591955
53644,0.6582868636622665
53645,0.8702085818399041
53646,0.182286845521462
53647,0.36800010930384136
53648,1.3026716791182167
53649,3.6863406426252157
53650,0.3550191412302082
53651,3.282782612043655
53652,0.7277570838851404
53653,0.19798881097500376
53654,1.1085948659874914
53655,0.4533601075054175
53656,0.28102405695784244
53657,0.23150474862342427
53658,0.32911929989671884
53659,0.1138962917852833
53660,1.2840349886054994
53661,0.1308222483381461
53662,4.522572263448196
53663,0.9600878888471511
53664,0.6845137888212075
53665,0.8689513895274357
53666,1.7373799803300176
53667,0.41111917312904006
53668,0.6244355705895899
53669,1.8145664202245972
53670,2.992710619226521
53671,0.49165958917696695
53672,0.44323046836849117
53673,0.5603094577494405
53674,1.3420351200025908
53675,5.5583602916723915
53676,1.5264746237645097
53677,1.609614768960308
53678,1.062810559125413
53679,0.7403260451233491
53680,2.0693689123318504
53681,0.07806963778103702
53682,0.2495510904641333
53683,817.0259108403291
53684,0.04812284882068193
53685,0.38159824024927436
53686,0.2841304195846801
53687,0.3072010396323918
53688,0.3670961834293307
53689,0.21659612907184544
53690,0.186990930004095
53691,0.23862824958677983
53692,1.4885655028769915
53693,1.2794943313296656
53694,1.1392096000265899
53695,0.23105433358124675
53696,0.15887615366225255
53697,1.1738095235480328
53698,0.2985912196782756
53699,1.705133329195334
53700,0.330213018597679
53701,1.0730115755253073
53702,0.05348648563403284
53703,1.6147786978569703
53704,0.7270056434920474
53705,1.0078917870321469
53706,0.7132972915570728
53707,2.081596619089301
53708,28.117285392010935
53709,1.5318905256943287
53710,1.2012441077547273
53711,0.6871731351967727
53712,2.0338933348867565
53713,6.269442513565691
53714,0.29720512711605745
53715,0.9823037433933958
53716,1.0385685350427494
53717,0.05242931210098597
53718,1.437944248707239
53719,0.9639650980507204
53720,3.1355410983376597
53721,0.07526002417427215
53722,1.0762557822799521
53723,0.38249671159777626
53724,1.7324180410853425
53725,0.26366939692500785
53726,0.2970117031437779
53727,0.1279303389625528
53728,1.1975420858368981
53729,0.041019246887273486
53730,0.11735311284590953
53731,1.3138469719825285
53732,1.520916846628252
53733,0.08574093461849921
53734,1.7180778644029786
53735,0.05107753557548444
53736,0.5757330518483574
53737,0.410504354915452
53738,0.26958855157427053
53739,1.981376699138216
53740,0.3677077680426585
53741,0.9411976987438021
53742,0.567851384434201
53743,1.7996380229598945
53744,0.7626412362672069
53745,0.1409857239279971
53746,0.16970548773012845
53747,0.8380050238805052
53748,0.23831018893099512
53749,1.2496295571300862
53750,0.3511251847333098
53751,0.5808819854485272
53752,1.387528871147088
53753,0.24406942313084043
53754,1.150143169298434
53755,0.4919776266816261
53756,1.0553527415484647
53757,0.6022428255292502
53758,0.3424325074694648
53759,1.5165574540836195
53760,1.65924306009548
53761,0.21086096978279165
53762,1.613924411740559
53763,1.3052577080346852
53764,0.5799777970983586
53765,0.36234089892870136
53766,0.12115504476244214
53767,2.744088357540678
53768,3.8310958375568887
53769,0.1332792661101668
53770,1.746991172746742
53771,1.7400697966366012
53772,0.38824895950503785
53773,0.791323617105776
53774,2.1584941629721963
53775,1.2133067236286394
53776,0.6761513400857184
53777,1.3215970089135347
53778,0.13857779195536282
53779,5.052830356785861
53780,4.110593298057358
53781,0.3140885263891157
53782,0.2600981612259693
53783,0.3130421908177273
53784,0.6938083445914665
53785,4.946021088997858
53786,1.1336690590125336
53787,0.8343376171243602
53788,1.9554452316376454
53789,2.4701822702974705
53790,0.5359279282437621
53791,1.4173101520415492
53792,0.6640308720496186
53793,2.4863931192877686
53794,0.3052869783770213
53795,0.6633324114403273
53796,0.29314649879766846
53797,0.9295232839103528
53798,1.093275316301306
53799,1.1748683142920582
53800,1.8340648407300544
53801,1.2952756357810546
53802,0.04357893607196488
53803,1.8068558787489126
53804,1.050261743352825
53805,0.9742122605143946
53806,0.28681360627097297
53807,0.7512454719904204
53808,1.0155744956482458
53809,0.3776854629125327
53810,0.826329627008228
53811,4.01606460385235
53812,0.8322513310670029
53813,1.2664318789771392
53814,0.38391042104761436
53815,0.19048577792102772
53816,0.30405836210703124
53817,0.9022137721484119
53818,1.806290020872316
53819,0.9097331087928072
53820,0.07389181579594432
53821,1.953724893801041
53822,0.8386725929069364
53823,0.5865449939830942
53824,12.03848877990592
53825,0.11569488172728931
53826,0.43304040590639264
53827,0.7134957005433595
53828,1.781315829080364
53829,2.913274494083723
53830,0.1561079001663322
53831,0.030202135941416408
53832,2.1697721823948
53833,2.4382585861191393
53834,0.3773532947683456
53835,0.40113392203069087
53836,0.2534737013845505
53837,0.6824920567023256
53838,1.361156707954273
53839,0.5304628707222346
53840,0.27982224484726875
53841,0.19765024838540102
53842,0.12588929604629306
53843,0.6547576356451887
53844,0.7224620331410434
53845,0.1821899405547386
53846,0.3879361285254007
53847,2.69920996580435
53848,2.0613250734928092
53849,1.1433990996173065
53850,0.11512905702088021
53851,0.46726558310883615
53852,0.9804317135215124
53853,3.358040847089165
53854,0.13100461185658108
53855,0.33931836802114373
53856,0.6624063431321666
53857,0.15382965155798742
53858,0.43658774255484684
53859,2.6041703679499175
53860,0.6046251785656144
53861,0.364511492797197
53862,1.7809145974242453
53863,1.5913586170076184
53864,2.010707011331714
53865,0.3390687048935801
53866,0.48992986401666383
53867,0.5295809335892153
53868,0.1775910577175746
53869,0.2603551175528778
53870,0.6495183735205701
53871,3.690646213796374
53872,0.13797377506571734
53873,1.8756536329581552
53874,0.37625449417851686
53875,2.565506240398103
53876,1.6073057169674583
53877,2.2889111207549298
53878,4.985451188426301
53879,0.7523210240655476
53880,1.2678862015110857
53881,0.07709671502121576
53882,0.5847368164530627
53883,0.5292327969147167
53884,1.0511436919685968
53885,11.12133723924114
53886,0.9446437464911781
53887,0.6125218441037956
53888,2.7207304601282956
53889,0.4984058547731341
53890,0.3027891835106671
53891,0.3010837504593994
53892,1.378770268028279
53893,0.055441848245103516
53894,1.009712478043076
53895,0.8237000907719632
53896,0.04239678046851916
53897,0.42389818687261815
53898,0.41997105851882205
53899,0.8190139478098817
53900,0.9661179929256667
53901,0.5969161841436127
53902,0.9832288658182022
53903,0.15498393183307532
53904,0.03671736439616064
53905,1.6983334868439894
53906,0.9442893914406462
53907,0.969434212276323
53908,1.6712470584795014
53909,0.4225761122355976
53910,1.3480273595861578
53911,0.39600957541988946
53912,1.5943385492333075
53913,0.6570582725609948
53914,0.47917332518332445
53915,2.625020559526066
53916,4.627864847886095
53917,1.4302120657261392
53918,0.2329894066682735
53919,0.8695585947719955
53920,3.158430853477041
53921,6.654603459755549
53922,0.09405191182320521
53923,3.0433910071145513
53924,0.6857680281591236
53925,0.1390830999023635
53926,0.32242331868897284
53927,0.862037219734045
53928,1.5695093665575426
53929,1.4013729391463392
53930,0.26354502686281867
53931,0.22459774161717694
53932,0.7292002034676979
53933,0.9119184673452945
53934,3.212745599049603
53935,1.488473565863454
53936,2.680609925198968
53937,0.29537124400055287
53938,0.3120035993709353
53939,0.8368125547272162
53940,1.9435518903555375
53941,0.17967831179281288
53942,4.104520722475957
53943,0.2796686856532224
53944,0.14870302588824333
53945,0.5027522284408434
53946,0.7992828775024952
53947,0.6482811388495672
53948,0.16171030618058016
53949,0.4655170360796435
53950,0.8256208395385062
53951,1.0191281465800104
53952,0.3887461682973906
53953,0.2529981451116093
53954,0.3053404844255087
53955,0.9293583026356251
53956,0.39334967254019837
53957,0.7895090685589848
53958,2.612749667360363
53959,1.6412218032005224
53960,1.2417038287885074
53961,0.23872423005743096
53962,1.112550979663433
53963,1.5507197891133413
53964,3.094441844837401
53965,1.5761277694815152
53966,1.1870011601342414
53967,2.2048103606345464
53968,0.9099824519176332
53969,0.9943235436400939
53970,0.2924987635470808
53971,1.1802049857867023
53972,1.4173538830783865
53973,0.49574752720201914
53974,0.4817756752955024
53975,0.8271528685078378
53976,1.4039329032207808
53977,1.3291384817349123
53978,2.1203321662138452
53979,1.1666040439350234
53980,1.1730192343168064
53981,1.1202632610235501
53982,0.711623458390816
53983,6.949603336153498
53984,1.1339621990494266
53985,1.6358620523776972
53986,3.673307939341365
53987,1.0052147574074388
53988,0.5948982651183342
53989,0.19170774317349615
53990,1.5534314172309724
53991,0.157219201176845
53992,0.26803287128296893
53993,0.5098258153069204
53994,1.5668721165468242
53995,8.376279209337442
53996,0.07565029996715489
53997,0.6171960852789926
53998,0.4991992374013755
53999,0.6598263676595139
54000,0.07652214767611525
54001,2.377535272805537
54002,4.551986813532627
54003,2.323601582692523
54004,1.0177908910720836
54005,1.7486612247143696
54006,0.5737094184478111
54007,2.3247383561319723
54008,1.498214125152679
54009,0.5856597784873783
54010,0.49689122598760593
54011,7.064551568995211
54012,0.29052838682851
54013,0.6961402425646459
54014,1.2381757811182679
54015,0.07235644638973975
54016,1.638974236019841
54017,13.308456913988282
54018,13.767434262621517
54019,0.42107726558051684
54020,0.3116262346857836
54021,0.2830674936056253
54022,0.4921642314114653
54023,0.9230830853589829
54024,0.9952737378767671
54025,1.2078047916808083
54026,0.4298597248472872
54027,2.853983145195245
54028,1.5491621817683305
54029,10.798234950736056
54030,0.9504323128728233
54031,0.18751517208432575
54032,0.1316159377221284
54033,0.9194664973328927
54034,0.4309107739438265
54035,0.35559379244153133
54036,0.46626773318295556
54037,0.08337215346588586
54038,0.21064421080799914
54039,0.5557871346696609
54040,0.5771605636689224
54041,0.9946950274622102
54042,1.3578601967955766
54043,0.39620217625982657
54044,0.45917112990469744
54045,0.30446737248641514
54046,0.424035963832919
54047,0.29913838418639316
54048,0.5129171509524753
54049,0.19966156612794556
54050,4.627690550006924
54051,0.5281579118324011
54052,0.32805000092474684
54053,0.6773650323110687
54054,0.9990356363483858
54055,0.1968255805809717
54056,0.7231933227050169
54057,0.4527174346581597
54058,0.6298691075665132
54059,0.21056361510662844
54060,0.4326192183331717
54061,2.2467978912011253
54062,0.6589623484295692
54063,0.3448253591278725
54064,2.3501339914375343
54065,0.608023132708417
54066,0.7936087019793184
54067,0.19165018540497614
54068,0.7361696921019877
54069,0.7181334958586546
54070,0.046676032598316416
54071,0.5428261963836135
54072,0.1371402842316307
54073,0.9984822088029893
54074,11.032765752985867
54075,5.530405379681904
54076,1.5362683233962569
54077,0.30394220262207716
54078,0.7345652310766602
54079,0.1343454252853566
54080,1.7017719964946847
54081,2.560488417955349
54082,1.9934124430767561
54083,2.141210020573443
54084,3.1479184788005283
54085,0.40073356331971843
54086,2.835946857534266
54087,0.04953583374208765
54088,0.9445613827459473
54089,0.18579667263759028
54090,1.4731734034211172
54091,3.1860564084089984
54092,0.7653117338287648
54093,1.141219927860539
54094,0.1760085704883777
54095,2.6051659289035323
54096,0.27785033584545704
54097,1.4184812978984662
54098,0.680880408133973
54099,0.5696207524570511
54100,0.728757918300925
54101,0.4466929922994623
54102,1.7545403426276533
54103,0.24185680213169194
54104,1.6795358918927417
54105,2.1468758813378654
54106,0.7867394598498939
54107,1.1922114352512603
54108,0.28087538158166575
54109,1.5535313107338835
54110,0.07618099242310253
54111,0.3521544578334465
54112,8.280087300393012
54113,8.12052651779194
54114,1.9968326361588133
54115,1.661122449194193
54116,48.365219127414534
54117,2.4241242505657157
54118,1.0073606706783187
54119,0.7459313453196397
54120,1.4571939897094355
54121,2.7139798806583624
54122,8.119951621519528
54123,0.5180635603755328
54124,0.9502491370625672
54125,3.855074532813386
54126,0.25859946891981717
54127,1.2918192744641759
54128,2.3260127861643656
54129,0.51040539776427
54130,8.993423319059088
54131,5.649231176518149
54132,3.2127872915693056
54133,0.19712563432850314
54134,1.472760245228784
54135,6.871660958132956
54136,0.7021509703918233
54137,0.46436358321138654
54138,0.20585135409213964
54139,2.5015833040487556
54140,0.33384876365024524
54141,0.17014679315536874
54142,0.7020611911887013
54143,1.0426049997391107
54144,0.6047731133671408
54145,0.7682495195789945
54146,1.3040385990220047
54147,2.1131745072042794
54148,0.18962340311195208
54149,0.16997381141047374
54150,0.5820992005496787
54151,2.2050675626394227
54152,1.183167544613805
54153,0.23433807860482245
54154,0.10864135966986717
54155,0.4136208781673635
54156,1.538266676089723
54157,0.5858868391343088
54158,6.215416702345704
54159,1.9379872199909056
54160,0.36203678882535406
54161,0.28915904240613977
54162,1.9067583292107941
54163,2.800760499864592
54164,0.7218918313267138
54165,0.14564292457493297
54166,2.1653860772319042
54167,8.594739898816671
54168,1.87459344375727
54169,1.9862503932388673
54170,0.6392830060743929
54171,0.8272458291647078
54172,0.27095435033432647
54173,1.204822246160196
54174,1.079835154418442
54175,0.30381369485595855
54176,3.524713563037654
54177,1.1030663555224216
54178,0.9667331792243289
54179,0.6587401973192275
54180,2.34668384693886
54181,0.9263048229587325
54182,0.24639887242309336
54183,0.07046915386643807
54184,0.7340665671770594
54185,0.2595425572773489
54186,0.45485059078244006
54187,0.9817513913248588
54188,2.366282460349351
54189,0.4905698503142062
54190,0.7643725827035298
54191,0.24631292343429162
54192,1.8147026477270876
54193,1.9157066658399438
54194,1.8837023987939292
54195,0.8562219320227398
54196,0.6614280589770006
54197,7.832622741840436
54198,1.165621004264852
54199,0.29506633559782414
54200,1.137344248068684
54201,0.30769750786104566
54202,0.7507015702604591
54203,2.075142224854867
54204,0.05002718945337608
54205,0.7598139075900938
54206,1.483456462015699
54207,0.9197411366724338
54208,1.179474058754435
54209,0.9680148984684528
54210,0.8388085529806113
54211,0.21805027118480524
54212,1.0665700215120213
54213,2.001441510767254
54214,0.26276943136118464
54215,147.47170003655688
54216,0.5299946626076094
54217,1.0076821695593206
54218,0.1508471484151198
54219,1.7556988788340222
54220,3.059014717295717
54221,1.2072223577999333
54222,1.8754161637310436
54223,0.3550247534288495
54224,0.4020397004981102
54225,1.7868969233417398
54226,0.4221925619972604
54227,0.6321989995681271
54228,0.4121469641231897
54229,0.17939735722543088
54230,0.17081247727905086
54231,1.743015961166678
54232,0.6163669030877209
54233,0.39725614276999227
54234,0.19330928943485554
54235,0.8667865204611569
54236,0.09126380711793478
54237,2.7146500475271544
54238,5.40478549559079
54239,0.4080202714118956
54240,0.45643820316750117
54241,0.1250539128547609
54242,1.9028321004935247
54243,0.06601405937758056
54244,0.5700522154575065
54245,1.8276013160818039
54246,0.6588432304978803
54247,0.3895059704622362
54248,0.9256442835620204
54249,2.8237592959560645
54250,0.29330947790220807
54251,1.918156270247698
54252,0.5020059837512829
54253,0.6936406920745216
54254,1.7977735378015507
54255,0.28885153500243155
54256,1.9822833446847696
54257,3.4883568600941217
54258,0.4825852066229301
54259,0.49035789850121014
54260,5.224992733913888
54261,0.5078516823127093
54262,0.14528285414518452
54263,1.3961270276325208
54264,0.29539168465033183
54265,0.04398421336620184
54266,0.4201247858877382
54267,0.9708745629359337
54268,0.8780473745790687
54269,0.21024968599384708
54270,1.4246516954411799
54271,1.7074407528489453
54272,0.8146370281399526
54273,0.5345587275529017
54274,0.9184980658725135
54275,0.8296339361454937
54276,0.7406243272932465
54277,0.6358049008528887
54278,0.7064357341564822
54279,0.8221242724890219
54280,0.8021932480015764
54281,1.4907860275109786
54282,3.0262333641762
54283,1.5919137910515044
54284,0.9924232847783957
54285,0.2914399332252052
54286,0.5817810982384216
54287,0.6368671609976925
54288,1.270630821421879
54289,0.45484845816462666
54290,0.43546979806754327
54291,0.10092728000435823
54292,0.36769467313936477
54293,1.750943777295658
54294,0.17543941001552069
54295,0.6326307361626955
54296,1.244298205768155
54297,1.2650654819325184
54298,1.6236884349136222
54299,2.3828681913429985
54300,1.7540955589951321
54301,0.22932347174760032
54302,2.0140052200385745
54303,3.1011599622190236
54304,0.6693903969130135
54305,2.235782354486078
54306,1.037019497730841
54307,0.6424180121583255
54308,0.20058564148519625
54309,0.23495799366941747
54310,0.4232857656928256
54311,1.9893487025915721
54312,0.956190457454537
54313,0.5594907221689867
54314,1.2601843944244047
54315,1.2626212253430178
54316,1.2006745998395232
54317,0.7052957158731
54318,0.28345437687619746
54319,0.5775337753041028
54320,1.763676496012381
54321,0.3659650481775284
54322,3.5794254311584908
54323,2.3096402587377476
54324,0.1572725458077402
54325,4.722819994476142
54326,1.125606840027466
54327,0.3627564075836607
54328,2.0938956891120033
54329,2.2796511685064105
54330,2.002343003141922
54331,0.30306795721832974
54332,0.6137443859469712
54333,0.15112604893985476
54334,4.426731220816228
54335,2.157281158038851
54336,0.6022901306804016
54337,0.370713937832862
54338,1.612636006360012
54339,1.2405696282423342
54340,0.19011982703745545
54341,0.5308145899093658
54342,4.691352474865744
54343,1.2250195914454534
54344,0.5434390221917139
54345,3.127673981889789
54346,0.880652749758649
54347,0.2453186046877782
54348,1.3341518903244427
54349,0.6251263631392304
54350,0.14249983514619394
54351,2.746177677010488
54352,3.9857933305930575
54353,5.0997560749386635
54354,2.1091716774552847
54355,1.2169304609357618
54356,1.6132696910438753
54357,0.5274011787033585
54358,0.6406697865352583
54359,0.504613313170089
54360,0.23073914716974825
54361,3.8661994695786266
54362,0.15291541565673858
54363,4.897603138748256
54364,1.9999388619213438
54365,2.4923786275417323
54366,0.5534601563491897
54367,1.6259481768542001
54368,3.6697206132744604
54369,1.6424958731304908
54370,3.7833623295702683
54371,0.05792014998568387
54372,0.9088784225085182
54373,0.799010229021494
54374,0.45856259392042514
54375,0.08931337850376461
54376,0.6103951721447256
54377,1.4297769870439996
54378,2.481696637187551
54379,0.2643149613466088
54380,1.7550541236284378
54381,1.3868530161631376
54382,0.9482463192132288
54383,0.8638338995695063
54384,2.8533300435133455
54385,0.28481360065091854
54386,0.8626247199542839
54387,3.7661930027627415
54388,1.2510392933844283
54389,0.3887471173057851
54390,1.7469123244763751
54391,0.0894612734415459
54392,0.1791366211228767
54393,0.11135166518129473
54394,0.9060637885365223
54395,0.9951608651511691
54396,0.7491362470047227
54397,0.4926416827767286
54398,3.0828897672348368
54399,0.19143977976365312
54400,0.462298802577768
54401,0.1297000678000184
54402,0.6363815999279016
54403,1.0868319529561605
54404,1.1808775870753179
54405,0.6249502956948175
54406,0.8626782251163865
54407,0.12704335030084357
54408,0.6817625533971519
54409,1.3211621691339026
54410,1.857794671658083
54411,2.6042002881567754
54412,0.1869513889934811
54413,2.5242373379063503
54414,1.9305608642728291
54415,3.7859846532759613
54416,0.08130535545045812
54417,2.198848731495336
54418,2.591976648103104
54419,0.805453309027073
54420,0.6911352578632144
54421,1.5770789980779025
54422,1.8173480795233976
54423,0.22724379710461726
54424,0.9612276240000184
54425,0.6729764715447879
54426,1.0036486590003482
54427,0.5746275826906644
54428,0.4715815084532921
54429,1.743347304836511
54430,0.380442624881035
54431,5.3548044631918295
54432,0.3800374001945242
54433,1.3215096385341623
54434,1.5543976014457923
54435,0.34387166371433303
54436,0.944185193611288
54437,0.8656791063210916
54438,0.5702336847232705
54439,0.8444298465965341
54440,0.3440028700199552
54441,0.7539510546216208
54442,0.21676336646998096
54443,0.7348796358428957
54444,3.4686365422526886
54445,0.29301976102980676
54446,1.2982759209740868
54447,1.6729237579606353
54448,5.898293911449315
54449,0.8534534419462617
54450,0.3274342927774904
54451,0.5272924756282742
54452,3.7989222235288267
54453,0.119315346021154
54454,4.325438634233568
54455,0.2796791806827544
54456,2.0637195268481423
54457,0.3793551939539145
54458,1.9709142798477397
54459,0.2483600201997148
54460,0.8118302619709112
54461,0.858671414537962
54462,0.4222548213226209
54463,1.5331961714307418
54464,0.1830092596316745
54465,1.7417802735921908
54466,3.62542121236783
54467,4.5109933593058384
54468,0.9314362333802553
54469,0.5506288513823636
54470,1.5731838525055282
54471,38.31008534134254
54472,0.6708548104909833
54473,0.24501029138069952
54474,4.528454903923142
54475,1.5086911784109267
54476,1.477862725868346
54477,0.083044927289797
54478,1.2022887180689534
54479,2.8904029079008677
54480,0.14494375790925604
54481,0.06186480282658822
54482,3.3045251264807645
54483,1.1323214872909064
54484,0.7456973663847424
54485,0.300507512850133
54486,0.8005669982544719
54487,0.273740216916722
54488,0.7139335994671205
54489,0.1062309093019877
54490,0.31452043691223874
54491,0.2655850592544128
54492,0.657142572756799
54493,0.11652115652266354
54494,2.1941477696252263
54495,6.427490533311237
54496,0.6545433290778316
54497,0.1698887094608404
54498,0.7740070487861325
54499,0.910470066417286
54500,2.2777409371950297
54501,0.18140045608486
54502,5.260760529659422
54503,4.308559951453222
54504,0.12904305776042704
54505,6.007360959528409
54506,0.11387563352358598
54507,1.078200778754635
54508,2.1007198359843713
54509,0.577170061848355
54510,5.646611393351456
54511,0.379994540125674
54512,1.9373178284198775
54513,0.11722426897528564
54514,0.4371581671232746
54515,9.271607532943243
54516,0.19334469411302632
54517,0.5862871427754854
54518,1.3859593229530986
54519,0.15285890184065992
54520,1.1089183943201268
54521,0.41689481306478576
54522,0.10539686940891689
54523,0.16100392560397161
54524,0.553370241267399
54525,0.2675121103587018
54526,0.25462394345486017
54527,0.1688461924444795
54528,0.2265531773654509
54529,0.3311244415776508
54530,0.37999296488281425
54531,1.0586010889364958
54532,0.41961965139053875
54533,0.30115262926745223
54534,0.7424629144638776
54535,0.0687502840105836
54536,1.4241193980851568
54537,1.0446248126305346
54538,0.20972216576216363
54539,0.1726775202521466
54540,0.7167979950794414
54541,0.19670824237591583
54542,3.210341264725537
54543,0.17624414319404558
54544,0.6714116504896459
54545,0.37717435607987077
54546,0.3396493330709762
54547,0.2154417957804832
54548,1.2705815077675242
54549,1.6645128057728866
54550,0.7978840261393229
54551,1.2572863580744662
54552,0.6565394001174978
54553,1.0227425401438026
54554,1.8291980385253983
54555,0.3503380867632718
54556,0.619630086120305
54557,2.110796862490769
54558,2.2608381447281474
54559,0.5386035876196019
54560,2.0378055400402646
54561,0.5573261840957207
54562,0.24567286384418768
54563,0.4009672094808856
54564,2.87752258726372
54565,0.7604459703667678
54566,0.06154622927827121
54567,2.2960377345153242
54568,0.20708217728698564
54569,0.6613265596815008
54570,1.1993062237542969
54571,1.8548891048294311
54572,1.1615483910140592
54573,1.2064740205525615
54574,0.6368072382967714
54575,0.4410477177065506
54576,0.10398899592180344
54577,0.5211845482245995
54578,1.5635616750969101
54579,1.6691449601725186
54580,2.7259303755928226
54581,0.16991226941202883
54582,0.9557142947514526
54583,0.33050007207268467
54584,0.7248575689442386
54585,0.10368709425294889
54586,2.349044198954747
54587,29.64440060805858
54588,0.22935848825774927
54589,0.4145494102375701
54590,0.5654752605062788
54591,0.959383005556419
54592,0.32283616342000837
54593,2.1833414298251337
54594,0.7128123672668262
54595,4.694961192618487
54596,0.4003852615006619
54597,4.00381037688827
54598,35.41792339502501
54599,0.5290218945768983
54600,0.4032401895706964
54601,0.6912020580404789
54602,0.2661320951431462
54603,0.2411987264942014
54604,1.8603231222390622
54605,1.0660945995514197
54606,0.1773620649762969
54607,2.121612541387718
54608,0.10883304776657879
54609,0.534798662061691
54610,2.127543377839295
54611,2.9700477182345897
54612,0.5162318717648221
54613,0.3585161756059807
54614,1.349468116481337
54615,4.938658316283315
54616,1.1246910574303408
54617,0.1271227364561374
54618,2.5206394499554707
54619,2.639980751742681
54620,1.8806829809704892
54621,0.9112519960177464
54622,2.9376782019212713
54623,0.6838877166958425
54624,0.5770459938761225
54625,0.26001302211614863
54626,0.22744729575993383
54627,0.8649991193508669
54628,0.6232324143363182
54629,0.145919715233707
54630,0.13352649698939556
54631,0.05926105002933117
54632,2.1653573165513835
54633,5.589496624707584
54634,0.24745196638245498
54635,0.140291186004794
54636,2.415629813102816
54637,0.07938770925054814
54638,1.1071425775471184
54639,2.3846033261170883
54640,1.3741687214305904
54641,0.322174713771207
54642,0.5234702135346936
54643,0.38247274524189834
54644,2.5473278326376367
54645,1.5948705085596833
54646,2.074478257306143
54647,2.988739688410563
54648,0.17904776133103337
54649,1.9410656750955235
54650,0.12883921720372288
54651,0.1678785143561746
54652,1.1152583070848507
54653,0.11040649808182712
54654,0.12328166318845453
54655,2.6841550767750446
54656,2.1770400058569908
54657,0.06328772613829202
54658,0.564590725437765
54659,0.5871617711496
54660,2.2804911081758505
54661,1.805984616317267
54662,0.47410717213598036
54663,0.1912941924130938
54664,2.1184267912271424
54665,0.16393842400021846
54666,4.833721283624642
54667,3.49976560526736
54668,0.7034031932563032
54669,0.40985810127529554
54670,0.8638918981350072
54671,5.331207967397364
54672,0.5354423223281258
54673,0.3747455955815028
54674,0.08931936243641267
54675,0.7912539308498001
54676,0.3432830447770272
54677,0.8238271256711572
54678,1.2439032345809404
54679,0.15460780895158122
54680,0.1818653626699976
54681,0.6033104199795747
54682,11.652727727110216
54683,11.363866636332467
54684,12.167035710165411
54685,0.9052940795815428
54686,1.214564973646707
54687,0.09311457585414219
54688,0.09907489650090122
54689,0.1721757318785356
54690,0.0869092034547225
54691,1.5377093657072123
54692,0.3241840400196306
54693,0.16008533079061726
54694,1.03085095788584
54695,2.2994722422264484
54696,0.3191024893016702
54697,0.48077553680642643
54698,1.1644253721482873
54699,2.9088682219635147
54700,0.12366968288116562
54701,1.378431255325761
54702,1.7858623192977916
54703,1.0201829385184153
54704,0.32373130115795723
54705,0.25931996469611884
54706,0.07875648405058952
54707,1.0816138147493628
54708,0.4779925806572184
54709,1.49668782517555
54710,0.6427023951270038
54711,1.9081838457834648
54712,0.23758948366450539
54713,0.8562739864103314
54714,0.37308868256844263
54715,0.15266696027801166
54716,0.8831540552413796
54717,0.027350405192300326
54718,2.8989885167594096
54719,1.3077186295029346
54720,1.7766591883921703
54721,0.889706971677271
54722,0.03195524287836557
54723,1.096115901803372
54724,1.4228018418151898
54725,0.05771700247896875
54726,1.1354054623359466
54727,0.3784573250590728
54728,3.596725687449943
54729,1.3215074494149004
54730,2.1439537487802505
54731,0.7585803569490179
54732,5.617844729808201
54733,1.650080039378685
54734,0.9386650298238801
54735,0.22405809238372237
54736,1.5349136610827243
54737,0.01766165901007976
54738,1.3448538976727502
54739,0.3205991569975151
54740,0.6526739639575833
54741,0.564884545104322
54742,0.6847921062585552
54743,0.3558760388228467
54744,0.1166564598902541
54745,0.2188884855154524
54746,1.3318095388036473
54747,0.22900081534346864
54748,0.18504990997324333
54749,1.86485530597513
54750,0.6870153291485024
54751,0.5418082040095094
54752,0.11145675681208068
54753,0.9519658046457253
54754,0.14507928978310894
54755,1.4373595742498966
54756,0.322135987501717
54757,0.35624258843314166
54758,0.543688954110109
54759,0.11822136002864024
54760,0.2636219839720331
54761,1.4258879625412684
54762,0.5316989131400784
54763,0.055132562931136414
54764,0.5250407063592332
54765,1.7289336003465208
54766,0.24660404745723802
54767,0.09909809576402337
54768,1.4026936573970343
54769,0.6951882506358721
54770,6.181109198761857
54771,2.672636573175554
54772,0.25417806299709833
54773,0.7720868279737978
54774,1.8666679087218014
54775,1.0078409161348687
54776,1.4397486934925716
54777,0.6418966031717248
54778,0.22175258459725466
54779,0.49051291306142136
54780,0.9096921295033027
54781,0.5989396738801656
54782,2.674355209155543
54783,1.3809368391390184
54784,2.596731724483808
54785,0.23091463984215407
54786,0.6351418632484682
54787,0.4450978037276635
54788,0.36470159747492015
54789,3.251167988458233
54790,1.3324445310398922
54791,2.791722354502765
54792,2.5002596344570156
54793,1.061118199882668
54794,1.8146954050294135
54795,0.7162862436413375
54796,7.807422548842896
54797,0.5892928574695989
54798,0.4842235950623014
54799,0.3164296879480506
54800,1.807344832436616
54801,3.8649563020523066
54802,3.026660735287336
54803,1.173718940727642
54804,0.16833442308195318
54805,0.5709079087192803
54806,7.694492681939514
54807,1.4294187524802067
54808,0.8286557538216872
54809,1.4561452912340767
54810,0.10825363842867691
54811,0.35612370774476176
54812,0.13099898774581073
54813,0.6536420096270098
54814,1.0594600447792757
54815,2.7336736865845115
54816,0.9825514222588914
54817,0.7394598803178962
54818,0.3566800078360164
54819,1.3330016569405905
54820,1.0848870420606442
54821,0.8350774487797632
54822,0.15696704159983121
54823,2.2940902178140825
54824,1.8172878505333243
54825,1.1713456759589622
54826,0.8000894481770382
54827,2.5894036721986744
54828,1.0121683140147393
54829,1.4449313356094067
54830,0.8927272424741841
54831,0.7125486371143921
54832,1.7069816736525694
54833,1.374087599917504
54834,1.6615567562766078
54835,0.19051070631486883
54836,0.10286709236052528
54837,0.14615989506367102
54838,0.5768448516174765
54839,1.0726899467797766
54840,0.7941995840228513
54841,0.26263330164450405
54842,1.1019290526813919
54843,1.2542134991454443
54844,0.3931877252666584
54845,0.21142682466478793
54846,0.7546695752475465
54847,0.7231149778538383
54848,0.10751810702571542
54849,1.1358727333247756
54850,2.517436414429515
54851,0.04634087746138855
54852,1.57209029462975
54853,2.5887598631690287
54854,1.442165077645786
54855,0.11679439945603867
54856,0.27283097250620914
54857,0.7331484034714206
54858,0.7318667080366215
54859,0.7593296160854651
54860,5.207196323350254
54861,0.909474169572129
54862,0.297818795326824
54863,0.36849208774371983
54864,0.6861185730273024
54865,0.2736635099913912
54866,0.14039465025762818
54867,0.7444387499768659
54868,0.28795310652765693
54869,0.07452998848104606
54870,0.42994348039934743
54871,0.2782454869912148
54872,0.19032800520600657
54873,0.23695845023521403
54874,1.0687166486198427
54875,3.4341155688076874
54876,0.5253239126293281
54877,0.04264447191308297
54878,3.682484283325829
54879,2.7637655614943535
54880,1.2302129402068978
54881,0.08612045805055593
54882,0.2770977553309609
54883,2.5947991859337134
54884,0.40785705362282115
54885,1.8051185824966802
54886,2.344559741982293
54887,0.056519472253908895
54888,2.614071258275768
54889,0.22521183902096775
54890,0.26345296277310976
54891,0.2551113601435541
54892,0.6060854017261307
54893,2.371015384292781
54894,1.1697668511917783
54895,0.5228927279481832
54896,0.6183580089022992
54897,0.20723714645010452
54898,1.4134737805488917
54899,1.3365298991026917
54900,0.605064574053305
54901,2.987430333831055
54902,1.2179703365377024
54903,0.3244659719370445
54904,1.3359506555701872
54905,0.7102521794197302
54906,0.4779541934142653
54907,0.9773593610086939
54908,2.6473162708802036
54909,0.7589665583041697
54910,0.6786066696154076
54911,3.0909271237166362
54912,0.18505492699333081
54913,2.770700689304725
54914,0.11901661725345157
54915,0.24026740396757712
54916,0.06087161073270363
54917,2.042539057070835
54918,1.832780266007407
54919,1.3936690873237532
54920,0.6036704010210454
54921,0.21372047230835617
54922,1.4428962093371684
54923,0.5053227907558455
54924,1.0113620646924442
54925,0.866739977092335
54926,0.8375041720839864
54927,3.301957916298576
54928,2.0651170320967704
54929,1.6414690502377725
54930,0.04846709179867913
54931,0.1977424583756333
54932,10.410007081316593
54933,2.9743314967293815
54934,2.0640751341826182
54935,0.24145284014311424
54936,1.8019997243460997
54937,1.3541168244256738
54938,3.018127721421682
54939,0.04663023566756732
54940,0.13302998403514962
54941,1.9738333391511274
54942,0.1284970931788458
54943,2.2576610505640073
54944,0.32754099490479216
54945,3.2127922383679017
54946,0.25077685993896204
54947,2.781053831528183
54948,0.9426108501822846
54949,1.2449969489879589
54950,0.6231652794576249
54951,1.2277041845989336
54952,1.1757853697794016
54953,0.9740174803342099
54954,0.502484622587003
54955,1.917315531018243
54956,0.1360854319836409
54957,0.2670511629970652
54958,0.6537689473290674
54959,2.2554020877662464
54960,2.290199551590924
54961,2.1877973714763956
54962,0.3422546812117003
54963,0.6531769024921323
54964,0.3095012166895325
54965,4.265281860915899
54966,0.3888824818468452
54967,1.6467648579969065
54968,0.3210495112590762
54969,2.4960596595010913
54970,0.6421482813904731
54971,2.6760030573633715
54972,1.0083541378122385
54973,1.723007180248962
54974,0.32218718728936024
54975,0.5213783197053461
54976,1.2808138149495323
54977,2.2259221579428066
54978,0.7998271609099737
54979,0.5620299939113788
54980,0.42132022407878683
54981,2.711835805165106
54982,4.958499032780625
54983,0.2809256818653803
54984,0.30767175507583516
54985,0.35863542815704946
54986,3.6756633032478803
54987,1.3743435359077611
54988,0.3902910719213326
54989,2.2178389577742017
54990,0.9440570361393443
54991,1.1759835876194074
54992,0.9026340953838617
54993,2.594055278030785
54994,1.9962837475597517
54995,0.7307017071032462
54996,0.37709555793859656
54997,0.43550263100647524
54998,0.7211335605673685
54999,0.45344260982475737
55000,2.2601654927449557
55001,1.6270018653587182
55002,3.8574843241763297
55003,0.8396333375106451
55004,3.6871107112928914
55005,0.6709708504700685
55006,0.9135159957531223
55007,0.30719500189240273
55008,0.43073830646248534
55009,0.45639616403771965
55010,0.09051479665115399
55011,0.6002135188819638
55012,1.0238361456781337
55013,0.6493466863113107
55014,1.8758069010695033
55015,20.997569241488726
55016,0.32776635270330007
55017,0.5189491785587046
55018,0.3995579494814214
55019,2.2969810757094304
55020,0.8615111020008328
55021,0.2022496235991892
55022,2.8977897312152505
55023,2.9907801446542615
55024,0.20348804679288357
55025,0.2686949489387748
55026,0.24660293739747538
55027,0.8373400832181964
55028,0.6231311017420019
55029,3.2392402652815613
55030,3.840655043118895
55031,1.4116687136788184
55032,0.04973050376619026
55033,1.1695450781663213
55034,2.120017819741895
55035,0.5501230055801386
55036,0.7195204898325205
55037,1.4272905055030973
55038,0.4286262175912727
55039,1.2250772789154438
55040,0.2996052476917662
55041,0.21203126320136226
55042,0.7880710526790151
55043,2.82110575287894
55044,0.4007529693282539
55045,0.46258014867550323
55046,1.3263226117704945
55047,1.5173468142436621
55048,0.35377913906743497
55049,0.16619733484428362
55050,2.1540590202912338
55051,1.0939401882595299
55052,0.912942065889365
55053,1.4407295516877192
55054,0.3032132371628727
55055,0.19377418073129832
55056,1.4504046836774214
55057,0.13481785498105295
55058,0.46511386412531963
55059,0.32822608746261006
55060,0.9932451147765035
55061,0.485070919835376
55062,0.18661826772667398
55063,0.6736824655388346
55064,1.3208158473544775
55065,1.4268542540313927
55066,0.588215729307368
55067,1.5357175539728107
55068,1.791935299796121
55069,0.14559697598420407
55070,0.14543154380772513
55071,1.3128837038804284
55072,0.6415224181306685
55073,22.979781521601872
55074,1.1751068773616256
55075,1.4289705975512725
55076,3.6771760622667182
55077,5.552582161144371
55078,2.4284366265115738
55079,0.2241834289555126
55080,2.247046262268675
55081,1.2007082513675562
55082,0.10970135795544679
55083,0.8420811680688334
55084,4.621896000384079
55085,0.11848592369775171
55086,4.589625448704574
55087,3.402194466723955
55088,3.7858684653741186
55089,4.344383491460397
55090,0.029810002193754286
55091,0.2035836282837565
55092,0.8165738751033199
55093,0.8659448162525212
55094,0.5879316469833001
55095,0.5512491290042761
55096,2.988549748932599
55097,1.1183103058155373
55098,0.33655957711752277
55099,0.5235609980135166
55100,2.2401863377231206
55101,9.168821474779412
55102,0.3918080067355985
55103,0.6803551087179506
55104,0.14011405508467728
55105,0.7123471174686807
55106,1.5803370583945762
55107,0.45705575377504676
55108,0.4142352860249652
55109,0.24065818788929927
55110,1.3205602822519729
55111,1.37628448943467
55112,0.18851968930136007
55113,1.5480351124060086
55114,2.2455095175641016
55115,1.522689898935512
55116,1.2552575926721843
55117,1.4273356846884389
55118,0.26664472935671224
55119,1.0683794871850658
55120,2.6419687810457835
55121,2.1241623404391037
55122,0.4650156108097649
55123,0.5304566586402694
55124,2.8131987010180746
55125,0.09273225717136552
55126,0.5652304772305702
55127,2.7486995650185713
55128,0.6281829131384652
55129,1.1686730390333226
55130,0.8459588251544867
55131,1.6817336848719329
55132,0.4700646602354073
55133,3.2979147184123034
55134,0.21418329014949547
55135,0.4943108527268476
55136,1.0039118929821076
55137,0.18178477916537963
55138,0.8539306933283028
55139,0.8131226863915345
55140,1.9589665925567297
55141,5.861422014912476
55142,1.360873614865547
55143,3.0626709915272285
55144,0.11308927489884556
55145,1.08612242992661
55146,0.3464616477640586
55147,0.794232328729728
55148,4.359785666689541
55149,0.4317996629820679
55150,2.615374664870123
55151,0.9116748266739759
55152,0.1054758571440372
55153,1.351137969707049
55154,0.4288770699210852
55155,2.500625647293194
55156,1.0664551673108749
55157,0.09119960161138556
55158,0.6597541422896639
55159,0.9987859096640554
55160,0.38230381626945004
55161,2.03649063238147
55162,0.43967337834067527
55163,1.4382804857519174
55164,0.6052585901577641
55165,1.9681372100988488
55166,0.5596315570256776
55167,0.3201012821166716
55168,1.073116542379243
55169,0.68321762559032
55170,0.3488486997795591
55171,1.4362515873219817
55172,0.2828049983362312
55173,4.0113993421653005
55174,0.5227280308599911
55175,1.2555207071674785
55176,0.16087628314816965
55177,0.2115806302810814
55178,1.7220593347475959
55179,0.4294811769263878
55180,0.7853950897183801
55181,0.9152266944285712
55182,8.516448591756124
55183,0.933126763247712
55184,0.47800974627252224
55185,0.8695853792421655
55186,1.6233980918311608
55187,0.6929439554836763
55188,0.5307368834708429
55189,0.0931143769615442
55190,0.7513762294893557
55191,1.8770076030346532
55192,0.23426685670873731
55193,0.09007162939289137
55194,0.30010121776329557
55195,0.32321159219582274
55196,0.5854867167933605
55197,0.1608981363098315
55198,0.1924419220151018
55199,2.41325757877638
55200,0.49425958075093934
55201,2.3120500337265577
55202,0.12647954198225442
55203,0.2645008414795154
55204,0.36686192083453417
55205,0.19383828525924357
55206,0.39565432229904673
55207,2.1070349308685024
55208,2.232552769048578
55209,0.9833402997829853
55210,0.11547490977491431
55211,0.38728242316635014
55212,0.7260199571149165
55213,2.1822552207311774
55214,1.5529858259223255
55215,2.7105188241341103
55216,1.1585722135503704
55217,0.03576406412491731
55218,1.316165600380654
55219,0.20429484607893053
55220,0.3198695029797322
55221,3.6279911192663903
55222,0.10208931976730261
55223,0.3366241741158306
55224,2.4625611845976465
55225,0.5227884131114466
55226,0.07888073344145799
55227,0.1404188642471656
55228,0.36032028058498194
55229,0.11598973076999917
55230,0.3822768521306529
55231,1.1129325691221523
55232,3.3480502389278177
55233,0.3543128319146166
55234,1.4095842080909367
55235,5.634424639829612
55236,0.8056677453209182
55237,0.5564489655708081
55238,0.12163807550817379
55239,0.3511964255165091
55240,3.6972208792925576
55241,0.07827960653948811
55242,0.1926665660763703
55243,0.5456449234894539
55244,0.4020594392611358
55245,1.0920855255845507
55246,0.7754257688446834
55247,1.2659329300306639
55248,2.2663858534291315
55249,0.7303626031510222
55250,0.8961977006950285
55251,1.0085602580358095
55252,0.25194760702882435
55253,1.1217735623667002
55254,1.1843775817363071
55255,1.2507458187006255
55256,2.384960913337828
55257,0.6286229775813476
55258,0.7757502463071955
55259,0.3059610317191744
55260,0.6169471644500603
55261,2.7309523994690945
55262,0.8672569405002082
55263,1.8762826753073656
55264,2.300377655230186
55265,2.6706031128879166
55266,1.7266881571094994
55267,1.7697979775950723
55268,14.091755741113513
55269,1.4095607046314933
55270,1.5512297040567924
55271,0.7009126677253996
55272,1.3507823239494428
55273,0.21380288135753445
55274,1.310164918940678
55275,1.5649078827379974
55276,1.7944584970996946
55277,1.4859929306551627
55278,0.696703726405808
55279,0.9028744375059118
55280,0.10595137488690627
55281,1.5676788342539028
55282,0.4683382951534606
55283,0.1134863433086303
55284,1.3558407414986855
55285,0.9553737317928193
55286,1.2652795673791166
55287,1.0293321942121074
55288,2.3081416557435257
55289,0.08144228495411471
55290,0.9721892776331879
55291,3.7743820412492095
55292,0.1988718521436115
55293,0.955044977976961
55294,0.9774673302745451
55295,2.402025824398386
55296,3.0112324197879894
55297,0.10441507453742627
55298,0.37729524723245644
55299,1.290821042900747
55300,0.4121760897354511
55301,1.564894511443472
55302,2.0274367366837556
55303,0.23260424543002078
55304,0.8874621398318787
55305,1.511703395923257
55306,0.4008740407824808
55307,7.560809332972777
55308,0.11853881205084804
55309,1.167717509359742
55310,2.2814847064534027
55311,1.690988845672022
55312,0.8265934792289167
55313,3.1794807576903357
55314,1.838333324843694
55315,0.17119706514390615
55316,0.23828407904407
55317,3.239522278979134
55318,1.0774231432269505
55319,0.46201042224831335
55320,1.797591791022887
55321,1.7702490834455928
55322,17.672546549954518
55323,0.3994229796429758
55324,0.983754698373678
55325,1.0067818434300175
55326,1.013723952031179
55327,2.366314810918892
55328,1.1534523242850427
55329,0.2962905204998465
55330,0.44541330700883397
55331,0.14394260762222685
55332,0.21569258474115907
55333,0.543791382977466
55334,2.204263073328524
55335,0.5555865439704326
55336,0.1551373001246993
55337,0.1190579211411827
55338,3.222840885052654
55339,6.028921363682484
55340,2.2398638046979475
55341,0.4296544578437867
55342,2.445875616659279
55343,0.9780269070573006
55344,1.149173911565352
55345,1.0563975839962911
55346,0.5908495977291691
55347,0.22997340523038906
55348,0.8274934496344278
55349,0.24381638252238416
55350,0.6603118627500244
55351,0.4326104510103239
55352,1.432535005778857
55353,2.171056278314537
55354,1.6482444543324297
55355,1.7677582226621116
55356,0.3618541093771129
55357,1.0892217862216025
55358,2.030514147378402
55359,3.948415609928456
55360,1.8290423205479007
55361,2.0227783085941007
55362,0.9535291957504788
55363,0.14259928222944915
55364,0.9860707924938001
55365,0.05816259642893074
55366,0.5115125047740186
55367,0.19855658335866383
55368,0.09241411951009935
55369,0.8454833016850514
55370,0.13930330897124626
55371,1.1929168419109857
55372,1.8226292311737593
55373,0.839538019102024
55374,1.0308794541783666
55375,1.406124131657616
55376,3.2435144890733056
55377,1.0919878542810684
55378,0.08156569942435597
55379,0.22404912866791318
55380,2.329885185179439
55381,0.5148543845333072
55382,0.30849321293778825
55383,1.6898057830597781
55384,2.2551583676114637
55385,0.1881853145840815
55386,0.9593056305436161
55387,3.052847157838211
55388,0.3022562981419092
55389,2.0010641212725577
55390,5.218088544964448
55391,9.056382569547784
55392,1.3616120070295445
55393,0.8904752339721728
55394,2.528047553599532
55395,0.6811375659217898
55396,0.2266631216501794
55397,1.456863925972133
55398,0.8638596831379923
55399,4.259123329487331
55400,0.6141196506740842
55401,0.338783710055047
55402,1.792350889026729
55403,0.7446621849637767
55404,0.09123660612628243
55405,0.6640103586929841
55406,1.48344054964354
55407,0.33085422367917605
55408,0.7013585682152945
55409,1.2958311617781413
55410,0.6329076777531798
55411,1.0739745684089774
55412,1.1450674201089266
55413,2.7194018482720472
55414,0.8972936517298413
55415,3.285525440593639
55416,1.184789946297893
55417,0.5357029008124563
55418,1.470808702905113
55419,1.761405788534615
55420,1.168101920125154
55421,0.12139878878917026
55422,1.0357693865608009
55423,0.3382626888723746
55424,0.9347121259891394
55425,0.6173312796883837
55426,0.4046605077444203
55427,0.9707226033268259
55428,1.4706440807940553
55429,0.31568913246879593
55430,0.2644520663577092
55431,8.342343978490595
55432,0.9129129095886657
55433,0.1668449335373546
55434,0.5952965415855581
55435,0.45006024258502164
55436,0.06599486010737288
55437,0.5446783165757172
55438,0.9816933935859015
55439,1.1674045471164916
55440,0.8912059327071499
55441,0.43810601773842056
55442,2.5327113483759582
55443,0.5290254606077779
55444,0.3597347819598244
55445,0.4643340172289373
55446,2.397975314530502
55447,0.44784068676939603
55448,2.2449413839927823
55449,2.3649111968708394
55450,2.42886977588212
55451,1.144855871534455
55452,1.7573050376645378
55453,0.8550692119566851
55454,0.3768614242201381
55455,9.381342976788341
55456,0.45750324728432457
55457,0.3253084884750298
55458,0.1803633582003647
55459,0.8164412065152404
55460,2.1600152942770325
55461,0.7603277930705292
55462,0.35444218257052584
55463,0.3499945810337636
55464,0.49144338600777665
55465,0.17134714501523063
55466,0.2320846741097817
55467,0.15956916701639898
55468,0.6125510365057775
55469,1.6450255134537286
55470,4.525847634007892
55471,1.5242792340475442
55472,0.2923397166726603
55473,0.5672011823512237
55474,0.8442898083026376
55475,0.1624742089644488
55476,1.4286467668035767
55477,0.8021373428893908
55478,0.4042151437033065
55479,0.4379991684730859
55480,0.26662649489138834
55481,2.2042027876646295
55482,1.0000899807807622
55483,1.3368703391935535
55484,1.380218016684511
55485,0.4701757792719393
55486,0.21461948154320354
55487,1.755926529209769
55488,1.5163688907152986
55489,0.7593992498054525
55490,1.0635245675743117
55491,2.3375833579490752
55492,0.3887466114491612
55493,0.2816690699318441
55494,0.46041512768668474
55495,2.3275923397840943
55496,2.077555022890188
55497,2.5241800912884513
55498,1.5090107441566551
55499,0.27103254201202454
55500,0.7211864578371334
55501,0.03019119046126606
55502,0.43707211950086405
55503,1.2429973969756858
55504,0.08298711127913097
55505,0.7155114488623475
55506,2.9996759023647477
55507,0.7128797754192847
55508,0.2383474178450124
55509,0.15936663839188067
55510,0.9782349880955294
55511,1.0340280349060242
55512,1.6548895127755543
55513,1.138856524804857
55514,0.38800507401716616
55515,2.8375878118728894
55516,0.573865514898353
55517,0.21805983969851184
55518,3.4154185076807972
55519,1.3778277054286527
55520,1.899144785577847
55521,0.36109653468094627
55522,0.20607916263476192
55523,2.014631564969603
55524,2.4815743234713055
55525,2.5114497481295417
55526,0.13738608937712207
55527,0.07655507652246481
55528,0.0886014972463412
55529,0.1296630649801252
55530,0.39785823025439576
55531,0.10903737288605646
55532,0.06380493798445203
55533,0.6738229341450137
55534,0.8366999763626013
55535,13.13475835189563
55536,0.054964917271653216
55537,1.6991753746423663
55538,5.631339471516143
55539,0.9502441422720539
55540,0.39723055279701025
55541,5.072859961769112
55542,0.6995783974968377
55543,1.2064636677167981
55544,1.754462274780423
55545,1.2103748408029682
55546,1.1669586697692311
55547,29.993295769668634
55548,6.293012221838453
55549,0.5608001170356985
55550,0.12014670151360556
55551,0.5243316804652777
55552,0.2118039054666174
55553,0.4096548675183827
55554,0.6338636154101671
55555,8.750730132250013
55556,4.143201663453059
55557,1.8397481796689468
55558,0.6608421002524931
55559,0.06834878088514229
55560,0.7376255456510761
55561,0.1595326336736286
55562,0.1177398672924166
55563,0.3326243866827162
55564,0.31559546812738404
55565,1.0366023542375136
55566,0.31556218886373555
55567,0.6238911446901528
55568,1.172310015007676
55569,3.1662363678764223
55570,0.09179726152149043
55571,4.6382060643951375
55572,0.3306042211684724
55573,0.3655447171542389
55574,0.2973445885091263
55575,0.786702518848421
55576,0.3761870057190236
55577,1.4225524263969154
55578,1.525909858105314
55579,10.595709227428348
55580,0.7416680632057616
55581,0.40418223809063647
55582,0.24938268309713343
55583,0.43996397487376593
55584,0.36560644795856767
55585,0.21105907109288882
55586,3.8250513229364076
55587,0.5776690826654886
55588,0.4105836998970833
55589,15.27523535665312
55590,4.337102709422054
55591,0.6618051114462503
55592,7.807833978181009
55593,0.1754392411660344
55594,1.2840610067835057
55595,0.7293044345242794
55596,0.34873968231929353
55597,0.23196908529061136
55598,0.7053636501664005
55599,0.19723868820362916
55600,0.45621339992907045
55601,2.916815923163154
55602,0.8486714035698315
55603,0.30257788256475315
55604,0.60416870104178
55605,0.7754619760410109
55606,1.2028100047664125
55607,1.67428970729476
55608,0.69677683049373
55609,0.18047019252102503
55610,4.202923895164503
55611,0.9722329478544591
55612,0.868714262296309
55613,0.89333422732993
55614,2.6954841652633603
55615,0.7257316304900167
55616,0.13415199377124631
55617,0.7774159946528371
55618,0.5572156307555789
55619,0.8443644767051546
55620,1.408290324868272
55621,1.1447044493316625
55622,0.6208321006927208
55623,0.2684051617168118
55624,0.6787039148702825
55625,0.790275527945191
55626,1.5467290254015351
55627,0.296728829625143
55628,0.8239886995701388
55629,0.7220902185393638
55630,0.5479649652054847
55631,0.9256607469191078
55632,0.11881135563033375
55633,0.4084378380764386
55634,0.6321981729763387
55635,10.377915761466985
55636,0.10125992071635584
55637,0.7428333618303928
55638,0.22689594924318565
55639,0.5530760679651898
55640,1.1902778168522854
55641,0.6087091077144492
55642,1.4811163209604885
55643,0.27226952774567625
55644,0.5638141276148806
55645,0.11418841748662766
55646,1.312896331845602
55647,0.1442712386443136
55648,0.9266749108782296
55649,0.29117536721666915
55650,0.4603602576522706
55651,1.4094505090416236
55652,1.9432643676878902
55653,0.572102921229836
55654,0.5238727101652921
55655,3.236536981888064
55656,31.877294305415397
55657,0.2811043552907008
55658,0.6286484562591573
55659,0.534601329613357
55660,1.7023351853670852
55661,0.04471627874481888
55662,1.2439874804247344
55663,0.11014182222768698
55664,0.7761678226790953
55665,3.1541010741580546
55666,0.8066375618772964
55667,0.11966258385043224
55668,2.327066176094036
55669,0.3522754695413605
55670,0.6249789776452599
55671,0.4752256692432097
55672,0.5596252836522437
55673,2.221939319530525
55674,3.0904891136591774
55675,0.7791998263677464
55676,0.11882314460646894
55677,2.5682018934414543
55678,2.6173766859186767
55679,2.713257364111413
55680,1.4957961247502753
55681,3.7847613910145688
55682,0.4427649770898893
55683,0.4369502926525649
55684,0.5063544927412293
55685,0.415797951072937
55686,0.687093067805209
55687,1.412692234653888
55688,0.2313240752074108
55689,0.3456953563061836
55690,0.13048476150900126
55691,0.12985201112421843
55692,0.17045491092226772
55693,0.894961574112932
55694,3.0025521506818755
55695,1.1718259721211568
55696,0.7980378274085331
55697,0.648344922708294
55698,1.6795541764526758
55699,0.4768851758272206
55700,1.132059278678887
55701,0.4495253212125364
55702,0.06347324967919456
55703,1.172291532728277
55704,0.18759277853811107
55705,1.2275502489375496
55706,1.1375206026780713
55707,0.1405734119215051
55708,0.2960841719237238
55709,2.1187382347697623
55710,0.31513103103720347
55711,0.08690199257086453
55712,1.4469590041536606
55713,0.16454718769794008
55714,1.4225964835680986
55715,0.3376441828222953
55716,4.809384911086172
55717,1.5320421226317844
55718,0.056836558823081945
55719,0.23568566040556416
55720,2.754086650258106
55721,0.09503306045511602
55722,2.6402607153644344
55723,0.22301381206763748
55724,2.8502212615475746
55725,1.1838679433422594
55726,2.657528985983351
55727,3.403963904422646
55728,2.8695857241434726
55729,0.7862077235148364
55730,0.09560100066745722
55731,0.7354199088615552
55732,0.8003657044007266
55733,0.33568097311655104
55734,1.5063395830813664
55735,2.4083278497079825
55736,0.19738716934081796
55737,1.2643459152677385
55738,0.2783626500811876
55739,1.0389915975900603
55740,0.8368204987173464
55741,0.9035776750037632
55742,2.882605632512818
55743,2.8252296965377384
55744,1.8800112374810491
55745,1.449287366124418
55746,0.1757057140617534
55747,2.5143110007729277
55748,0.25610491641546396
55749,1.8646028150505742
55750,2.3025544486597824
55751,0.8644647809018439
55752,0.2538335077467567
55753,0.15668099144478487
55754,11.584050155416922
55755,0.38546210734669556
55756,1.9060600158565264
55757,0.3968124824728013
55758,0.15258937919401774
55759,0.40473439751774015
55760,0.4011790159328419
55761,1.3604557501707437
55762,2.2797510183786898
55763,0.5622464904482605
55764,0.37550895233901466
55765,2.0403495446271522
55766,0.5713966204292696
55767,0.03637642916318788
55768,0.8004831757872891
55769,0.6319828479208986
55770,0.6795183645463352
55771,0.24521694279028286
55772,1.6009461639194837
55773,0.4724216091826412
55774,1.404353668758912
55775,1.2331196913808258
55776,1.1555066847326723
55777,2.302859694373591
55778,0.6145225257480089
55779,0.6973397803393538
55780,1.3933860189512475
55781,0.06507072863644432
55782,0.8240915219533568
55783,3.0756040859964084
55784,2.1203498914802292
55785,1.0890982445938553
55786,1.221069801439176
55787,1.2128373230654368
55788,1.7603051542025063
55789,2.770189887582413
55790,0.97756104284487
55791,0.27421710061246146
55792,0.39947580648005876
55793,0.26060192183011616
55794,0.881916952404615
55795,2.3211108866465597
55796,2.1804755669581977
55797,0.8349170794322621
55798,0.8202398381631324
55799,0.8106302329364199
55800,0.18436759927261576
55801,3.65224467464404
55802,0.6066852342409793
55803,1.2604265375671675
55804,3.493683104786907
55805,2.2994171554621476
55806,0.6452958993952197
55807,0.7877224631048645
55808,5.3281433027282175
55809,1.6394569990243706
55810,2.376400630315018
55811,1.8306557692185494
55812,0.47965564581606557
55813,0.9028275949140274
55814,0.12071835619057696
55815,0.4277754262359661
55816,1.3850647082751095
55817,0.3116712654728816
55818,0.8020358196878666
55819,0.8124255147089382
55820,1.5725051457206656
55821,1.0205867222749365
55822,0.8573048477667757
55823,0.1292407823468044
55824,0.9430610479112668
55825,2.0570588666818788
55826,0.34880694298864023
55827,0.7754556502967922
55828,0.16048006423193945
55829,0.8239852481051639
55830,0.1377645668082195
55831,2.692236482877341
55832,1.3657105295187089
55833,0.37179382014173606
55834,0.3227162362526631
55835,0.6952819776851848
55836,1.313953179920809
55837,0.8910113419170475
55838,1.9149527797444024
55839,1.905239564184547
55840,0.37017303962357034
55841,0.20534219626481948
55842,1.412815784581738
55843,6.765053379692824
55844,0.20585816146848687
55845,0.6597299310450234
55846,1.3174942585122655
55847,0.27257120643409105
55848,0.8738540999767203
55849,1.6500868340864705
55850,1.613555047810504
55851,0.5932495181590033
55852,1.7540564030420576
55853,0.750498853421067
55854,0.08174029689199197
55855,0.8869336036588747
55856,0.17695558554991894
55857,0.22036985054969055
55858,0.6226191989426064
55859,1.0891323512311921
55860,4.372044537281164
55861,0.10014647057155993
55862,0.34887685203023594
55863,0.15001703054405252
55864,0.4387185804953196
55865,0.0723215875570821
55866,2.3999485105392506
55867,0.931523211570773
55868,2.4922321238734297
55869,1.1691726904348407
55870,2.2887041751623647
55871,0.22464693103511588
55872,0.1926928550879597
55873,0.27719641897604175
55874,1.9238891224168886
55875,0.059921941256116745
55876,1.0813954390837757
55877,0.2568350946887786
55878,1.3656997439503935
55879,4.046877223595459
55880,1.070242580586862
55881,0.4863899591968387
55882,1.1673322568251066
55883,1.8774744061910458
55884,1.2473964314013737
55885,0.4331486406736362
55886,2.6411577394024777
55887,1.2815465732801088
55888,1.527184239257974
55889,0.13911612876996332
55890,0.2417135473175563
55891,1.3742441839264634
55892,0.38858379746416966
55893,0.42776988475871763
55894,0.6445492803152819
55895,0.27597262281003115
55896,1.2404356611946794
55897,0.9684349808498927
55898,0.7886896048835162
55899,0.3436833526231361
55900,0.3730339125404474
55901,1.164814240066997
55902,0.9766318973310709
55903,0.5419760842159917
55904,2.450204677633603
55905,0.948288066941887
55906,1.1248412659680969
55907,1.1822702704527295
55908,0.4548600204919209
55909,0.14660464665756037
55910,0.362653997839795
55911,0.886233939347893
55912,0.4740557659570708
55913,2.026320979496141
55914,1.0549344629570439
55915,1.1881667467808366
55916,1.0606357146934227
55917,0.586035042022572
55918,0.35335424349845157
55919,0.2987780415333063
55920,0.1343085767598752
55921,2.310165817747464
55922,0.6756872370879841
55923,0.928879345437319
55924,0.8563562932675179
55925,0.6586969144859783
55926,0.9866996152472841
55927,0.7238753504149703
55928,2.197691099729854
55929,0.25214056388790856
55930,0.5244255200147464
55931,0.7854213141917809
55932,0.06554690007937977
55933,3.3140944281227704
55934,1.1868418887214238
55935,0.7809941276766523
55936,1.2088436716898578
55937,0.39551436631486847
55938,1.8400781530847103
55939,0.5882448513588552
55940,0.7751600150108953
55941,1.1700531070914062
55942,1.055380446233615
55943,0.18840025254681605
55944,0.3100869486369687
55945,7.581817079865724
55946,0.29658821403790486
55947,0.48541448596143094
55948,0.05166157209215813
55949,0.49301504667551604
55950,0.18418082560704066
55951,0.33264157983189857
55952,3.928034681091619
55953,2.312246302475636
55954,1.3072329441199981
55955,0.2390415906449015
55956,1.0108113455040917
55957,0.8818115922175951
55958,0.4905093729895531
55959,1.8615173896592303
55960,4.35030415645867
55961,8.481641916235073
55962,1.6567078597599385
55963,1.3633558766838454
55964,1.3530309853275506
55965,3.0699085895858116
55966,0.25817727660033574
55967,0.5997763906516945
55968,2.138664461389047
55969,0.41670727126117935
55970,0.3379472972608239
55971,0.4859446205738878
55972,1.195300083162724
55973,1.6757026145472136
55974,0.49548882057084126
55975,0.8547911439430557
55976,0.18951160670248002
55977,0.7636225815439898
55978,1.246579103650042
55979,0.28910898708456567
55980,0.7820221276765786
55981,0.08448239542961183
55982,4.464847943336683
55983,0.3116360023494399
55984,0.12307829706572457
55985,0.8280906465309833
55986,1.0702821790919486
55987,1.9076832182592585
55988,1.0288582454204944
55989,4.04488381751718
55990,3.566650259854897
55991,4.478044242855107
55992,4.362279437058275
55993,0.31982641076422064
55994,1.6969553525843333
55995,0.8519762620711454
55996,2.6154602823691833
55997,1.808985902838306
55998,2.55776918663568
55999,2.1063708006231074
56000,1.2484202136074631
56001,0.7244764942426116
56002,0.8222459405915432
56003,3.7275199566052137
56004,0.980167124696573
56005,0.7417116023172743
56006,7.677806606484833
56007,3.0246288906798164
56008,0.37291674091315696
56009,0.1519923435351137
56010,0.8631720174239863
56011,2.168370458458226
56012,3.749280691959321
56013,3.4686249264242326
56014,1.42509397032914
56015,0.4499806069551785
56016,2.123682408154363
56017,1.2362459604649847
56018,2.358101257376294
56019,0.076898932625273
56020,0.4137983730272896
56021,0.22591722947344237
56022,0.19635090091930946
56023,3.0224808507011156
56024,0.31942844367265494
56025,2.2793373810289896
56026,0.3233219474164094
56027,5.19899784705098
56028,0.2449163044843163
56029,1.0262135333310909
56030,0.177294754570895
56031,0.06715336379945125
56032,0.4974503870065816
56033,0.2623564748691736
56034,0.38588405431769024
56035,2.225651089342579
56036,0.6307593626664947
56037,0.3351547251643008
56038,1.5444754389162647
56039,1.5590085297358633
56040,0.8816347984478516
56041,32.11961781690662
56042,2.3007574571611857
56043,2.988109759570179
56044,1.2463600650076572
56045,0.1307176113431163
56046,2.1502412508054585
56047,0.04214249375571458
56048,1.2191527416533927
56049,0.853742585480521
56050,0.8328526572613071
56051,0.23968002604153085
56052,0.7113119324020611
56053,5.034514498134624
56054,0.936997146018798
56055,4.665437588769672
56056,0.7188805739784216
56057,0.6255509254112502
56058,0.2392496282068351
56059,0.33437675759840535
56060,0.420096096482832
56061,0.42276488200451723
56062,4.4653484954594465
56063,0.19838444920454343
56064,0.6046350207230266
56065,1.0810439584511935
56066,0.7342794766679901
56067,2.5931962614907476
56068,1.0401522903426959
56069,0.29713913720986235
56070,1.3377677346710735
56071,0.8121293112045441
56072,2.2435252313419074
56073,0.4354919786622211
56074,1.3681195209218535
56075,1.3772781683187572
56076,0.6141883663584761
56077,1.7961965382076708
56078,3.612673687492985
56079,3.6877212382621143
56080,0.5429090483118473
56081,0.5603781896038212
56082,0.8193932992787684
56083,4.75084184713454
56084,7.798480285356618
56085,0.1537713396701917
56086,0.04585547513847447
56087,2.636475031198449
56088,0.8715938813400661
56089,0.15357567287990778
56090,0.6732978272576777
56091,0.3625845722173167
56092,3.8559727318243042
56093,1.7718461006566675
56094,0.629260461003044
56095,0.7248161617677603
56096,1.1655968819756952
56097,0.5444047685576054
56098,1.1163673656061848
56099,2.1360045773858025
56100,2.5161395868007457
56101,3.3412187398435127
56102,0.3509492266537325
56103,0.8328702417302086
56104,0.7079429588856723
56105,3.145900110476852
56106,0.1223495641668926
56107,0.4485103910480766
56108,1.8012865218643344
56109,0.04528640336625622
56110,0.1613714480664899
56111,4.532037450239627
56112,0.2081646345534613
56113,0.8460222036974945
56114,4.887128545086855
56115,0.6618413778300227
56116,1.2513702585803579
56117,0.16738394339004842
56118,0.7875262711618191
56119,1.8612945720599183
56120,4.616040492860501
56121,0.47752545861623213
56122,0.26556659415272654
56123,1.6118539714492084
56124,1.0341509488370977
56125,1.8695538400833327
56126,1.2302105799038257
56127,0.23938205061374562
56128,0.9338144337071523
56129,0.09557948942703684
56130,4.224323120363958
56131,0.41597501386713287
56132,1.5657957227402595
56133,0.2709488562409023
56134,1.1060869172770234
56135,0.6056134272774493
56136,0.12638011009229896
56137,0.8870367517088478
56138,1.3958835318464473
56139,0.057986470575539954
56140,3.6949702695355455
56141,0.8474138094205137
56142,1.38788342477417
56143,1.8551411123127795
56144,1.120279959254902
56145,0.09858970147824621
56146,1.0082847409847324
56147,1.2088880360724525
56148,0.13960309038482077
56149,1.161158211246895
56150,0.5744208789197727
56151,0.11505082936071409
56152,4.323210376063953
56153,0.3447738070139711
56154,1.5372116410722836
56155,4.531966657243145
56156,2.130286004677908
56157,1.2387049804013137
56158,0.5081140141995424
56159,0.17042719694518582
56160,2.5002831878458913
56161,0.07759479666953972
56162,1.6848461579190328
56163,0.41264284518681865
56164,1.7409331742671945
56165,0.36189206926519124
56166,6.645226363457764
56167,1.193303607590765
56168,0.48235716552006347
56169,0.5685645906797289
56170,0.7808824122858884
56171,0.9761995516710442
56172,3.694509969521526
56173,1.2391482766965785
56174,0.40632787061958536
56175,1.5870107879417246
56176,0.4778724710570097
56177,0.7825547927846032
56178,3.778587484903797
56179,0.2559512041766867
56180,0.37406289780673163
56181,2.1109058280431734
56182,0.020950195228757997
56183,2.184410289159478
56184,0.25127077902531403
56185,13.91248105765645
56186,1.101531032775024
56187,1.530374202838872
56188,2.5844525281360324
56189,0.469847550774531
56190,0.15393274107901253
56191,3.2574884957808776
56192,1.4551709208508155
56193,0.13258366023990506
56194,5.427879060885838
56195,0.6818757409165508
56196,1.8427455752735433
56197,0.29838678336484875
56198,4.052589497667493
56199,1.2323735281190689
56200,1.2296345889406286
56201,0.7918978924330596
56202,0.11238990574740129
56203,0.24591412410023566
56204,0.44591150144400926
56205,3.8284101111233544
56206,0.43317792984548253
56207,1.253961621183919
56208,0.07166505687216002
56209,0.36091031780860827
56210,12.442757644786175
56211,1.8738493976848292
56212,0.5071815619725767
56213,0.5135108627705952
56214,0.007041051119594101
56215,0.6873883811714192
56216,0.5853900623534489
56217,0.21626529224176705
56218,0.3237414274308641
56219,0.035525133568992125
56220,2.169853191311432
56221,2.2803721551170204
56222,0.21986652593289324
56223,0.29671408512120423
56224,3.0746890113721284
56225,0.8632833376067555
56226,0.1530766251185601
56227,0.2583635180504386
56228,0.4990225093291831
56229,0.7575971762707774
56230,0.4713304501160941
56231,0.7610923597980797
56232,1.8218261788969319
56233,0.962662019126116
56234,0.9107813073883827
56235,0.8751518019322094
56236,0.8664565589946385
56237,0.14266618522060415
56238,0.831829624137356
56239,0.8870148941191134
56240,1.6036036314925843
56241,1.2206960729437324
56242,12.999461555233005
56243,10.70690549460363
56244,1.0250267263918884
56245,0.4418224324697242
56246,4.236552746369043
56247,0.5655388010973875
56248,0.8783391203338842
56249,0.9369838971880613
56250,0.2906180198050804
56251,1.1444679861643856
56252,2.7485709105180827
56253,0.9429452194601802
56254,2.6261575504247663
56255,0.13010141765296496
56256,0.5034113871337513
56257,0.9983851910941621
56258,3.2210080372596264
56259,0.45332843163610786
56260,2.1612371654634006
56261,0.14685128236995904
56262,0.7977168254731276
56263,0.9713462262285094
56264,2.2595782045164072
56265,0.4258159879093302
56266,1.1477507883656746
56267,0.3206829365335828
56268,0.23102533521866178
56269,0.977202295607921
56270,1.2223648044312276
56271,1.300924975018873
56272,1.2752918314546762
56273,0.31224055128211414
56274,1.147693597675448
56275,0.10774243116594476
56276,0.9187078312361103
56277,0.4848437037882302
56278,0.23403634556018713
56279,0.11733419549048218
56280,0.7478244484801748
56281,1.2229133196734236
56282,0.33537739080393825
56283,1.1016323699579345
56284,0.3188805256710333
56285,1.3889599595443631
56286,2.6682551774243386
56287,1.447195660057018
56288,3.17707088171711
56289,0.9265433393609448
56290,0.8964883851387474
56291,0.3443265168065464
56292,0.1817471950740892
56293,3.732882404004339
56294,0.42404306588764806
56295,0.31321161109197043
56296,2.6630432500994368
56297,0.3991317251577195
56298,0.12293543548940002
56299,2.2726179394957824
56300,1.683524424223159
56301,3.163674681946996
56302,0.2852945518795421
56303,1.2739797168137243
56304,0.14093101042013675
56305,0.29129196707423355
56306,0.22962150887643035
56307,1.564023007046101
56308,0.2451880760431909
56309,0.9401460962327028
56310,0.08590905487135717
56311,0.35736180274252494
56312,0.3154034985998982
56313,1.0040624069439812
56314,1.1953244416547186
56315,0.6302421561133773
56316,7.4176287134364385
56317,0.17286030701962757
56318,0.4554861746339362
56319,0.3753868555077002
56320,0.1896715893356358
56321,0.6608842703608928
56322,0.7476693766039982
56323,1.5394904709779387
56324,0.09518364638980244
56325,0.6979478964504567
56326,0.6042424172054021
56327,0.5620107197398675
56328,1.175536321066877
56329,0.8856613940774996
56330,0.5864715252403702
56331,0.11577176950747785
56332,2.3891318196818503
56333,0.8269918296872777
56334,0.18955769895673794
56335,1.1290610293132304
56336,0.412042717184004
56337,0.5418968146345349
56338,0.47185889229159433
56339,0.5673343494920406
56340,0.18394040075638945
56341,0.5947262563803069
56342,0.3220510440684164
56343,0.23159955600207577
56344,0.7750652565782669
56345,2.2933743756497864
56346,0.8956933139791057
56347,2.633514397962405
56348,1.2097261956905498
56349,2.7509102399249716
56350,1.4514901745030568
56351,2.67249061930953
56352,2.7393547937528844
56353,0.30132544401880107
56354,0.11842782724765838
56355,0.7418545495192244
56356,3.9961520024344885
56357,3.0993118018525605
56358,0.5060837366351195
56359,0.8515511501036634
56360,1.6743601214151635
56361,2.176902204998612
56362,3.7873377487692634
56363,0.591562530171132
56364,0.07362900197389266
56365,1.7407807580154353
56366,1.1635979816477384
56367,1.3355461412403822
56368,0.789118778810648
56369,2.0895320442792635
56370,5.192574728986025
56371,0.7634610210667081
56372,0.917218262011769
56373,0.5649728601977483
56374,3.7622736972017923
56375,0.10660452972154116
56376,2.3669437562582614
56377,2.9373855415983994
56378,0.42426307393232704
56379,1.230379587116401
56380,8.872443509844993
56381,1.9063419110861533
56382,1.7081552264863156
56383,1.2287397890846266
56384,0.6169679427533797
56385,0.08530242679789105
56386,0.642876495310219
56387,1.218953412804505
56388,0.16203227616209026
56389,0.8146259423212661
56390,0.06241515216129537
56391,0.39281741233047485
56392,5.023559531265058
56393,1.2599315253271943
56394,0.636646454478506
56395,0.23865179197644298
56396,1.5055103726558818
56397,1.7251304194567167
56398,0.835079800890535
56399,0.5639422492538225
56400,0.6846554883032985
56401,1.457292984789965
56402,0.35159103302438155
56403,0.09109743070297818
56404,0.7028623895462653
56405,1.2548737785469026
56406,0.6538159630907654
56407,1.5845504398200758
56408,2.1384799506255847
56409,1.363837068754716
56410,0.10098017671848221
56411,0.5543201777997224
56412,0.8955578984542998
56413,0.3366336044121114
56414,6.287736021896721
56415,1.0667220452029638
56416,0.9891839208924872
56417,0.30946535859544977
56418,0.9015363193925031
56419,0.9463921602711778
56420,5.611156395453934
56421,1.956752103718326
56422,0.3927062100258345
56423,2.4254844278384353
56424,2.992080836223174
56425,4.087615264164164
56426,0.14416051757379686
56427,0.29491268939618076
56428,0.7247015450232042
56429,0.6105135019011962
56430,1.1565725062701464
56431,0.23716401973821483
56432,0.09843327796978768
56433,5.924258516367655
56434,0.7067393495849948
56435,0.5673408041907217
56436,1.608649829198507
56437,0.3522106749910608
56438,1.0524709712694897
56439,1.22747763676051
56440,2.1654813462701337
56441,0.9612665882081268
56442,0.13876997493918183
56443,2.1896353930996706
56444,0.2365296661141183
56445,3.9297061129054063
56446,5.021085744895415
56447,5.158081279493175
56448,0.03661645548146815
56449,0.23088433925202936
56450,2.317932053881776
56451,1.4786494567615347
56452,0.15351104425810824
56453,2.359348477186716
56454,0.09665930445757162
56455,1.2066314012805974
56456,0.7705893314722555
56457,0.4694047971889146
56458,4.181714332954367
56459,1.0866343459361734
56460,0.47160322607051536
56461,1.1676052969086428
56462,1.8902720307739693
56463,1.4377719089784915
56464,0.8199472500619619
56465,4.474920525485931
56466,0.31879731047280063
56467,0.04736140363979506
56468,1.4600500917659698
56469,0.4166457544129081
56470,3.110611022692036
56471,2.250058440932424
56472,3.0387394603068465
56473,1.8597768278660547
56474,0.4180165070161525
56475,1.5034911972118108
56476,3.3523957557011688
56477,0.22120916121595308
56478,0.37530852939769005
56479,0.5321355133661062
56480,2.4234712430697556
56481,2.7803146972934347
56482,2.48181715563692
56483,0.576135390620217
56484,0.5836233907166456
56485,0.9323314203831227
56486,0.4372279199913924
56487,0.8095382217936647
56488,1.4284479711043379
56489,1.6797086887173125
56490,1.1952109521675829
56491,0.10563348201905814
56492,0.5456863943525705
56493,0.49371366416704104
56494,1.678005896875959
56495,0.3535614857703036
56496,1.9576360390797458
56497,0.8751970587596796
56498,0.6842179979585568
56499,0.4021497300304302
56500,4.534255746498862
56501,4.420385441232052
56502,0.2875488001256273
56503,0.5574128191770481
56504,0.061209737366425265
56505,0.571317915381576
56506,1.8419401589926254
56507,0.9565514368755317
56508,1.220345428920683
56509,1.0910221797539603
56510,2.8699473777567306
56511,0.9521438240504174
56512,1.5573567359434528
56513,6.852409740247135
56514,0.1400683362503627
56515,1.6359932323623188
56516,1.4147181335486874
56517,1.153817424355429
56518,0.830527782565623
56519,1.465628425859274
56520,2.2613586667850463
56521,0.30303717891612003
56522,0.29712011186355436
56523,0.48030190691680197
56524,0.5514233967094931
56525,3.1889288918825778
56526,1.3232668952942337
56527,1.0367027055052047
56528,0.3596063890842454
56529,0.6674557703309764
56530,0.4507924292041139
56531,7.914639411152412
56532,0.11886645329773339
56533,1.0682697628616873
56534,0.19158008490049994
56535,0.5983055660516401
56536,1.1796682147184003
56537,1.4282910781761196
56538,0.6893200906381346
56539,0.784984714217656
56540,6.263992461867155
56541,0.2933910380575654
56542,0.2773578752718117
56543,1.1163121837968917
56544,6.909823048016884
56545,0.872540809364048
56546,0.11971090198195804
56547,0.8404995301352245
56548,2.5914960701089917
56549,6.250455809488201
56550,1.921569432852111
56551,1.8692299616526824
56552,0.3696164335720305
56553,4.80708647335238
56554,0.13964664059706658
56555,4.801376954587254
56556,0.19105263029959552
56557,0.6197659779366237
56558,0.6319259034784062
56559,0.44472307006399836
56560,0.2141404401724053
56561,0.6112361169928973
56562,15.305443541496114
56563,2.075184205349592
56564,0.2861424561343953
56565,0.14128624823932462
56566,0.6018068754250073
56567,0.3926906862240516
56568,0.05767875538198202
56569,0.5952192387498051
56570,0.8979621677142209
56571,0.3485341878244077
56572,0.2709637282892536
56573,1.2287124730045031
56574,0.21261594046464674
56575,0.81102812117566
56576,0.19317558968028442
56577,0.5561634871654383
56578,2.2217428206857637
56579,1.2882466033263
56580,0.16919060527531465
56581,10.984585288779053
56582,0.7488553825685511
56583,0.8206419482732634
56584,0.6711909181270976
56585,0.35065780908717875
56586,0.15300519074963198
56587,0.5902862362344404
56588,0.9128586041144932
56589,0.1432769863325564
56590,0.2683450721664909
56591,0.11670950202674368
56592,1.5378541938562431
56593,0.15322391354622275
56594,0.8553727521975273
56595,0.17285596040527637
56596,1.3800313147301866
56597,8.155453737855195
56598,1.6233118516901957
56599,1.0076148733870673
56600,0.11406517124403037
56601,0.15446935398277156
56602,0.2547096790688479
56603,1.0372428941265863
56604,0.3123647044253485
56605,3.103912140960026
56606,1.5345202981875254
56607,1.5356642263760685
56608,0.18865895139528563
56609,1.3053789643253793
56610,0.14416856175370862
56611,0.15942506731182315
56612,0.341305149699785
56613,0.9144302378936232
56614,0.7366018140661043
56615,0.7241214980915911
56616,0.5046472741481268
56617,1.1490359510651125
56618,0.3332171214221394
56619,1.0736218688945385
56620,60.13036613227594
56621,1.7228263641737807
56622,1.3631501666005816
56623,16.01851994164061
56624,0.6798695174718944
56625,2.0373907231696324
56626,0.3520373624843152
56627,0.3214089152077993
56628,0.13255330448953
56629,2.782133718296349
56630,3.893030243991494
56631,1.0477876893278015
56632,0.6515613902953421
56633,0.8119506886244018
56634,0.4028178040172629
56635,1.3769101085867583
56636,0.3150207602666562
56637,1.4546047161885096
56638,4.484198782737461
56639,1.1588811173616118
56640,2.1453799178418897
56641,0.2968088076550946
56642,0.7274901368688844
56643,1.4767991581500843
56644,0.3876191610657246
56645,0.528026210392764
56646,1.3555512542875991
56647,4.145614611683808
56648,0.20408232848970972
56649,0.5561289556337646
56650,0.5150884917288975
56651,2.017218561352156
56652,0.10540211118690168
56653,0.103446064844035
56654,0.09305678466463507
56655,0.34871437265865834
56656,1.7984677767000914
56657,0.8469608450202941
56658,0.2634071636031886
56659,0.4551194705411652
56660,0.9754106567666259
56661,0.12824744308520997
56662,0.10062414029402426
56663,2.057080567116645
56664,1.209592212119672
56665,0.2702044162297007
56666,1.4860704221735905
56667,0.9120624209793018
56668,0.42122113340170686
56669,0.9369778093791215
56670,1.2528854120507598
56671,0.8584869399264174
56672,0.13007900066830702
56673,0.19977100733660036
56674,2.5570960844100927
56675,0.7277977385105644
56676,1.5781857226616864
56677,2.872438618705162
56678,0.9349233760672827
56679,6.687332224759371
56680,0.4736705580479937
56681,0.3270496937671878
56682,0.6964283474230913
56683,0.5066735360061267
56684,0.28412748668115834
56685,0.2077761084928507
56686,0.5124914704386518
56687,1.4947875958045507
56688,0.9769956346711308
56689,0.8872466155227835
56690,1.2583862971623
56691,1.0865444278763354
56692,0.31994136682185187
56693,0.7232035826537934
56694,1.7172644488265414
56695,0.2210689775269939
56696,0.29631356733756314
56697,1.150914124529998
56698,1.4128721758663612
56699,1.6523404300118947
56700,0.5066900035701996
56701,2.8986640003785236
56702,0.18742524752122652
56703,3.308634088550051
56704,0.4940272293130649
56705,0.5668285176729425
56706,0.7660082851008864
56707,3.9486481443467705
56708,0.4471092726990822
56709,1.219119334839637
56710,1.0847077885016623
56711,0.31034348659103206
56712,1.3472904484652601
56713,0.7219171423882612
56714,2.2282055251769264
56715,0.15283988949487953
56716,0.3842577753086589
56717,0.3783328558567992
56718,0.7894138799829241
56719,0.9893457226459211
56720,0.9322827030303077
56721,1.1784936322585136
56722,4.153988937009218
56723,5.783674956172991
56724,4.047560579829859
56725,0.3243090071320588
56726,0.2180400815709714
56727,0.4858557896471482
56728,1.4941172549490105
56729,0.26564145386645666
56730,1.9183230697888851
56731,0.15168106219804947
56732,0.6508030319029975
56733,2.2444031932746693
56734,1.9332229735455995
56735,1.5197759042856247
56736,1.4367182670948924
56737,0.1264096205763348
56738,0.7664935616240176
56739,0.15914759478731033
56740,2.350115051312383
56741,0.30218226900493034
56742,2.2674514783216657
56743,0.16211191037176143
56744,1.155717296467605
56745,1.3021366073041816
56746,5.573829864339804
56747,0.12646252848842357
56748,0.8311487283000485
56749,0.1397540447205724
56750,0.4027881060350021
56751,0.5437360046604744
56752,1.877547372297869
56753,0.6878971429667382
56754,0.09735400600226966
56755,0.22821825906946344
56756,0.11279648669015004
56757,4.8514156095277725
56758,0.3858304509202136
56759,0.5701250846612127
56760,2.048185241460803
56761,0.3053374776196856
56762,1.4198327147140475
56763,0.17983370898352452
56764,0.3209815488287666
56765,0.1768656101168385
56766,0.14103734156728578
56767,0.4760619807705263
56768,1.0589164538413156
56769,1.527192274493054
56770,0.45102355607646155
56771,3.5690184936136586
56772,0.34602882238840565
56773,0.26805738707723575
56774,0.8247063233091207
56775,1.1032135426866057
56776,1.5936826642144846
56777,1.096501340779178
56778,1.7149216143123964
56779,10.855037366754487
56780,0.13753318794688216
56781,2.015549599286704
56782,0.8716131790447067
56783,0.21403242355097846
56784,0.5379944578426221
56785,0.3261537448505701
56786,0.3130189551454804
56787,0.4840455326843993
56788,5.217582647632323
56789,1.5025411122736765
56790,0.43006144770881255
56791,2.6755066885682655
56792,2.959050797502163
56793,0.4216664677417506
56794,2.741521671956958
56795,1.2276540631667157
56796,0.4887799570914126
56797,1.5505123783962076
56798,0.9821029228268997
56799,0.5085967732731078
56800,0.9576279902602034
56801,4.838218575728145
56802,1.8082788603292397
56803,3.1825672465460837
56804,0.14863096265691805
56805,1.0924663949646192
56806,1.087948458495936
56807,0.8506146445618913
56808,1.5460497716546362
56809,0.6238035407412337
56810,0.3951060093642097
56811,4.540019295611561
56812,0.10182752206848605
56813,1.6685684999653236
56814,0.8183020497734199
56815,0.2436899528504634
56816,2.7271717664131585
56817,101.63563552441423
56818,2.4530552032998347
56819,0.3036021843913686
56820,9.463237870660448
56821,0.18019486067663626
56822,0.0870670440522154
56823,0.14520300383508528
56824,0.4256564643980736
56825,1.3000843158433406
56826,0.6816616163224148
56827,1.092904256225676
56828,0.8536679199739552
56829,2.713631962401201
56830,1.1852514857450938
56831,0.794108026666923
56832,2.6207417372975246
56833,7.0712360562882415
56834,0.3860952175626801
56835,10.689991496757724
56836,1.6501323444004024
56837,0.1077652879186336
56838,1.2058949658015563
56839,0.35592055241270043
56840,0.2708814901165203
56841,0.8580260344249213
56842,1.1726646153319706
56843,1.0505242084188329
56844,0.23028514828266708
56845,8.721267375126414
56846,0.7619294955201913
56847,0.1969422563654616
56848,1.93011891482628
56849,7.827315613267501
56850,3.9092336361139637
56851,0.8191517734210637
56852,0.2173910776069434
56853,1.0744959025350798
56854,0.4260299973729951
56855,0.4284641417334141
56856,0.2507460920040737
56857,0.24774325868366612
56858,0.5163380706551719
56859,0.20342263842588165
56860,0.7735361850149451
56861,0.5570437642388195
56862,0.1847102685772145
56863,1.4925863330347764
56864,0.29544269106930043
56865,0.1985307844423715
56866,2.4051252503090845
56867,0.71061704847666
56868,1.6502954596531958
56869,1.5525306779159944
56870,0.8607200257232515
56871,0.10400882055400301
56872,1.6872510269846246
56873,0.7552145851004054
56874,0.9974776546297375
56875,1.0515122006080906
56876,2.8861797973314918
56877,0.49936503054273484
56878,0.18185794795447746
56879,0.6443008931200682
56880,0.6603653782589866
56881,0.9249414471778156
56882,0.28446038335207946
56883,2.6803455072491005
56884,0.6852098856359209
56885,0.28731031442576965
56886,0.25187131151082265
56887,1.105187862484368
56888,0.9789286452283457
56889,1.3044663177220521
56890,0.2859300106516151
56891,3.0022178280336838
56892,0.40045749097343963
56893,0.7294532377383477
56894,0.3804326690974814
56895,0.7357563640991587
56896,4.1985221621799305
56897,0.11677277200176385
56898,0.4049009603238709
56899,1.0925520777968993
56900,0.12892984582009945
56901,0.16926655286648168
56902,2.0890966351928344
56903,0.31642191067703723
56904,0.18368635956057977
56905,3.0901261428939453
56906,0.5756717116413705
56907,3.2094242552154806
56908,0.8606739081274156
56909,0.0933341079137783
56910,1.3385969592168754
56911,3.069844101361554
56912,0.7661922832488076
56913,0.37888899482138677
56914,3.549235414843945
56915,2.4623456717254806
56916,1.6705014856638862
56917,0.5165745964072287
56918,0.7272952372796763
56919,1.4600973472882754
56920,0.4612201981527357
56921,1.2585810424447956
56922,1.5358597302661217
56923,1.985875300664775
56924,0.5791338769480543
56925,1.972956276904211
56926,0.1408772539847059
56927,1.0168376042075102
56928,0.19505119444032523
56929,0.3773987770312086
56930,0.4370710138266785
56931,0.1922409587198441
56932,0.1506359440111673
56933,1.2890690874992548
56934,1.9520561880258807
56935,1.942677210220317
56936,0.09466894783174964
56937,11.11282347602697
56938,0.1914974849082674
56939,0.0822961964194085
56940,0.8413604401177756
56941,0.6585829386891432
56942,0.2876561101286688
56943,0.6613556680002731
56944,0.4042155404036584
56945,0.4455062904544487
56946,0.5369423538909314
56947,0.2571923204052085
56948,0.7337421188046432
56949,0.35559411577693945
56950,0.6835665427621518
56951,0.2587254021352431
56952,1.2371210519301392
56953,2.0647260662048232
56954,7.669918352593905
56955,1.212403630122303
56956,2.3027607447587446
56957,0.27085744486696606
56958,0.9542298424010922
56959,1.728868794311347
56960,0.08126228354392859
56961,0.5465273819819201
56962,0.8453800686612493
56963,0.518427718580435
56964,0.07257373049343524
56965,0.33974661644002496
56966,1.0746801983618375
56967,1.7085107696024198
56968,0.6667879463596105
56969,1.0859988765014648
56970,2.593009744759054
56971,3.374875176485539
56972,1.0796190528201008
56973,1.332444445810439
56974,0.6033666236517181
56975,0.5081252260382544
56976,0.33885100480965896
56977,1.4201660893802972
56978,0.7254776915499654
56979,0.8288616452026613
56980,3.5544014721391264
56981,0.4371742828568212
56982,0.5238001861090358
56983,0.5276808452624442
56984,2.0650713956735194
56985,0.7364943376330491
56986,2.145784760565055
56987,4.652604724756959
56988,7.335616058075928
56989,0.20441736496280055
56990,0.25734292989976937
56991,0.07275072270502174
56992,4.501957060679701
56993,0.1898601276215634
56994,0.2801518211518809
56995,3.518254832851109
56996,0.4589416070764721
56997,1.5474299059211383
56998,1.4813877254488212
56999,1.8520697159989168
57000,1.2319090185527377
57001,3.011041834263127
57002,0.4125447458988319
57003,0.9895945111590332
57004,1.7794023400347152
57005,3.062107588847264
57006,0.7424880753122172
57007,0.2488944112080941
57008,0.3075256302761351
57009,0.09525601216374285
57010,0.32686958348133793
57011,1.6798462378979668
57012,1.2476492557323642
57013,0.6136056302182665
57014,0.93428805310853
57015,0.014835455504049268
57016,0.19691469571627482
57017,4.7816101606360135
57018,1.0889526116753259
57019,0.3965223084555832
57020,0.6344268741272133
57021,0.6529659971777737
57022,0.2872839142457109
57023,6.260906924288812
57024,0.036452214829957655
57025,0.103242711147128
57026,0.27714960159419405
57027,0.8405608291348544
57028,4.236931500921684
57029,0.31433294744948975
57030,0.1371823761810142
57031,4.411248053658816
57032,0.13939681958909364
57033,0.6965617050607589
57034,1.4946142748032332
57035,0.04502826581562503
57036,0.39224494424965967
57037,0.05891401384411697
57038,1.1406813019348045
57039,0.541062531234591
57040,2.5437061261609535
57041,1.0813695997765755
57042,0.17620717087113463
57043,0.2569118119365925
57044,2.095300501097787
57045,1.0079265223146257
57046,1.297598493205737
57047,0.42475040851443574
57048,0.3246174062825748
57049,0.08538114108663042
57050,4.390865944554989
57051,0.33485584410567976
57052,0.4589305665107947
57053,1.0748930997491408
57054,0.8103148647653848
57055,0.20690638435868422
57056,4.754589817261328
57057,0.8854165630781778
57058,0.5788758908187029
57059,1.0552604931743723
57060,3.853409734327012
57061,0.22494536532804402
57062,8.273938782371
57063,8.324585837087245
57064,7.028156392974223
57065,1.4639249897638058
57066,2.417831819481478
57067,0.13843778902455378
57068,0.06221264525383133
57069,0.45597758097983176
57070,0.16465925272710488
57071,1.5743298260019254
57072,0.35803524815469184
57073,1.631096494015892
57074,0.10589574572706861
57075,1.4917749425515516
57076,0.49006649017542836
57077,1.3267739895169868
57078,1.04969535733452
57079,0.23500638511132965
57080,1.9488554337229025
57081,0.3311477516661561
57082,0.851239951168906
57083,0.5642685869384547
57084,0.14395081703802926
57085,14.76921274733688
57086,0.19588396084376467
57087,0.2515496627001721
57088,0.1463714240751261
57089,0.7699018600423149
57090,1.27914075837302
57091,0.7634928368334338
57092,0.20736807162659132
57093,0.10072172535742172
57094,4.967800622287907
57095,35.92698980753718
57096,0.47164040174252964
57097,1.651579803614266
57098,0.7547746481177751
57099,0.858110706214495
57100,0.9127768585939505
57101,0.6420718079767921
57102,0.1331763736412741
57103,1.9108551241418696
57104,0.04022997647706767
57105,4.146214796830477
57106,1.7861298340296863
57107,0.15685317308111502
57108,1.616368112031278
57109,0.24325752448881136
57110,0.14280516978325
57111,0.27239661151029926
57112,1.1068146898452254
57113,0.06634371499239425
57114,0.1139717841459884
57115,1.2679497497481114
57116,0.5986820848723132
57117,0.5093690103999087
57118,1.0886700535396805
57119,0.46976425896629953
57120,0.42760644375313694
57121,0.19957644789586232
57122,1.2454580464200715
57123,0.04145848937306325
57124,3.114472587798093
57125,3.398753437671106
57126,0.5933488290879282
57127,9.215009302305695
57128,0.7272778654509771
57129,1.0368076842177123
57130,2.0341683340591605
57131,0.3173760168342738
57132,1.8480070569534908
57133,6.413611119954583
57134,1.1925176785177687
57135,0.6842349199113137
57136,0.5611610196299661
57137,0.2858464708309147
57138,0.2326698847143407
57139,0.28331233395032807
57140,0.13844989560504614
57141,0.4710432719020224
57142,1.9716689490525787
57143,0.24372775293147267
57144,1.2911881106439989
57145,3.6126988791216186
57146,0.2158632683770533
57147,0.801067051852213
57148,0.953490995924664
57149,0.08268685781430217
57150,0.5808314625630533
57151,1.2373136669862836
57152,2.1389445787812686
57153,0.45658150662499014
57154,0.8419019902314302
57155,0.7089763602634086
57156,2.3894237847369126
57157,0.21139178454604962
57158,0.20724324167663347
57159,0.04977487501103734
57160,1.3009618096772342
57161,5.323467683290179
57162,3.2647183746398247
57163,0.2661848686136674
57164,0.5527743654196647
57165,0.3753991090152771
57166,1.3426192293478363
57167,0.32607635586380457
57168,0.06772434540705373
57169,0.6522104923539732
57170,11.934858151655982
57171,0.13360754006242112
57172,1.2046036987273574
57173,1.664622827809361
57174,2.1880423646424734
57175,0.9790055012066439
57176,1.4523347212763784
57177,0.751695520955097
57178,0.2586076019220615
57179,0.2109442055177827
57180,4.429829781905534
57181,4.787729653278128
57182,1.1854846608978624
57183,0.33480342712739997
57184,0.4095070354012623
57185,0.48333329253195
57186,0.0802910869250503
57187,0.5440733690838111
57188,0.7118932399576818
57189,0.3802002481776771
57190,0.5231096304079486
57191,0.17389722423617548
57192,1.638024886694795
57193,1.686425754300332
57194,0.5264392950608843
57195,28.22886953263855
57196,0.0690001344900879
57197,0.4805391994829967
57198,0.3620584720134308
57199,0.24907022886406124
57200,0.5493987505700696
57201,0.42770206388840226
57202,0.1441212120834527
57203,11.509424124928927
57204,0.41238310972475056
57205,1.218933307356982
57206,4.313972593859167
57207,0.3205796081779313
57208,0.57617775414998
57209,0.6318803181474456
57210,1.7979952666462904
57211,5.486000639664774
57212,1.9859060066418268
57213,0.42475106763718423
57214,3.247493782430958
57215,13.132220981415685
57216,0.2350393173520752
57217,1.247516123349455
57218,0.562832889011843
57219,2.020954875666896
57220,2.293119435715411
57221,0.3881230195912746
57222,1.1685874690030604
57223,0.6310141358544704
57224,0.4096388693815894
57225,0.2106115826152226
57226,0.3215558342959745
57227,1.2397101683236151
57228,0.4658894079572802
57229,0.5593347731604045
57230,0.6551533000451348
57231,1.3839929197758685
57232,0.9671448070334681
57233,2.504062790939127
57234,0.5442162852658683
57235,1.6659270384315252
57236,1.0162177407395314
57237,19.360565053143002
57238,0.15424907252768036
57239,0.6135205543245069
57240,0.1011696796805104
57241,0.9216743295436493
57242,1.5024809944442286
57243,0.9196139717687517
57244,0.5161486971292889
57245,2.5376910549794025
57246,0.8746126324927341
57247,1.2484919925343736
57248,0.2348276060129306
57249,0.4485830595817161
57250,0.22091419851525992
57251,5.298557903832782
57252,1.7826498584875914
57253,3.8438804399380255
57254,0.24952193001545495
57255,0.5033329821244984
57256,2.827657086465837
57257,1.4123432601905046
57258,0.4400776547317828
57259,0.6334319705265259
57260,0.7689854814441383
57261,0.4165412622600438
57262,0.0757460318479583
57263,0.582714325184224
57264,1.6595314033211575
57265,1.0437687362177723
57266,1.7368227341580942
57267,0.22670883672693545
57268,1.5184437677579325
57269,1.9455354297017142
57270,1.1704667924493146
57271,3.1109228933689677
57272,1.7811604598519428
57273,0.24369970745815256
57274,2.0337282189986037
57275,0.8038474884812637
57276,3.9927026739121434
57277,0.08548911163748484
57278,0.92076726463227
57279,1.4604742060724463
57280,0.29099559569538247
57281,166.66328354038396
57282,3.155237590939518
57283,0.6378371224765125
57284,2.5165547186149944
57285,0.43322406978863054
57286,0.33436803910703344
57287,0.02959228849644188
57288,2.5526289766461905
57289,0.6581509787925337
57290,3.5415713530404624
57291,0.6154815184724037
57292,0.1810249960509624
57293,0.6504458737085697
57294,0.2443273549436387
57295,1.2445553691428326
57296,0.3236851531363559
57297,0.29819094790872247
57298,1.638934818357384
57299,0.14953451496427148
57300,0.08660715121418956
57301,1.8107801192239736
57302,1.376585570894461
57303,4.114331511641295
57304,0.9153055260688512
57305,1.1553247963427324
57306,0.12044635087556524
57307,1.1880367535813487
57308,1.3895940642606994
57309,6.479984159707308
57310,0.24662942049791156
57311,2.6267123543957736
57312,0.25541451874189797
57313,1.3076608803885659
57314,1.085592680837716
57315,1.1558409950882866
57316,0.21248644411470946
57317,0.5632398340692992
57318,1.1003449894046076
57319,0.9864798707140835
57320,2.129457750002603
57321,0.21358065879857943
57322,0.9948194114259412
57323,0.46512646135634456
57324,0.0862492561935226
57325,0.5887285459141558
57326,0.16341126683635948
57327,0.8057696554252675
57328,1.6182310043756212
57329,0.5799826788359099
57330,1.824027046242592
57331,0.1501881139620322
57332,0.9617774014573475
57333,2.0183889058960833
57334,0.4492665343269149
57335,1.033877976425229
57336,0.25017097790414566
57337,5.606809637818851
57338,1.7843034196526912
57339,2.7041706212864236
57340,0.25087991139177335
57341,0.20491258049751115
57342,0.3916779309896645
57343,0.3156061672525503
57344,2.732293816751203
57345,0.18077985485921566
57346,1.5281197070394896
57347,0.8657716625389942
57348,0.22924500827633737
57349,0.4639989081102098
57350,0.6656393108498716
57351,2.0823070616753983
57352,1.46317101408849
57353,0.18576254911076187
57354,0.6992214038557122
57355,1.2129347437812603
57356,0.12557891584012124
57357,2.3029865119777266
57358,0.9865575821754019
57359,0.5394495543267577
57360,0.9235015662460746
57361,0.948554558941615
57362,0.07642646995373993
57363,1.4414685930615037
57364,0.6162019937639436
57365,0.8870247494603805
57366,2.3145739629626405
57367,0.9949493181310208
57368,2.03073709463495
57369,0.24439751003732102
57370,1.7485041020682262
57371,1.0013336691752832
57372,0.2844203862539225
57373,1.6206172858389887
57374,1.8660225495471565
57375,0.15913161749693583
57376,0.9131071734385965
57377,0.31924757945174437
57378,1.9066048807286051
57379,2.0183714384286935
57380,1.323405761691518
57381,0.4727699732079412
57382,1.8789854548031915
57383,0.01567869103924405
57384,0.784366405270822
57385,1.5919175988125143
57386,0.15837333810948112
57387,0.7309391026266109
57388,2.334239133532144
57389,0.23641754164739273
57390,0.0865709872199322
57391,0.09492963981773968
57392,2.817952921611217
57393,1.227678973945741
57394,1.9968027926397636
57395,0.27108032403060733
57396,1.259959228642076
57397,0.838084887650709
57398,0.5943080990489525
57399,0.5266133458426009
57400,0.20017673839052658
57401,0.816875688468016
57402,0.12223782552084025
57403,0.05639169480707365
57404,1.2147243513286776
57405,0.10336373961041297
57406,0.7806084901871302
57407,1.4479803716081063
57408,0.26661119473470085
57409,1.340060152119878
57410,2.881225014083988
57411,0.40566916649621193
57412,0.255239106750229
57413,2.1468886155353837
57414,0.11681116639718911
57415,2.7218365837725824
57416,1.3450126637685194
57417,0.20296388314670621
57418,0.8613314106618698
57419,0.3692398024098648
57420,0.09570201644609488
57421,1.8840758113541272
57422,1.3586676810848992
57423,0.1655176374780181
57424,3.6560525741173433
57425,0.11650163221948184
57426,1.3418635569586475
57427,0.6089470228369809
57428,0.2422433484647928
57429,2.2045207726648606
57430,2.676446846436436
57431,0.7658827432155529
57432,0.06919797164939318
57433,0.69492779283074
57434,0.8214994605704099
57435,0.5577128827691125
57436,0.1449256468732922
57437,0.4060448481819092
57438,1.2760663218225436
57439,10.605528442574728
57440,0.7724493384013897
57441,0.22786106574870008
57442,1.7214982403942405
57443,0.5061990774041387
57444,0.20653304247390536
57445,0.24354352849432254
57446,0.9373658787485022
57447,0.14067405228388424
57448,4.706197215858637
57449,0.1852620794262961
57450,0.5901693202072272
57451,2.1971015020347147
57452,0.12200473375664056
57453,0.7509592960806082
57454,0.4202094729330464
57455,1.3662461483625299
57456,2.312417766912119
57457,2.3244235544516223
57458,0.03784568850348177
57459,0.784954693493938
57460,0.2812204514755396
57461,0.19818448689724633
57462,1.310258272942835
57463,0.7752279671914852
57464,0.03691138402918223
57465,1.4454339056012826
57466,2.6554661029085334
57467,0.1470135068878462
57468,2.0854726518011533
57469,1.3357659870730363
57470,0.35086117130207234
57471,0.5376539186321344
57472,0.3321178079942565
57473,0.37081882449263925
57474,0.5192749879074567
57475,1.0174140667151064
57476,3.2316305032440678
57477,0.19940526443131704
57478,0.41762214391565455
57479,3.362668194076426
57480,0.5540128604466966
57481,1.5687289752599358
57482,7.490822887325614
57483,1.7738417464762501
57484,0.4317301111489047
57485,0.4762579912206275
57486,1.80888347609164
57487,0.2949857901462381
57488,0.5475270889097693
57489,2.7145634335214015
57490,3.263649435995154
57491,0.5486594172587335
57492,1.0011085349367066
57493,0.9191263544763467
57494,1.3999274202239698
57495,0.5395320347941153
57496,1.0325970181961421
57497,0.5066305169321337
57498,0.8377042525855549
57499,1.7679225409102683
57500,0.207356993080551
57501,0.5455975905269298
57502,2.3047054546362165
57503,0.8177793677596928
57504,2.4183733552888453
57505,0.034386145956168596
57506,0.6983933674964343
57507,0.16674636390485265
57508,0.8894628263382759
57509,0.9222244877721284
57510,2.5546896991070525
57511,0.3325360307339934
57512,1.5227849807552858
57513,0.2550893081249547
57514,0.8877986071700585
57515,0.46544651720032165
57516,1.9037276381613464
57517,0.1314959944102336
57518,0.4413124488926668
57519,1.0740440488507255
57520,1.0207630045612275
57521,2.552726210053841
57522,1.8449941586167795
57523,4.563645571865744
57524,2.5442199353108035
57525,10.147651140421564
57526,1.3955097728318204
57527,1.148383338399017
57528,2.4537596650925573
57529,0.21570931453968561
57530,0.11203445814248356
57531,1.1284359123680603
57532,0.2505828184295254
57533,0.7877489036732913
57534,0.8000201212423126
57535,0.4055449015028583
57536,0.745163238695689
57537,1.8105431443402766
57538,0.6382694908425518
57539,0.4476492012115332
57540,1.163460876174062
57541,1.739834911450282
57542,0.7021392163064053
57543,0.2663483577528394
57544,1.0102418419833037
57545,1.3873389999521542
57546,0.9423104071608859
57547,0.13575429121456156
57548,1.1518041496192994
57549,9.048939663970135
57550,11.543253863755577
57551,0.2867799582917585
57552,2.9049828022634023
57553,2.3375179474061065
57554,0.8264039696428259
57555,0.31017746924635076
57556,0.7972569952874936
57557,5.532582250758278
57558,0.8977271673455967
57559,0.9667451724916649
57560,0.05403242147206937
57561,0.8355714970345228
57562,1.0223648089172623
57563,0.2013437063165995
57564,0.6394455324380988
57565,0.9881807759642036
57566,1.1479025341596445
57567,0.41849760582124385
57568,0.11943647819787663
57569,0.1673427966228182
57570,1.3196266282995746
57571,0.9833568220522827
57572,2.336108952856873
57573,1.1843491437445373
57574,1.295896358307035
57575,0.21648618051389162
57576,1.535513333591143
57577,0.6599101129914731
57578,0.650332620841552
57579,0.518043017222547
57580,0.3412484623135816
57581,0.3151941864805825
57582,1.1409434167735437
57583,0.5371015289695558
57584,1.831467179970367
57585,1.5130173479573972
57586,0.6350629298957441
57587,0.9922910090663726
57588,1.396633697444916
57589,0.28066899400256917
57590,0.22566197080109202
57591,0.8509541801090035
57592,2.167740624363683
57593,0.7778764959698233
57594,0.4489840216666656
57595,0.2808714195768507
57596,0.2451608878692893
57597,1.667848194597575
57598,2.5360172802504177
57599,0.708964399756391
57600,0.9503859912962811
57601,2.327848752550546
57602,0.3860741894999435
57603,2.939388723329355
57604,1.9404437571863846
57605,0.5379083697557538
57606,0.1478813082030655
57607,0.05498564537027501
57608,1.969196342932679
57609,0.0570612851343797
57610,2.760440557957356
57611,1.2330841412708702
57612,0.6523032363312071
57613,1.0899230710512036
57614,1.387413897629888
57615,1.4584963014755037
57616,0.4138915915323203
57617,1.3241148044937814
57618,1.5461493961625796
57619,0.48055954786574046
57620,3.1238471875071725
57621,0.20624042470149612
57622,0.5689998194893882
57623,1.4253260320344459
57624,1.6426455216754303
57625,0.9037271873535305
57626,0.06789542068260446
57627,0.5768839968585067
57628,2.745848252850803
57629,0.5409472024995747
57630,0.9928624116590612
57631,1.3838971416600763
57632,0.21695489092245496
57633,1.5320577728513904
57634,0.07900741298969324
57635,1.2275319031169813
57636,0.28439482842962016
57637,1.1537371750174281
57638,1.821516626529486
57639,0.635362912511626
57640,1.6316042531101982
57641,2.949835261117201
57642,0.40846735639439263
57643,0.2230801077052834
57644,0.24611361088061384
57645,1.527737433812885
57646,0.49361408698837056
57647,1.4173186444615768
57648,0.46489838316543025
57649,0.5013876951104089
57650,0.4117539223352581
57651,1.2886143746906693
57652,0.4068021167015129
57653,0.40033912248679593
57654,1.966092790956586
57655,2.8520866899601947
57656,0.6790966695636128
57657,1.9942347494400925
57658,0.3209001103681336
57659,0.2551923191770798
57660,1.0443366553630151
57661,0.39292303726461886
57662,0.25234185980697393
57663,0.5221078355777699
57664,0.6659695944374244
57665,2.7778392572912836
57666,0.8703264753367826
57667,1.453400050757974
57668,1.44914539154973
57669,0.909921453586937
57670,0.6701143643070775
57671,2.6204922415318945
57672,0.3219373783130951
57673,0.3876324647077001
57674,0.15845617222383251
57675,0.11431403537558588
57676,1.5757494947775925
57677,1.245181664398417
57678,0.6317203623329954
57679,0.19021611707013145
57680,0.08051640786949511
57681,1.6841816731398733
57682,0.615992284742433
57683,1.2169155375193716
57684,0.7048023228631692
57685,0.4986827398614479
57686,0.17393237761331656
57687,0.35406458588410217
57688,0.06356596592613258
57689,2.066558166191212
57690,2.2709536277220956
57691,1.232239668473285
57692,0.051121783317163286
57693,1.1765528128180067
57694,0.8783529608071244
57695,0.40234741943655106
57696,0.17491911393003806
57697,0.8028287609640686
57698,1.0011779487578814
57699,1.2336981483174316
57700,0.4393384017102598
57701,0.9312311193187935
57702,1.9400723813881404
57703,0.586854938032271
57704,1.0865989321018144
57705,5.114563532385928
57706,1.3070190383562994
57707,0.46095817414961837
57708,1.7074579250207569
57709,0.32131510694779936
57710,0.07705521388396569
57711,0.3345069679200166
57712,4.429531481134182
57713,0.8828263692630962
57714,2.5736342839035458
57715,1.1375679056937567
57716,0.9453658909781609
57717,0.9209360876215326
57718,0.5148057591348585
57719,0.23859914619440492
57720,0.22957977489770295
57721,0.5578001381668696
57722,1.2253899411267268
57723,1.7149968597834522
57724,0.14418681960593344
57725,0.5019513463243918
57726,0.4549254657843899
57727,1.1403989635092087
57728,0.25603465363223943
57729,0.2708086084896608
57730,4.269020993849235
57731,2.550401180267882
57732,0.4697281911527125
57733,0.13297342688091746
57734,1.2304799365228258
57735,1.1864857498369523
57736,0.29481373891809265
57737,2.3506455467541554
57738,1.4703825214768222
57739,0.9722935380501223
57740,2.050787321437425
57741,0.47275662780296185
57742,1.2861127604401488
57743,0.25442006658042277
57744,0.6640546969259294
57745,0.6801809277325757
57746,0.658185268117909
57747,2.8209736234028657
57748,0.13071618322560138
57749,0.378012979828123
57750,2.9483675314662365
57751,1.8189807509200842
57752,2.7733208936005282
57753,0.7450754927570836
57754,0.9471434769503729
57755,0.5771672945790923
57756,0.11198234522733172
57757,0.7353239486260542
57758,0.2954672661114443
57759,1.4952986991253643
57760,0.1461957761490214
57761,0.2707857037619326
57762,0.7891318943123872
57763,1.5690367232445557
57764,0.9916060761121263
57765,1.0778699109106955
57766,0.4623794911359642
57767,0.7190769753013437
57768,0.41940145214462315
57769,1.007244072887051
57770,0.38675522720215405
57771,1.954724402094816
57772,0.6231036823662831
57773,1.5126405382356138
57774,1.0025025990880219
57775,1.0029204816021664
57776,0.7958867623019864
57777,0.20853388917052557
57778,0.5738263315500934
57779,0.3687494483460284
57780,0.47910462700022594
57781,0.42700717220553913
57782,0.2772385046329111
57783,0.48918722313928953
57784,0.6502679726153697
57785,0.13175161811325628
57786,1.5889907320266088
57787,0.4763051287159596
57788,0.10181893689668033
57789,0.5604051113033913
57790,0.6044935997375218
57791,1.1941459328393953
57792,0.10723884842788266
57793,0.07150543668979957
57794,0.46421838820363925
57795,2.6717908175086986
57796,0.23661535110072385
57797,0.6948298262055512
57798,0.1553769418297456
57799,1.0772530994567082
57800,1.3502350403527092
57801,0.39982658190424825
57802,0.14900264201570926
57803,0.48062921814813186
57804,0.1789727159843929
57805,0.6362667704454993
57806,12.851927567659228
57807,0.10028263618289157
57808,5.880076520902143
57809,1.4974448817601875
57810,1.7434731550255642
57811,1.1545125512606156
57812,0.343872856052929
57813,1.1272728004300114
57814,1.1390473079369228
57815,0.11548485667000458
57816,0.09740806636597907
57817,1.8361934725810949
57818,1.338385886322813
57819,1.9730789757026996
57820,0.08273340681509292
57821,0.5750526884415245
57822,2.536161405051682
57823,1.7474110257625681
57824,3.2856109316805457
57825,0.7576298336614217
57826,0.24165638011527207
57827,0.4338475763640452
57828,0.4721499901827861
57829,0.08224682436362386
57830,1.1071647578802901
57831,0.47922182991603013
57832,0.5420329768922652
57833,2.144945958644683
57834,0.7210057876084008
57835,1.1521248510968667
57836,3.0510772632795984
57837,2.5214073586108707
57838,0.7501991173612091
57839,2.2198329268721886
57840,3.368712553578768
57841,1.770386869659268
57842,1.5380179786460129
57843,2.536792660804015
57844,0.4774142798519145
57845,0.3719616262403986
57846,1.2010733548262187
57847,0.16949199949104657
57848,0.7861806847193578
57849,0.7673253720040061
57850,0.09138894163561967
57851,0.9686246442215938
57852,1.2562780805849536
57853,2.274540737161975
57854,0.1363661456732748
57855,2.8793183439203047
57856,0.3592408259932843
57857,2.053014453000906
57858,2.683325646037844
57859,0.2859320399372011
57860,0.6860904582633225
57861,0.5604495023670232
57862,1.1350544886698657
57863,0.6990501087304437
57864,5.199176692658729
57865,0.6496142877108788
57866,0.5010860662275349
57867,0.9556729721156316
57868,0.49069855511146276
57869,1.0503610611061331
57870,0.9876492647172489
57871,0.17655474083269676
57872,0.08724519175869284
57873,0.7233936477663878
57874,0.7510202196522101
57875,3.382650931335875
57876,0.3305523939123381
57877,0.5311799548149642
57878,0.16077197049003095
57879,0.36977008722717764
57880,0.0969373184147379
57881,1.5848637507632384
57882,0.6630990357236718
57883,0.67740081233121
57884,2.5412434646081974
57885,0.09307814848653079
57886,0.20438550578849912
57887,1.8591212519582392
57888,0.6162290336598509
57889,0.4446112833680436
57890,12.496031288990595
57891,1.9118718334088722
57892,0.623152264852003
57893,3.266404614248409
57894,2.288412635910361
57895,1.8832495263799873
57896,0.49683091516557115
57897,0.2844761266404633
57898,0.9400812291136585
57899,7.942967175653809
57900,0.3414571076109164
57901,0.514570369400469
57902,0.37930351301882576
57903,0.975805290928335
57904,0.8414415844246265
57905,2.3115022476987215
57906,0.3365740399557455
57907,0.19136959937277961
57908,1.7725403423127393
57909,0.13271859989549414
57910,0.36716375488165354
57911,0.08073547032181275
57912,0.8741649631741554
57913,3.412022433344655
57914,0.10843102449847943
57915,2.439622126906696
57916,0.31752943779629167
57917,0.9718869598178783
57918,0.5688280695838557
57919,1.1159024730176466
57920,4.289347401606122
57921,4.186931347378791
57922,0.12406870319994716
57923,1.1849679982975636
57924,0.0819072308834235
57925,0.3107499570625558
57926,1.7525553772652276
57927,0.7395632720939559
57928,0.4109143154817674
57929,0.2785883856417516
57930,1.3278689315271905
57931,1.964233387904182
57932,0.14458519799278155
57933,1.2335931344675282
57934,0.09297943110104574
57935,2.451442207603302
57936,0.25175511742545753
57937,0.32042855485506533
57938,0.770495777881292
57939,0.8830450280327937
57940,0.7908431717765407
57941,2.644245780754391
57942,0.953527504670511
57943,1.1840597593390279
57944,0.9387217410356353
57945,2.8572773606451602
57946,1.0909414491489282
57947,0.37379916340610625
57948,1.3104938399500596
57949,0.5380193965115054
57950,2.9853861660648797
57951,0.5289444682510588
57952,0.6960965872645984
57953,0.35533969276076727
57954,0.5796304016210764
57955,1.231443122710649
57956,0.25788169539926054
57957,4.145992890591519
57958,0.10561529786194898
57959,6.631805655980763
57960,0.7368621874778133
57961,0.26415045632518547
57962,0.4166432680978231
57963,1.6495593386681375
57964,0.35112238144319197
57965,0.14434880385058657
57966,0.7621177185051511
57967,0.08190304073148397
57968,2.3519060674332604
57969,3.0061072029715645
57970,1.7477194741990967
57971,9.593359593735949
57972,0.09641824760602405
57973,0.803432902028772
57974,5.634219502287194
57975,0.873250403565639
57976,1.117715758153901
57977,1.8239620894799322
57978,0.9807178969084167
57979,0.27830137113859676
57980,1.5903560058632324
57981,0.5489141032609757
57982,0.4409699642938738
57983,0.19876995503008418
57984,2.0606837748940503
57985,0.14351133677297323
57986,2.995350027337689
57987,2.0574490800473817
57988,0.46747136721643745
57989,0.3305867219873266
57990,1.8896737522712086
57991,0.6884961149202882
57992,1.172472085362318
57993,0.36503886620401094
57994,2.016288596682991
57995,0.6532849705212189
57996,1.3483460073419111
57997,0.32444594905894286
57998,1.411408435336888
57999,0.26831377638232373
58000,0.18425058369548308
58001,0.8766153425632089
58002,0.5661207770745643
58003,0.3307369809201336
58004,0.6885148696028851
58005,0.3964014516390769
58006,0.05564211007895259
58007,0.21578009525641045
58008,1.4971530487914388
58009,0.37403063311575047
58010,1.5585657669258717
58011,0.6105719223663454
58012,1.1742742595889901
58013,7.048603686239263
58014,2.2654214044105356
58015,0.11319835399454098
58016,1.149909008594462
58017,0.2661284212903627
58018,0.5040706184132712
58019,3.26742945296588
58020,0.899121188361599
58021,0.19878771811415466
58022,0.8566398611513748
58023,0.6544409061630306
58024,0.7527126348482647
58025,2.1686412748039094
58026,51.637138852401804
58027,2.186772360341819
58028,2.95000242988195
58029,0.43246708017781094
58030,0.5411532468930318
58031,1.561314351398899
58032,1.110133790178088
58033,1.274230341819988
58034,1.4038587363462889
58035,0.9024116125431678
58036,0.9453822716442519
58037,0.1468454397004612
58038,0.3742632209861484
58039,1.3077134135867952
58040,3.3070895575109156
58041,1.57928498596984
58042,0.09944821604518612
58043,1.262099986185785
58044,1.2652140702149555
58045,0.2144122584447946
58046,0.15225596480668327
58047,2.251358550994329
58048,2.5725565374012125
58049,3.8948725890012166
58050,2.5628159608048597
58051,2.1309891585260283
58052,0.1446438779674724
58053,0.2973911979054295
58054,2.070435524956572
58055,2.1566995719510755
58056,3.334747467173441
58057,1.6329246757270746
58058,0.05593227552365142
58059,0.6163101005206213
58060,0.03752177503355707
58061,2.3651854254338187
58062,0.33163132836364617
58063,0.3873823200770237
58064,0.7679200023636747
58065,0.5385906448489981
58066,3.6581814724844595
58067,1.5853409603083521
58068,0.10653778156262189
58069,0.9446288627004926
58070,1.3009103062497442
58071,0.9877842657806678
58072,2.168732213051006
58073,0.61029201281529
58074,1.0321192353179882
58075,0.08504538336810295
58076,0.7850280662728621
58077,1.158525368229927
58078,0.9543313872533064
58079,1.3743747112818707
58080,0.41285704907563436
58081,2.654099981129563
58082,2.974725075071746
58083,0.6843211781222197
58084,0.35315046378018955
58085,0.6026774813817835
58086,0.5060417660525828
58087,0.949279387860394
58088,2.1635138209956075
58089,0.19916752144183225
58090,0.1507851496320408
58091,1.4262622220384733
58092,0.8436063220814085
58093,0.14453345176106078
58094,0.6853379774978463
58095,4.149405142742185
58096,0.04301921235226391
58097,3.112643149714695
58098,1.1015318173688464
58099,0.075722352627604
58100,0.23666197446103115
58101,14.938610848980076
58102,0.5521157460497834
58103,0.5512037357776072
58104,0.44767255319724863
58105,0.5016240927171987
58106,1.4168742596239055
58107,20.887148667595632
58108,4.63613711553011
58109,0.09043485114457941
58110,0.34630400709523457
58111,0.11473963737980217
58112,0.830882719364888
58113,0.1289472370864378
58114,1.3705569482401199
58115,0.7071121732450866
58116,0.1390182138655907
58117,1.3416826253751855
58118,0.5791507052243179
58119,0.6111594000023229
58120,0.8004808052001253
58121,1.1797957478786614
58122,0.2723573120743057
58123,0.05059768546742374
58124,0.5351873378269408
58125,0.6490723103231002
58126,2.366298491191824
58127,0.22630025434017548
58128,1.113262030265573
58129,2.6774097648597244
58130,1.6044055435077718
58131,0.9047143462772542
58132,1.7736517411073587
58133,3.2204923276825776
58134,0.993630652969328
58135,0.3079692981935119
58136,0.26357559145865994
58137,0.7108788394333903
58138,0.38678928149537983
58139,1.8708891618133892
58140,0.2995197911649296
58141,0.6062777593886967
58142,1.1688926562845896
58143,0.2747195029333772
58144,0.06206750425441314
58145,0.9747402549616526
58146,2.1990501516753582
58147,2.3943019657760356
58148,0.4778142326355169
58149,0.1661072665852937
58150,0.723020496613723
58151,2.9978124849624286
58152,0.24485213290129612
58153,5.6992267821991955
58154,1.1319273737641273
58155,0.7850562286224769
58156,0.2536627611226147
58157,1.376556664760727
58158,0.9449748929308602
58159,1.3325509512727038
58160,1.8559337187582656
58161,2.99707876652417
58162,0.2584976095017453
58163,0.1289384568334842
58164,0.08419188878634398
58165,1.1797934592630939
58166,2.5866388510234652
58167,0.911793054542265
58168,1.3637685270495445
58169,0.5146136217981429
58170,0.7108661707543864
58171,0.6438698869956704
58172,1.2239408705973724
58173,0.9911180476274781
58174,0.6173435822297616
58175,0.43615420578745917
58176,0.885045137890129
58177,1.8791349196049527
58178,2.3007319992274256
58179,1.092724511870075
58180,1.635927317289304
58181,0.6383800480429891
58182,1.9603029658582407
58183,1.348686148106399
58184,0.8328443727203723
58185,0.2194141170670842
58186,0.930864582212413
58187,0.32139219693655524
58188,0.28554955276132116
58189,3.1053603741188622
58190,0.7209650427977016
58191,0.40290077657492723
58192,2.310535568428443
58193,3.1062256674797646
58194,0.684670589702557
58195,0.8897334888302741
58196,0.046171112475790296
58197,0.44188352457189306
58198,0.7621189474900368
58199,0.5086572228547815
58200,0.5851218713255903
58201,0.3273769506744196
58202,0.9712152994670571
58203,0.0720217856916104
58204,0.5068829348407579
58205,2.2567979912058465
58206,3.2450600181825418
58207,0.04890251517789559
58208,0.7488157341338855
58209,0.7417890006568211
58210,0.11842864470915741
58211,1.5817725998661136
58212,0.1923465198047929
58213,0.1392405289879598
58214,0.9465513310813554
58215,0.16402566572043778
58216,1.179562217086624
58217,2.3775649489978132
58218,1.002887653679381
58219,0.5453740173073346
58220,2.61549427822491
58221,0.5979577925230571
58222,0.5032781656374352
58223,0.8804308460157556
58224,0.9813628141317374
58225,0.13393256162524858
58226,0.9384549886835228
58227,0.488724952602475
58228,0.18311078713172274
58229,1.1683798212699947
58230,0.2238197319669455
58231,1.57860367880896
58232,0.2419412623281455
58233,6.982703018339976
58234,0.21946049473851956
58235,0.7280497629597084
58236,2.5869616942449514
58237,3.9069624480294274
58238,3.602528077391513
58239,0.9507005362082986
58240,0.09947830579592022
58241,1.3403993559634988
58242,0.4895309899974511
58243,0.35646842566712855
58244,3.01011090435078
58245,0.037081382881855286
58246,1.0550632729430647
58247,1.391079268623798
58248,0.15080459867197854
58249,0.43066595359089777
58250,0.6173091855411512
58251,0.08603304976344911
58252,1.396534276667889
58253,1.532993471474106
58254,0.28696012473004634
58255,4.373027290660371
58256,2.0030515353084084
58257,3.019401788896566
58258,2.197840184863358
58259,0.5713060664374303
58260,0.06509874061746791
58261,0.08459709793499791
58262,1.4129925921954198
58263,1.61007101942018
58264,0.12028864537683076
58265,0.8093914635960393
58266,11.640222162345456
58267,0.44193291988567057
58268,1.5748509177217507
58269,1.2155822355200765
58270,1.008883981161879
58271,1.7758250465360244
58272,0.8212910135713791
58273,1.9954725440826082
58274,0.9056140414436326
58275,1.2877998959565882
58276,0.4155526574135262
58277,0.6250311112080691
58278,0.6567013322263807
58279,1.4737408239455243
58280,0.8518163342479984
58281,1.537195165345946
58282,4.660142008115468
58283,1.1641229303184555
58284,1.3708946733648126
58285,5.6531508417283325
58286,0.5160433243377407
58287,2.578072068204935
58288,0.8944867298828952
58289,1.7534507763233644
58290,0.2752706695498949
58291,0.49163908463449923
58292,0.04952919709130872
58293,1.4077613466933911
58294,0.6363269851387554
58295,1.0142085171547401
58296,0.9471600719467517
58297,0.0716563455630851
58298,1.0739072542243455
58299,0.5584295393450046
58300,1.9667124813793329
58301,1.0587169693511227
58302,1.0984011468776078
58303,0.6216888900087428
58304,2.418983956534609
58305,0.296506036763066
58306,0.07372119829381671
58307,0.3267288110389622
58308,1.7074285724490574
58309,2.558754977787925
58310,1.5626220055766127
58311,3.303226343028079
58312,2.1516031087344025
58313,4.0366202070656945
58314,3.1455199538043366
58315,0.4768562214408534
58316,0.51870233412433
58317,0.18038459458406997
58318,0.7317110964433551
58319,0.15326770782830113
58320,1.096164734335697
58321,0.6850516387106789
58322,1.4316044858085841
58323,0.19342586546430182
58324,0.7651695470294058
58325,3.035751001952474
58326,0.7604411061439162
58327,0.4646281806256268
58328,0.18719133097866014
58329,0.6855794353202467
58330,0.18038289129383372
58331,0.9635375341755661
58332,0.8150055330031233
58333,1.2490554385470545
58334,2.0663967706304978
58335,9.243811731204943
58336,0.09681363819744032
58337,0.18991012828278847
58338,0.4269790321236245
58339,1.014484831193381
58340,4.260495836949499
58341,0.5543460421239487
58342,0.27159676308898983
58343,0.49843972718619406
58344,0.5617667118651534
58345,0.4959254390341425
58346,0.17574538825972955
58347,1.1385734363442697
58348,0.11546800618618992
58349,0.08647530994258193
58350,0.5198849929832233
58351,0.2956238822949314
58352,0.9262625794991279
58353,1.3779408771473602
58354,2.1093578137013127
58355,2.3874190796351393
58356,0.1940751069763284
58357,0.8520330242310885
58358,1.7399474860211817
58359,0.2666493257044542
58360,0.27928700109862137
58361,4.633576648732125
58362,2.1960011494423295
58363,1.0918665803069598
58364,0.07660304846451738
58365,0.48817856826537365
58366,0.09739824115182952
58367,1.153453249304014
58368,1.9101883259799644
58369,0.5806710623544559
58370,0.684396259372659
58371,1.3885177647941809
58372,0.7907172912383834
58373,1.7803319886090736
58374,1.1769495451235232
58375,0.5691900499946213
58376,1.3719190243453192
58377,1.9026547099739335
58378,1.6026866973501808
58379,0.5413850836465545
58380,0.17432729534670063
58381,0.957897100257747
58382,0.9434913420909361
58383,1.4044961959023765
58384,2.17373998065663
58385,0.19948591484852232
58386,0.5521644023656761
58387,0.730672875817359
58388,0.4014705426735579
58389,0.22624098223652228
58390,0.13409110594138887
58391,0.6406174022468375
58392,0.9648138251460129
58393,1.9858537039160387
58394,0.24987898865795957
58395,1.3999168169440928
58396,0.4887002935504553
58397,1.1436380343475137
58398,0.8573738237877329
58399,0.44568620861299885
58400,3.2270095046039278
58401,0.47617441223551116
58402,0.6277115611038022
58403,1.182138299310454
58404,1.9197426933179056
58405,1.3153528638553755
58406,0.3652668963323255
58407,3.2388865629153125
58408,3.1624720348950177
58409,0.10837323937940954
58410,0.408047522299276
58411,0.8205624793903799
58412,7.443772706444555
58413,0.18249598464738537
58414,1.2197293270571454
58415,0.3681662528374109
58416,1.3489117182165795
58417,1.0800317187052244
58418,0.8358773591332759
58419,0.13012360512911866
58420,0.6648120862433278
58421,0.3713398528098895
58422,0.33464017712775995
58423,0.26937197141984043
58424,0.519279317062649
58425,1.5557220511595051
58426,0.3076229411250036
58427,1.3768093765631444
58428,2.633735187065717
58429,0.5751439673876756
58430,0.40706923649980475
58431,3.364863759065725
58432,0.15198579045785474
58433,1.60598147200089
58434,0.12001594553386943
58435,0.14084314486920185
58436,0.6438361565733243
58437,0.3130865237144944
58438,2.2142513998554834
58439,10.405285327489414
58440,0.8541731109495585
58441,1.2113052562543838
58442,2.451494735204374
58443,0.32516782977980496
58444,10.139035504556775
58445,1.1608711287787454
58446,0.5704185614882544
58447,1.2153491464212327
58448,0.21092983673563354
58449,0.7090109746967544
58450,0.1584535015782628
58451,0.7517868240756568
58452,0.6289854605074217
58453,3.7446925020507593
58454,0.21500475128235308
58455,0.5240172774068323
58456,1.0288868737644976
58457,2.4758465793076985
58458,2.812846187806976
58459,0.1551225491280271
58460,0.08193476770283499
58461,0.6753990259506683
58462,0.4185838207217042
58463,0.3245447359045857
58464,1.4177318410887192
58465,0.36869390953371234
58466,0.3547869921528423
58467,0.7356215615005237
58468,1.1099855359045323
58469,0.2701253460655116
58470,0.17095830403258988
58471,0.473325910519028
58472,0.9189971878030159
58473,0.21962219607470232
58474,0.2269395999894846
58475,1.1633236255014574
58476,0.42320027315698683
58477,1.2073524793685997
58478,2.3439608738726863
58479,1.4666051078471596
58480,0.9643969261116223
58481,0.16296485842574893
58482,1.8122841895741697
58483,0.7650289631371998
58484,1.4675818443815456
58485,0.4640229459538629
58486,0.7926908311437836
58487,0.03181467581732407
58488,2.0562976892844387
58489,1.7271865673048343
58490,0.32619558950701544
58491,5.326380397637171
58492,1.918882871329656
58493,0.1545193357036992
58494,1.3896079389421372
58495,0.8178193292640907
58496,1.3738271081422448
58497,0.3078801842021684
58498,4.998894357392344
58499,0.19270204792645226
58500,0.08364234182569809
58501,0.8954844289666922
58502,0.5876581825216335
58503,0.3030117404609886
58504,0.5295266983706466
58505,0.208738027664084
58506,0.6221117932706836
58507,2.6356298327418775
58508,2.7833509293738783
58509,0.83243066961184
58510,0.8311708523433192
58511,0.9379926555588164
58512,1.7045059686367119
58513,1.7920656363913903
58514,0.9914982560602492
58515,0.1350761382828994
58516,0.8810710208762771
58517,2.518123250168946
58518,0.1205052745367172
58519,0.08471732733354609
58520,1.235731846243618
58521,0.20275204635189323
58522,1.3990330840677851
58523,0.3495968147218157
58524,1.0306012738994705
58525,2.2829492175148816
58526,0.5084140246171841
58527,0.3164275536914626
58528,3.064229660983974
58529,0.6257851510748498
58530,1.3559719541668394
58531,2.0343337703290483
58532,0.7652482400881082
58533,1.2747680891868816
58534,1.093106844274073
58535,1.7942366782500108
58536,2.0845088537868444
58537,1.0479260093026839
58538,1.2736146656337883
58539,0.9351789178103799
58540,1.2946445450455324
58541,0.7459117914448102
58542,2.142203241971521
58543,0.3326625888907015
58544,0.22550580344959678
58545,0.7009302910436012
58546,0.27507543707627846
58547,0.16781705797752064
58548,4.018093131570654
58549,0.9722210476041405
58550,0.21830478800211753
58551,1.4023525653434736
58552,0.018331605232976996
58553,1.195122123220656
58554,3.132773069437934
58555,1.0922578269305603
58556,0.7515241550834244
58557,0.152493224697915
58558,0.3226144315826612
58559,0.2585273932940797
58560,0.5159905633539478
58561,1.3970334628957408
58562,0.3014259166178043
58563,0.1713714706388139
58564,24.203903696609498
58565,0.39684319522708367
58566,0.5547990738600556
58567,0.3301505710408174
58568,0.13303111349966734
58569,0.03117082900877395
58570,3.586321764590386
58571,0.49619302421841177
58572,0.07696666234427008
58573,0.13654652494823902
58574,0.2995873944627882
58575,2.066321930788828
58576,1.1023920919283765
58577,0.9634702057664241
58578,1.7808333327317067
58579,0.8426938980454497
58580,1.1970362740375478
58581,0.3668462959305612
58582,0.298374637964526
58583,1.067029956772691
58584,0.7375414109216868
58585,1.5660449675946913
58586,0.28699771693293025
58587,0.15869344385851192
58588,0.2606979609929015
58589,0.42771171109485223
58590,1.4687635030561241
58591,0.9281799494169245
58592,4.940775699641285
58593,1.4705621167060094
58594,4.324206632511361
58595,0.6614843155767842
58596,0.10600197325568621
58597,1.7560764447044983
58598,1.187413316329374
58599,0.6506294248107524
58600,0.07977658419811097
58601,1.0537381983096128
58602,0.4998529494892913
58603,0.3074021265393237
58604,3.404699086408365
58605,0.24248298488488448
58606,0.7668993038869368
58607,0.17266526165711096
58608,0.9025724577096848
58609,0.4434844067299672
58610,0.766717051764115
58611,0.9362183885376507
58612,0.5392368484602623
58613,0.5122531427034311
58614,0.2855495456200128
58615,3.2438785050419527
58616,4.348691319731479
58617,0.21391577786579935
58618,4.650544811553563
58619,0.30861639682532
58620,0.7072899744082326
58621,1.0758795664241978
58622,0.2544507266121613
58623,3.2070947622635186
58624,0.13023688179901197
58625,0.7078571171173191
58626,3.672676881994975
58627,0.47353320746657257
58628,10.324414300998278
58629,1.0269220326447157
58630,0.4679853966774774
58631,0.219207011254357
58632,0.6421437328465234
58633,0.5216883750932984
58634,0.5485233353977896
58635,0.3226750288480039
58636,0.3667007202214175
58637,2.8009973374934267
58638,1.8126661279818008
58639,0.10478083176207184
58640,0.4595202145668485
58641,3.9966562405623955
58642,0.2513325914182041
58643,0.647221686714963
58644,1.2518574824023625
58645,0.15207493224626206
58646,0.5101844256875069
58647,1.4128237874305283
58648,0.791237348600795
58649,0.09284961749158177
58650,0.10466374019150086
58651,0.5489238903190603
58652,0.24116363851999462
58653,3.273803120744919
58654,2.4869334187407346
58655,1.8421401704913132
58656,1.4983972381548858
58657,0.5255725754574019
58658,1.2576959137346253
58659,0.8562941050934709
58660,0.5160218456701026
58661,0.19321549362677537
58662,0.34189538440433814
58663,0.6539849618074426
58664,0.3453041471442527
58665,0.9790206232064719
58666,0.9497176708111836
58667,1.0678262058055086
58668,3.3845634532739166
58669,0.27604590134982065
58670,0.425370040784775
58671,0.43242187213498606
58672,1.4980511734694293
58673,0.17375235915959952
58674,0.7546444509521002
58675,2.6221452534015297
58676,0.8193765920556061
58677,0.38898584384295576
58678,0.39479128619418746
58679,1.2590001512807083
58680,0.29456389895047674
58681,0.2812074984644102
58682,0.4772223097038939
58683,0.30349847138679587
58684,1.3718243196636566
58685,1.612208809335669
58686,0.9672495884011814
58687,0.4021314600624606
58688,1.4433547866366425
58689,1.8561872493497629
58690,0.3365438880109904
58691,3.4523100947300502
58692,0.6304831335862678
58693,1.6843905015188358
58694,0.5729163186678192
58695,3.8249306692892056
58696,0.7128006154052091
58697,0.8833899190637482
58698,1.008730495220151
58699,3.8902372051740035
58700,0.11712594928998239
58701,0.977872849789079
58702,0.9161159881498881
58703,0.12104664237319146
58704,2.788864891657058
58705,13.024293939066002
58706,2.2523371228193234
58707,1.3928051925595957
58708,2.3130961831858587
58709,1.383033099493957
58710,0.36880109242721054
58711,3.213933580378808
58712,0.6148792249671406
58713,0.3852814037634762
58714,0.6185312492677132
58715,1.3856096462038754
58716,3.8848745569813303
58717,1.3686650956582689
58718,4.5169415667312505
58719,0.9979423820712331
58720,0.9188616952413439
58721,0.07480055199657154
58722,0.7635469836861297
58723,0.6571824885866093
58724,0.41910113516894354
58725,2.8549600348997513
58726,0.1224608282140863
58727,0.709314071006627
58728,0.09802720528586115
58729,0.1727326316082352
58730,0.15249097582801324
58731,2.0574452124513187
58732,4.747126083653248
58733,0.43459417226780267
58734,0.9574363468165297
58735,3.994184394051329
58736,2.2044725578251874
58737,1.444990573444941
58738,0.433580522813358
58739,4.1637415509894895
58740,1.1746491146577769
58741,1.31000665156714
58742,1.1945449836048114
58743,0.17184628805648608
58744,2.6231966632361967
58745,0.4378456513159466
58746,0.16112359436296586
58747,1.2886631945867166
58748,3.108463891487408
58749,0.546157413145648
58750,1.5725422520151888
58751,3.494355455845585
58752,0.4520398703103235
58753,1.0433367905614823
58754,0.6521204995388772
58755,0.07675127272482565
58756,9.530706161049523
58757,0.9591828093407638
58758,0.1964497530810606
58759,2.4659692558266677
58760,3.714184955067869
58761,0.5649518058318865
58762,0.22647689282650732
58763,1.3920456391444234
58764,0.5774111947595855
58765,1.2879584350284627
58766,2.4117759321100345
58767,0.4547625097042081
58768,2.5982163592557734
58769,0.18667345280952408
58770,0.8352060451528404
58771,0.16127048461736895
58772,0.14898310671776274
58773,0.7052289887362916
58774,0.4712059329161835
58775,0.6945042875526224
58776,0.17261127096639464
58777,0.9745731734214497
58778,0.6678700283975652
58779,1.1837562260597028
58780,0.4367647056913209
58781,1.6308910773255134
58782,0.3715235402071936
58783,1.3090541365446153
58784,2.2282141824479798
58785,0.9870818948852107
58786,0.9014693884554652
58787,1.697456749876627
58788,4.056955390936285
58789,6.269377308100982
58790,0.14067928117135547
58791,0.3560515897024318
58792,0.2759948170672648
58793,6.79447035909543
58794,0.6524591485161112
58795,0.6382313079821299
58796,0.5005105558474511
58797,1.4787903571199577
58798,2.5613482989277867
58799,0.298460449319731
58800,1.5250612277106503
58801,0.979134425223827
58802,0.5508270371170748
58803,2.2216012930188915
58804,0.35311512224927455
58805,0.2749530319342541
58806,2.8974004728244735
58807,0.3678536025942606
58808,0.9552268927636148
58809,2.9773319141166583
58810,0.29599071478799094
58811,3.5685100265516296
58812,0.10771178077079137
58813,0.20432522557108548
58814,0.15762513434344305
58815,0.7954429930515842
58816,1.4681249372662446
58817,2.1440210539187925
58818,2.084058920191176
58819,1.0952549654363404
58820,1.00881397409679
58821,1.1046245593789403
58822,0.5457066144863235
58823,0.6678467189686806
58824,0.601191663949297
58825,9.047963279379559
58826,0.1261626581071587
58827,0.8245832080319145
58828,0.22025415406811874
58829,1.814413330226968
58830,3.0706586795698185
58831,0.7095400275017529
58832,1.1616823637429747
58833,0.35752427322824476
58834,3.112024713609596
58835,0.07193270253404098
58836,2.118660770356816
58837,7.114948687587064
58838,1.8419336379171918
58839,0.66358238828027
58840,0.36847254032786236
58841,0.6053231805520464
58842,0.20211967734489325
58843,1.0151426063492759
58844,2.800368843848822
58845,1.040608021793443
58846,0.1583057184684362
58847,0.9355314102326057
58848,0.332637174787739
58849,0.10364677862463201
58850,0.29501777140269764
58851,1.2492907886803537
58852,1.763071356786421
58853,7.8191042136746
58854,0.7741268556159209
58855,1.1471715430571425
58856,1.859658068779298
58857,0.26246880967111286
58858,0.9285667298184292
58859,0.27906468679479485
58860,0.3781679686821992
58861,1.2250210118397378
58862,0.4626652607798639
58863,0.8601271384869641
58864,2.1321609881219814
58865,13.377525380096062
58866,0.3165117597185561
58867,0.8327383902489222
58868,1.3065555405332754
58869,0.24396740424943525
58870,4.853723779997062
58871,2.1115997457377524
58872,1.0432009716584443
58873,6.091646243911847
58874,1.4229888644162472
58875,2.9323555669586123
58876,0.5952976570512343
58877,1.5343260850584755
58878,0.6449579003091142
58879,4.911745079999601
58880,0.6520986038786338
58881,0.6928609748085485
58882,0.3869084619733053
58883,0.8256067182486462
58884,1.170993405572929
58885,1.7636973568789696
58886,1.3109558471946545
58887,0.213889776999712
58888,2.040491398694179
58889,0.7304395216142096
58890,0.7287562773058555
58891,0.6173210465774477
58892,0.5670142983721764
58893,0.38880962565552596
58894,2.1721416601368833
58895,2.116851416009661
58896,0.34724755645183575
58897,0.2620009495057296
58898,0.2658678410258239
58899,0.49454970505795504
58900,8.383225058847861
58901,10313.893706419864
58902,0.6710481587508585
58903,2.1038182894040007
58904,0.42039995332289704
58905,0.18632117967398193
58906,0.17402291014533736
58907,0.21113432600804308
58908,0.6755907797086328
58909,3.458718416056443
58910,3.269143699475486
58911,0.5464327256119689
58912,0.9845638067456374
58913,0.3226280392794396
58914,0.31823432943503616
58915,0.4352525832954851
58916,0.5494409775916872
58917,0.49632307168688283
58918,6.28304050837432
58919,1.3110617611856816
58920,0.5547652310155637
58921,0.740528315076473
58922,2.7775808042032653
58923,0.8332835829670847
58924,0.8368018488579169
58925,2.3954835614261847
58926,0.1604286859350324
58927,0.22564089712716562
58928,0.8041111013191763
58929,2.5964540160137206
58930,0.14319190574621973
58931,3.2143208035482167
58932,0.27731921919985303
58933,2.601788601640198
58934,0.42359343522446286
58935,0.18763783550065125
58936,0.7818910274644448
58937,1.4043371112404985
58938,0.6938531687108378
58939,3.41338692870798
58940,0.763883993698662
58941,0.3799821868378936
58942,1.0177669565480194
58943,1.4159389027513904
58944,1.015292055435392
58945,0.40153094230720726
58946,1.2091124468329848
58947,1.1061642198756518
58948,0.4588297126595283
58949,0.783911137906771
58950,0.12518792630838502
58951,0.9414705879667908
58952,1.5501982647059562
58953,0.24434837658088535
58954,0.13852733278011564
58955,0.6226028918587453
58956,0.5354415425908585
58957,2.854573481915467
58958,2.513128345229372
58959,0.24062199944511228
58960,0.06292759884893616
58961,2.1143342688118505
58962,0.6998879052721096
58963,1.7835842623762015
58964,1.9272534590200503
58965,1.087292582612491
58966,1.166075653309811
58967,0.11170724239223763
58968,2.7994229828956296
58969,0.22094951146747227
58970,0.22246045157539676
58971,3.574866807179624
58972,1.6904453463288736
58973,0.6591842106365982
58974,0.3230858163003484
58975,1.301858124999139
58976,1.1824574356638542
58977,1.2424346661119263
58978,0.27755243277823566
58979,1.9475304947883223
58980,2.247885041691796
58981,0.8809010587528816
58982,4.521426144695549
58983,0.41380142256996505
58984,0.7709075175045088
58985,1.797236071563515
58986,1.636541073465806
58987,0.30556295277140916
58988,0.2136254612691152
58989,2.8348780690319377
58990,3.9132758079553227
58991,1.7558507086204704
58992,0.059427963059414245
58993,0.8170539150465655
58994,0.1270601776912779
58995,1.2749043622464886
58996,1.2015038852357192
58997,0.4324527920138843
58998,2.118202163118866
58999,0.19212311007404576
59000,0.6833684201007176
59001,4.104903800201851
59002,1.6571157042951894
59003,0.29914361182348165
59004,0.4148427584697256
59005,2.4954469445571057
59006,32.77908297466962
59007,1.6632625243356975
59008,5.239366641920477
59009,2.5838986555657364
59010,1.361122935524344
59011,0.11851942314934119
59012,0.5472104628013252
59013,0.1722445923152057
59014,3.577287318472011
59015,0.4155547993412074
59016,0.056877702392349426
59017,1.021247609805456
59018,0.5886644890551395
59019,0.2507443780878434
59020,1.9871718026919194
59021,3.9508590868588342
59022,0.29986781333353935
59023,0.8095686798941625
59024,0.1379729897845066
59025,2.0352970009526383
59026,0.3633783044073962
59027,0.44354881560354953
59028,0.8158832978405397
59029,1.3988457977854893
59030,0.44784884796037716
59031,0.06794039378846738
59032,0.06853896643152618
59033,0.22292889494808832
59034,0.8094650376859769
59035,6.337042361676953
59036,0.1655597733734742
59037,0.24371317135420206
59038,5.177083328845479
59039,0.6427738851284392
59040,3.975456407339536
59041,1.2855906025878971
59042,1.1756284792870064
59043,4.080308697133645
59044,22.557495238224845
59045,3.2017787213699864
59046,1.2414170952898314
59047,0.3718284145803263
59048,0.44563621805338227
59049,1.9902729028520145
59050,0.7464381011890394
59051,0.7522066481133002
59052,1.0139455074137413
59053,1.0450190450796208
59054,1.0899054709920053
59055,0.7825572560359586
59056,0.5505929001199629
59057,0.32533502295147426
59058,0.35739794637707933
59059,0.8035095581426369
59060,1.2879811841831823
59061,1.9700022739965901
59062,2.7940891323526826
59063,0.6918471594507977
59064,0.26223616927320903
59065,0.5810403873170406
59066,0.252457261925445
59067,0.8324651613575054
59068,0.45588409678193453
59069,4.006459192291196
59070,0.39684425049326927
59071,4.099036286289415
59072,2.207944883134611
59073,0.1743613556954615
59074,0.029997224500742315
59075,2.1647437035227086
59076,0.11065528363334395
59077,1.887199688997495
59078,2.1201673250122646
59079,1.0148630039502962
59080,0.7077849713331553
59081,3.3922672936742853
59082,0.7803357130372697
59083,0.2729713161546977
59084,0.8203612127679994
59085,6.8106060757910125
59086,0.6867554725129139
59087,0.24598358800179906
59088,3.751832644546682
59089,2.286797419404925
59090,4.909428763725179
59091,0.481440353523581
59092,0.10334508981636291
59093,1.3278642081548528
59094,4.1263460228346664
59095,0.8045247566466807
59096,0.4484991672113255
59097,1.492136927782651
59098,0.1641325011025127
59099,0.07316869151910393
59100,0.8025276997109259
59101,1.7580363285998928
59102,0.6205804699523383
59103,0.3502687685215147
59104,1.197164363407256
59105,0.8866688521909869
59106,0.695372295450059
59107,1.0507999162309234
59108,0.9185818193454511
59109,0.07166300886731874
59110,0.0921244463126061
59111,1.553622173721124
59112,0.5268843981442745
59113,0.20947741611336637
59114,0.0388813133098162
59115,0.5487020073049771
59116,0.3939208525518699
59117,3.27401840877868
59118,0.37863337420620824
59119,0.8970012801189925
59120,0.19042667944070582
59121,0.8413409534584795
59122,0.2393194158536301
59123,0.4441466975412394
59124,1.205079730849102
59125,0.2027279285059699
59126,2.104396737625557
59127,0.3951417272026417
59128,0.49892850642968545
59129,2.803562039825679
59130,0.24238322783795424
59131,0.9072028743437581
59132,0.3015173698410201
59133,0.34724405851440926
59134,0.8071978027072843
59135,1.2824978257576243
59136,1.6457245175583743
59137,0.04065920195909903
59138,44.1637399723211
59139,0.9181121427260581
59140,0.11621410459574695
59141,0.4628460371216762
59142,0.588635483173933
59143,2.970749768217052
59144,2.120726097741331
59145,0.37860623060699145
59146,0.7639001995973919
59147,0.7109165086254086
59148,1.0422058294783128
59149,0.12393978415031902
59150,0.18618592295500067
59151,0.739009015599186
59152,4.64125022888157
59153,0.6201430900532741
59154,1.0198555335008237
59155,4.95697196248145
59156,1.5917124457483531
59157,1.511199351939731
59158,0.44898365768526194
59159,1.3135779533154963
59160,1.4817069630782762
59161,0.12411869539622014
59162,0.3822001031691756
59163,0.18252291591940592
59164,1.3604223712091033
59165,0.44881690438118693
59166,1.6860193852249652
59167,0.3770766324967032
59168,0.3792639956368134
59169,4.643846444398378
59170,1.36848063387759
59171,3.7082549838572345
59172,0.580558785812916
59173,0.15803209788539363
59174,0.5079496203745492
59175,1.131372009371188
59176,0.2195518011672486
59177,0.7811049041307746
59178,3.5869365242126445
59179,0.6261404467474327
59180,1.78895882414911
59181,0.1684814193162574
59182,1.074509638793209
59183,0.12271939309720703
59184,1.1924799687960943
59185,1.3610152302900889
59186,0.25335789331876735
59187,1.0947194626036916
59188,0.3308282490665842
59189,2.6439282976910388
59190,0.7976855496875261
59191,2.3986165561908757
59192,1.0916523471427702
59193,1.0142996503923414
59194,1.2294726872785384
59195,0.24704989668415844
59196,0.5549238105971673
59197,1.9275117610112595
59198,0.10935845015990953
59199,0.6038754273826218
59200,0.1909338852129721
59201,0.20533899121284485
59202,0.9308719476139474
59203,2.1799253410025607
59204,0.8810024571134363
59205,0.36437574626844815
59206,0.40587488687220596
59207,0.5063357676516392
59208,0.1627006201043753
59209,0.4450379357564137
59210,0.6220308506279091
59211,0.3806739838094452
59212,1.945815932680649
59213,0.21252139854672894
59214,0.7775098162777229
59215,1.7121635563178281
59216,1.5956256763216226
59217,0.30766026168200494
59218,0.497154082714263
59219,0.7230552544330109
59220,0.17278931099042905
59221,2.8251324333709946
59222,1.505667780644158
59223,0.7399327554425992
59224,0.16360201750440279
59225,0.1198858110131571
59226,1.8358753443455242
59227,0.10524796608559943
59228,3.0902567713224305
59229,5.871941697521122
59230,2.0144185008032833
59231,1.2808411786143992
59232,1.056417866447666
59233,0.026422376895138308
59234,0.48445662723827326
59235,2.851386005630102
59236,0.6606583625283334
59237,1.4779505253500886
59238,0.3049903397761589
59239,2.4956431003225354
59240,0.2635094321676234
59241,2.1158569164797956
59242,0.7507672144715061
59243,0.7071008222194854
59244,0.6855712665106417
59245,0.35591588279107106
59246,8.396559516630047
59247,2.087504762890767
59248,0.16771866946819644
59249,0.4094274202460333
59250,0.6284266945672816
59251,0.6450596475731092
59252,0.8987362598066125
59253,0.11368706597692617
59254,1.289124077854689
59255,0.7422267836455598
59256,0.6192643888493581
59257,0.3698995020674703
59258,2.095662028044777
59259,1.0010010524138753
59260,1.8926330049997142
59261,0.346910190605767
59262,0.03854671449239353
59263,3.066626244329327
59264,0.3841307433260168
59265,1.8762658858354555
59266,0.822372967792266
59267,0.7262327366916678
59268,0.9438179032827008
59269,2.6556359403311665
59270,0.8592794795383253
59271,2.851463710272452
59272,0.2901111947886712
59273,0.05567097025548041
59274,1.9977847567000901
59275,1.772395553259848
59276,0.21651474731178919
59277,0.42685491298960787
59278,0.7388856531872997
59279,0.3160024344373069
59280,0.2648942016820984
59281,1.8118006975538539
59282,1.1647876281821588
59283,1.086463848449011
59284,0.331784461545591
59285,0.5042273518674216
59286,1.4908501247865913
59287,0.09974624260948016
59288,2.242127040222747
59289,3.715144819589205
59290,0.8068849989575151
59291,1.546147276202821
59292,0.4580405345461962
59293,3.4062202978672413
59294,0.23553710464807437
59295,1.2048844381919042
59296,0.43393510110801214
59297,0.6853474309428073
59298,0.8246240838978511
59299,1.9579374352933077
59300,0.3116139898946523
59301,1.4619214183652744
59302,0.09944878762394241
59303,0.0534087067928484
59304,0.5344220244040058
59305,0.6552220277959359
59306,0.1130134988639651
59307,3.484238950211128
59308,2.9168975933969987
59309,2.3894850755185963
59310,0.25448292075373014
59311,1.11895550961993
59312,0.3195400729980362
59313,1.5478416583496721
59314,2.2960803984194724
59315,0.47292980961225817
59316,0.911744993987842
59317,0.265927883603055
59318,0.5714943753899192
59319,2.616751743525343
59320,2.2450707458588757
59321,0.3134955488364561
59322,1.0310826217996387
59323,0.5464801416906244
59324,0.7619321725176501
59325,2.682140555205291
59326,0.9563523998821069
59327,3.4442771384930415
59328,1.112157324654885
59329,0.08749180362249373
59330,0.35395716445497594
59331,1.3405222402383676
59332,0.631300905194955
59333,1.145681137421847
59334,1.5918402838920482
59335,0.3008035747039201
59336,3.260476998883614
59337,0.24107883550218037
59338,0.3477365168353942
59339,0.6023039151622374
59340,0.9791484466885167
59341,0.9111951011160154
59342,8.189075009611951
59343,2.082967224172509
59344,1.250776287053023
59345,0.33121176215348735
59346,0.48611686293826384
59347,0.4041719389074337
59348,1.011953193286426
59349,3.0906570406581104
59350,0.20665283687745076
59351,0.17276847113305632
59352,2.106414231508436
59353,0.9934826144563182
59354,0.4973229136132311
59355,1.322405166338375
59356,0.06069379640651879
59357,0.2645785336695942
59358,1.72225346234094
59359,0.33613782679862747
59360,0.3595585261917667
59361,1.6632759536255572
59362,0.5347055836181956
59363,1.3247318884055816
59364,0.19689279285627923
59365,1.386985263232852
59366,0.08548310353876357
59367,1.179404917535806
59368,0.9628381743998993
59369,0.7777273938182425
59370,0.7635568169775836
59371,0.12235784306014902
59372,0.7005604142983606
59373,1.3224458232690233
59374,0.22345215893438963
59375,0.577619128652603
59376,0.5048029716898924
59377,0.5160248044459491
59378,1.0733669959372663
59379,0.09014924602094258
59380,0.17780221872198462
59381,0.6099498427267862
59382,8.120624353531644
59383,0.5031361284326267
59384,0.4863127907058145
59385,0.5249038475251289
59386,0.6690579642196206
59387,1.7947787032966802
59388,0.4715507812105302
59389,0.08662867054979173
59390,0.604301656945607
59391,0.22131173573263493
59392,0.5823800668390497
59393,2.031763032807391
59394,0.024536892170154454
59395,0.9593687678045394
59396,0.16391456121511686
59397,2.502034848528948
59398,15.230334992361827
59399,0.748446662882134
59400,3.0029355947012655
59401,0.4270443428348858
59402,3.097611681598977
59403,0.8105679631348763
59404,0.27932102683680154
59405,0.3123770601177333
59406,2.649104723419523
59407,1.9139247194731739
59408,0.2756605558530267
59409,1.5025157521125432
59410,1.4555834034552713
59411,0.07861322242256741
59412,1.0776137786670956
59413,5.594677582874277
59414,0.7882517444146692
59415,0.1719435392529599
59416,1.2013983587219783
59417,0.6940753335146314
59418,4.787193812166026
59419,1.7664316758711418
59420,0.08609715879400573
59421,1.9569284798911695
59422,1.1211811208349358
59423,0.2939001649954633
59424,0.254304272017125
59425,0.3781101105376967
59426,2.8261716854696726
59427,0.5972595557000906
59428,5.2549072338996154
59429,1.2903076034661578
59430,0.05235934002358129
59431,0.2195379881646986
59432,0.11391306285924566
59433,1.9036410433614406
59434,0.67455055805303
59435,0.30191394532278354
59436,0.29778418111920973
59437,0.17271252089271685
59438,0.3060360330956637
59439,0.6523441262559768
59440,0.6327583967650764
59441,1.108720323581573
59442,2.877244175842104
59443,0.764492791886056
59444,0.10063363012136611
59445,1.061672716248396
59446,0.29834009285064333
59447,1.49549231004222
59448,0.03377033066278911
59449,1.2036835972928142
59450,0.12921358619196596
59451,0.817012013369434
59452,0.9776748635341033
59453,1.138177932228198
59454,1.4345440467420194
59455,1.2573533086631712
59456,1.471511347378542
59457,3.0986353859689686
59458,1.3499695510883543
59459,0.34090385824315306
59460,1.5653042423810963
59461,0.24957358311566752
59462,2.695133931143286
59463,1.17159482256249
59464,0.10254250992566548
59465,5.87902518149258
59466,0.23242422590599665
59467,0.9009650181482092
59468,0.3568169055610816
59469,1.0210210344228206
59470,1.0554331815674307
59471,0.21399580423446657
59472,0.2173315815565059
59473,3.2629645775897647
59474,1.0458233114225919
59475,0.5997004546067862
59476,1.2138215303536923
59477,2.1266182017328026
59478,2.383844175550402
59479,1.514541946128556
59480,1.9685986678756493
59481,0.19803236148838332
59482,1.670832190495632
59483,0.8015720786145323
59484,1.2051734150342117
59485,1.8288469100234626
59486,1.0967982974258685
59487,0.4905006973875593
59488,0.2637963456618997
59489,0.08936234077489148
59490,0.25951943751417467
59491,1.0784779206118227
59492,0.3778985821676517
59493,4.049066413482851
59494,0.09770878996477243
59495,1.4642404683017354
59496,1.6796623657365886
59497,1.0603638330138196
59498,1.4707048544772878
59499,0.6652148832677308
59500,0.38928685075002
59501,1.9939907820029383
59502,0.2667961092485058
59503,2.378747789609506
59504,0.07379815386529422
59505,0.48910420525102166
59506,0.2909692668666699
59507,0.02674221870141165
59508,0.240674764188512
59509,0.16849568064692755
59510,0.45538952113899983
59511,1.1788373251987254
59512,0.6949546115111935
59513,2.672875698446249
59514,0.8456865928236299
59515,0.08093609007569372
59516,0.45746273770852297
59517,0.3815037146173794
59518,0.5666397090175984
59519,0.6155951760123421
59520,2.6058786095473168
59521,1.3026272976376159
59522,1.5253244702196649
59523,0.09852989472883561
59524,5.7072007035544985
59525,0.5813089297189126
59526,0.6002579931309826
59527,0.2053453335034271
59528,0.7320287189662288
59529,0.580501874247827
59530,0.7421256105888016
59531,0.18966675317230758
59532,0.43764792237909994
59533,0.12999053733930105
59534,0.253853617608477
59535,0.5526020838888799
59536,1.0301421977256118
59537,1.4908543735129505
59538,3.43864509705686
59539,0.1532953312031787
59540,0.5828331300158082
59541,1.0341427557638208
59542,0.13265286519584266
59543,1.369213438405946
59544,1.75425289907946
59545,1.8447537124929863
59546,0.21205493802223874
59547,0.6519294803244404
59548,2.706765749850928
59549,0.6191499051784192
59550,0.4354496670526243
59551,1.8107459852613053
59552,0.03504945719989566
59553,0.051836528748590155
59554,1.43681778795239
59555,2.1764271574519745
59556,1.3118485647047136
59557,0.38941624909419875
59558,0.18697328750633435
59559,0.9011943107290151
59560,0.21032770047679436
59561,3.6501808579503976
59562,0.24782343547931518
59563,3.6557002728845918
59564,1.5014807676976967
59565,3.6003471539201
59566,16.03124579093496
59567,1.8513957015642917
59568,3.8330576667765444
59569,0.5648634947452169
59570,0.0345626730012835
59571,0.7287028933210641
59572,0.3269745407419189
59573,0.3645395265105954
59574,3.582528203292891
59575,0.6112209953825658
59576,0.647503852681613
59577,0.20463396238025858
59578,0.08680962333615803
59579,0.12552833040006564
59580,1.514442801408542
59581,0.2894836062127096
59582,2.155381582562873
59583,0.4443807150651088
59584,1.7761867664879805
59585,1.1392868455735896
59586,0.35092725001681563
59587,0.16039081243483183
59588,2.065083978666195
59589,0.8753777819816704
59590,0.10964096967593684
59591,0.25224228047057773
59592,0.8178750845557351
59593,0.4773937069168881
59594,2.1757590711473798
59595,0.2682133219527065
59596,2.5965168012913655
59597,2.187472013612723
59598,0.21824932594388405
59599,0.9003425406354999
59600,0.8002750277321099
59601,0.06730317926180622
59602,0.39359517699543445
59603,0.6575909788979838
59604,0.1747952649306319
59605,2.4417777554701754
59606,0.7246675039191066
59607,0.3513493853989633
59608,2.158901620200145
59609,0.2583692620919496
59610,0.5212654794953983
59611,0.4612654299244585
59612,0.9985716138124239
59613,0.12602875657420767
59614,1.0140305303023522
59615,5.979315775124006
59616,3.7145056292604473
59617,0.07101614247369592
59618,0.3902453179053937
59619,1.0972518792945338
59620,1.0419803428070082
59621,0.8681198859731514
59622,1.435141123700684
59623,5.033191552352475
59624,8.52852181669709
59625,3.5785193057030207
59626,0.5671297396440461
59627,0.2205065914322464
59628,0.09254189112192931
59629,0.08108926361986293
59630,3.662291217791898
59631,0.1353062348651984
59632,1.3294907710930364
59633,1.5388595125314937
59634,5.2511662579739085
59635,0.9686754082221148
59636,0.9035438952752566
59637,0.14691440033995418
59638,0.7870312108651947
59639,1.199918775575708
59640,0.21434340143043787
59641,1.5682617631206164
59642,0.0855997667747201
59643,0.6070923528068133
59644,0.634010975698464
59645,0.6876515046875684
59646,0.914795042922509
59647,2.070219647982444
59648,2.7542995376029067
59649,5.452050624403614
59650,0.07366169133797783
59651,1.7739276547556972
59652,0.14339434492191988
59653,1.2137949204214162
59654,1.3090088706176866
59655,2.2904833632228416
59656,0.7246974717957273
59657,1.6753159417673946
59658,0.8741064076511108
59659,0.13743851457470704
59660,0.5348418670777824
59661,0.6593935451161296
59662,0.1465366773594306
59663,1.4862654249299578
59664,1.2452185510115992
59665,2.013647955096549
59666,0.15354052737325846
59667,0.12526159123384814
59668,0.5976849318483439
59669,0.13650429590411348
59670,0.09561273562401977
59671,0.21263613321975985
59672,0.26686753615625025
59673,0.9802140870716616
59674,0.20231427351619047
59675,2.0435909693416345
59676,0.5771052475915132
59677,1.293971945113609
59678,0.10805751458211861
59679,1.1171117908738726
59680,0.15810387641729493
59681,0.40714039333725327
59682,2.5209337249371275
59683,2.8659120493505954
59684,0.1045263619883355
59685,0.15241914219224018
59686,0.4524509242413644
59687,0.4212705442615852
59688,0.3137947316236658
59689,0.15813542956087123
59690,0.5327973532381504
59691,1.1984091973810687
59692,0.3141513899595893
59693,0.9840359626518455
59694,0.21725147160331895
59695,5.023531724073509
59696,0.12997355414472095
59697,1.1268586354754113
59698,1.0406797964231984
59699,0.6344001213407741
59700,0.6490286703413642
59701,0.04594734092382137
59702,0.14676747353457997
59703,0.1058290978929268
59704,0.1161979111221679
59705,0.12696947822591753
59706,0.1501424536464642
59707,0.7355640441419988
59708,2.636205069233444
59709,1.1591297109519896
59710,0.07172474009599637
59711,0.32971808138129927
59712,0.15332772975194886
59713,1.8602228379359185
59714,2.2214687169736753
59715,0.11675011925811958
59716,0.2356431165368201
59717,1.4928273522195568
59718,2.0579436194929595
59719,0.10067085163795116
59720,1.4121958286335725
59721,0.602928664717244
59722,0.8061724919512536
59723,0.5424672527302324
59724,0.23639170282254082
59725,0.4718029430588877
59726,2.0946853339560207
59727,0.31714967268174393
59728,0.12172324617711444
59729,1.7531332300682194
59730,0.5430392259853385
59731,1.423334464423596
59732,0.04754222242435859
59733,0.3842481180222598
59734,0.29617402350110145
59735,0.4296420138802512
59736,1.8429204584630192
59737,0.24940395291869194
59738,0.9634442601808679
59739,0.3266449479800243
59740,0.201498559358036
59741,0.9116744370964048
59742,0.9675636739619831
59743,1.0002758053212681
59744,1.7255759509689548
59745,1.224080889158208
59746,0.4435762129129774
59747,0.6633264759426474
59748,0.1891408562404507
59749,1.5007356502687645
59750,3.184999361337678
59751,0.1988149107499271
59752,0.5952443380240573
59753,0.4443702752208273
59754,0.10101723280640018
59755,0.8293454093795612
59756,0.20347395072150112
59757,1.1614420356697268
59758,0.4334366338657959
59759,1.2107185366927966
59760,0.5311634752688772
59761,0.9887118418027226
59762,1.1428776959810847
59763,1.0428971544144108
59764,0.6331112921925763
59765,0.3228746470938721
59766,4.376014149236072
59767,1.6156564172931487
59768,0.8495933563716511
59769,0.6472307753048048
59770,1.2751874297288317
59771,0.2688724574345168
59772,0.16948145134128367
59773,2.0927043882178316
59774,0.8269235547956085
59775,0.5585356617309059
59776,1.2366174646221775
59777,0.7732137990553394
59778,1.2263054263908058
59779,1.9640545973372217
59780,0.7670559103376515
59781,0.11927235968424067
59782,0.3335249818362272
59783,0.330553269811116
59784,0.3840607043313708
59785,0.034004871722594615
59786,2.0002841448025865
59787,0.6269901618552721
59788,0.20887037937437963
59789,0.7159323070729307
59790,0.6632845413171795
59791,1.356426429332643
59792,0.5921872678612263
59793,0.7365503932551597
59794,3.194947800986402
59795,0.8771644959646941
59796,2.2068898768408016
59797,3.5824506682034496
59798,0.2838643788045953
59799,0.303036875804072
59800,0.07507937177183631
59801,2.34641623600209
59802,0.08796750978117351
59803,6.310085557833262
59804,0.3064657636037043
59805,0.5915859558027576
59806,2.1564947117777864
59807,0.9152927196795716
59808,0.9949502264027614
59809,0.035840228404011
59810,0.11479014748274938
59811,0.3431242576743214
59812,0.5239486781514592
59813,0.7802057879988148
59814,0.14980501896451204
59815,0.2784191689837674
59816,0.3210828745869734
59817,0.061542927144367404
59818,2.568016371257424
59819,0.3839850105887852
59820,0.4618712032896238
59821,0.24543678851989117
59822,1.5213354028300363
59823,2.3911507690745095
59824,0.6345700585733984
59825,0.35987779544198034
59826,0.5236934671358222
59827,1.0556493600240735
59828,0.9910797616498719
59829,0.5705203927124565
59830,2.4425368135233487
59831,1.7739297698645915
59832,5.3526741198274985
59833,0.4639809869761079
59834,0.1725209751673828
59835,1.2397286571867787
59836,0.8162783717240932
59837,2.695519909143644
59838,1.4483406852380667
59839,1.003328802693389
59840,1.280214079277869
59841,0.24199575586281316
59842,0.6167542175717604
59843,0.5389289815799214
59844,0.19620036979048838
59845,0.29918872956881204
59846,0.2789191668266568
59847,0.3077564659223016
59848,0.18858306953673312
59849,0.8171173859364761
59850,1.1899809806997783
59851,3.3163857232516833
59852,3.0711291808783057
59853,0.36282096816804726
59854,1.7458979328947362
59855,2.2004255897017173
59856,0.10575040731274955
59857,0.2957320863380826
59858,0.34639487049307677
59859,1.075008378548454
59860,0.4325567645050567
59861,0.28617876751150695
59862,0.8678436042650922
59863,1.5628991059287176
59864,2.4212287608623737
59865,2.363385309500615
59866,1.3477769205807997
59867,0.19078787257709925
59868,0.7185884020727364
59869,0.8048139939657735
59870,0.6310535139548146
59871,1.3246286437556956
59872,2.0394845868325144
59873,0.9265797134159032
59874,1.6250767256345544
59875,0.6830441929392945
59876,0.19463652162761982
59877,0.3011700909508158
59878,0.1130915805671047
59879,5.5689792450751385
59880,0.6243684982264066
59881,2.5831348675894903
59882,0.6449766610332848
59883,0.30658285141364033
59884,0.1425916492351666
59885,0.017109079444988393
59886,4.392478538372761
59887,0.3447738205530045
59888,2.066824626566886
59889,1.0106551404910868
59890,0.9518275368731013
59891,1.7190703249491275
59892,1.9940284672322404
59893,0.23566670051711486
59894,5.554382327927119
59895,4.991414697441139
59896,0.7013343970727699
59897,0.0747156302166246
59898,0.5712755197018601
59899,1.0520792089712623
59900,1.062621986496292
59901,1.6048796609243168
59902,1.1164269385796255
59903,0.5463792279078168
59904,0.15580281477310196
59905,0.13977625582208494
59906,6.161572938805947
59907,1.3229853980336121
59908,0.5872701432866282
59909,2.875592706077232
59910,1.3529257705634448
59911,1.0113776734112114
59912,0.0894860699170602
59913,0.5586177503736462
59914,0.5490755906984518
59915,3.0078638787272967
59916,1.5930031477699882
59917,0.23864192589926
59918,5.274411522250264
59919,0.36658186527281633
59920,0.9273854201900837
59921,0.1536934811374618
59922,0.43066539341418186
59923,0.9196883971676281
59924,1.5627565810801958
59925,0.14003121353411319
59926,2.1397437162541593
59927,0.9379932173113439
59928,0.8346550467010517
59929,1.5637710079002636
59930,0.8702649381821956
59931,0.24862948999314344
59932,1.030197529763743
59933,2.5626974053419316
59934,0.20786458449594614
59935,3.1571770336966707
59936,0.2782146872580308
59937,0.9175404620043967
59938,1.7805206904945767
59939,0.40951461934332056
59940,1.3137269064067236
59941,2.587277028039456
59942,1.0411746189008904
59943,1.719145876652298
59944,0.08268709333058845
59945,0.8607507760915935
59946,0.37742310119980055
59947,1.1162883900039349
59948,1.255745592585901
59949,1.0132957497575816
59950,1.9739801783708566
59951,0.23380596259205005
59952,1.1452459261375219
59953,0.24855829612445118
59954,0.12430680546570216
59955,0.7808376587468846
59956,1.3079163946798256
59957,0.10871727028963828
59958,0.7613302271392836
59959,0.41613540964527457
59960,0.32946609224869344
59961,0.7818206991388998
59962,1.6341065470817642
59963,2.8169134120805426
59964,1.785070167977823
59965,0.5604751897340062
59966,1.0253266891668738
59967,0.17231530838976772
59968,0.46877464502668864
59969,0.17451448117780313
59970,2.7963235340260715
59971,0.08310868708317846
59972,1.1529382783829443
59973,1.327694307309855
59974,0.30887083545970906
59975,0.19395938706791455
59976,1.2910463997987771
59977,1.5504010978956146
59978,0.49303573002088263
59979,0.4110896546797397
59980,0.4132826435180515
59981,2.7539381951720405
59982,0.5384688482539164
59983,5.50337621036429
59984,1.0691001799978388
59985,0.3490594925739347
59986,0.0853422619505304
59987,3.399847962080895
59988,2.149060052489614
59989,0.02558935825742578
59990,0.1769259202669092
59991,0.891353722303743
59992,1.312430683006273
59993,0.7361973713055708
59994,0.10216258966500258
59995,0.25636467867063567
59996,2.041811897633055
59997,1.426854530058262
59998,0.6621680802231334
59999,2.558062579299351
60000,0.4718408923770288
60001,2.30940354444422
60002,0.6048771953764954
60003,0.6309649678841281
60004,2.9146250174450072
60005,0.3110099359438008
60006,0.5406736707205816
60007,2.163363521624491
60008,1.7243432179326528
60009,1.2798641044926966
60010,1.0349403512073359
60011,1.7544623383045288
60012,0.02431167034218612
60013,2.264565758744807
60014,0.42339699825345356
60015,2.090271455383351
60016,4.491519547077303
60017,1.5198608954329351
60018,0.5992928995615701
60019,3.301017651928444
60020,3.245162767308907
60021,1.238656327492162
60022,5.5888429969341376
60023,0.07585472212194415
60024,1.1199187387850755
60025,1.101751481361102
60026,6.7572422177966045
60027,0.05384822414906753
60028,0.9357433247631437
60029,2.9927643334996326
60030,0.6705109159536958
60031,0.5250932927259709
60032,1.065869110041769
60033,1.1780979442496322
60034,0.6391309971254122
60035,0.13123003584677823
60036,0.07087615233225938
60037,1.147152061964655
60038,0.5833185065986042
60039,0.6556861686135754
60040,0.6080441107319253
60041,0.4538690514163122
60042,2.151530453190926
60043,0.3218479180159623
60044,0.36147600569789984
60045,0.4156788943164068
60046,2.423478738740953
60047,0.11957231515382583
60048,0.7028333387588066
60049,0.16606753785127826
60050,0.19592155993078544
60051,0.36686248744715955
60052,0.30764399743202475
60053,0.233974432996939
60054,0.9642487128066953
60055,0.11095989809108409
60056,0.786414188722443
60057,0.29668743885820864
60058,0.8831592117700429
60059,0.1591754937670347
60060,1.2655571976163729
60061,0.4186911006450049
60062,1.5210204986749467
60063,0.6070234952833915
60064,1.7622102048039363
60065,0.6080482943594997
60066,0.5405440660676882
60067,1.418288260075382
60068,2.1756117694270296
60069,0.09611654327339413
60070,0.40747849148255383
60071,0.198358275854866
60072,0.2468070935588732
60073,4.00482224887985
60074,0.9114172821015056
60075,0.2730378876654962
60076,0.3687541152502814
60077,0.7169848354227903
60078,0.07128648163821068
60079,0.11646571133666914
60080,3.4083215895465147
60081,0.9708609849480327
60082,0.08848363131672551
60083,1.9333893214774598
60084,0.0768462876057843
60085,0.7640060615548533
60086,0.23189593032936623
60087,0.1685849804471252
60088,0.779581498816083
60089,0.4358135265172237
60090,0.1521508071844552
60091,0.4827852337905159
60092,1.1497695707354907
60093,0.1570248620087273
60094,1.5563393070159712
60095,1.311291759992255
60096,0.1590715254402682
60097,0.12046224265716216
60098,2.974540325638158
60099,1.4404677667910029
60100,0.7010771157174602
60101,3.714716382833619
60102,1.355036563596122
60103,0.32993087012815137
60104,1.0451548693269836
60105,1.016729788966208
60106,0.18892013955820292
60107,1.263811216781585
60108,1.3335990554199053
60109,3.4240058072048307
60110,3.5351956720880957
60111,3.040036087270149
60112,2.48237303507939
60113,1.0523986705306216
60114,0.10600713258312269
60115,1.1316799433844282
60116,0.6541225763077526
60117,1.9688552874045366
60118,0.3992231303836142
60119,1.9476742530355489
60120,0.3569542653703628
60121,0.17798422056131347
60122,4.77543618421487
60123,3.4689985256877764
60124,0.11248914330928288
60125,1.542489639209081
60126,1.7851659951300982
60127,6.7450978444135945
60128,0.12608656388427994
60129,0.45406519884817714
60130,0.6638543842566103
60131,1.7496459456324653
60132,0.5677508662117232
60133,1.392095448407285
60134,3.1376698691877887
60135,0.5156117812697919
60136,2.3334792531757222
60137,0.03847827767656643
60138,1.4308389715882681
60139,0.9172595935269169
60140,0.28276027937074544
60141,1.1847236711815112
60142,2.3344629157257746
60143,0.7404526093354925
60144,0.5561089736540925
60145,1.3087751634288303
60146,0.5284650367582961
60147,0.8630296381583655
60148,0.1436036442949206
60149,0.7281304621564132
60150,0.34051207501932157
60151,0.7057560946220998
60152,7.299125262795777
60153,23130.336920954353
60154,0.29596393748854855
60155,0.41947485513241367
60156,1.2193872283405447
60157,16.716583003654478
60158,1.441688026091276
60159,0.7556492060817328
60160,0.8442069540956341
60161,0.8104420853665728
60162,3.0712594920027527
60163,3.640165183721793
60164,1.9486775665566807
60165,0.10401067325056769
60166,0.45022806682858707
60167,1.347130183962152
60168,1.407918010205361
60169,0.24571412054768144
60170,0.8844348410171178
60171,0.8152641825347464
60172,0.1960064389543337
60173,0.051771769946846145
60174,1.718392125374147
60175,1.8591774940044832
60176,0.15627272289386207
60177,2.827342496051451
60178,2.4162238170692945
60179,0.34353443668135786
60180,0.38964843698352747
60181,0.38368932737057665
60182,0.13720529658627284
60183,0.9021025119099023
60184,2.5192829977693405
60185,5.106697505146169
60186,1.3894164480734084
60187,0.4524050289447801
60188,0.3755945509971352
60189,2.1420440032325807
60190,1.3213821775564278
60191,0.19834765567568446
60192,1.0236663067184435
60193,0.18309064540436845
60194,0.4773904843167499
60195,0.6744297598147493
60196,2.0108764367351895
60197,0.9113230348656768
60198,1.7610935119675575
60199,3.9962117220389084
60200,1.9407095853766636
60201,0.6957636106599653
60202,0.9622399432267454
60203,0.9920703562303992
60204,1.3666970024719916
60205,0.3358644999806516
60206,0.72306750983153
60207,0.3186419681246855
60208,0.794650336657105
60209,0.8397740754594442
60210,0.28532562812445283
60211,1.2499635897437682
60212,0.24473426126003267
60213,5.493097214145187
60214,0.37236961486728914
60215,7.791086710256087
60216,0.9674871367293152
60217,0.19883043289686275
60218,1.2787295762769
60219,0.5720757190524195
60220,1.361785279414181
60221,0.990283487745584
60222,0.21678370670048588
60223,0.5961894406569094
60224,3.85403480770574
60225,0.6001043424077096
60226,0.7405251662928507
60227,5.562969962609937
60228,2.1324241982822776
60229,0.2231020525654552
60230,0.5337624403773392
60231,2.4446461946677687
60232,0.8787761924678683
60233,0.4754042962572428
60234,0.11590125550909718
60235,1.2685867953363208
60236,1.45866928844718
60237,0.25683165658833845
60238,0.1952922063183215
60239,0.46939129942100005
60240,1.4327867975406474
60241,0.11917894801284962
60242,0.524146618213443
60243,0.2049097343974569
60244,1.5546329405289554
60245,1.436017034647103
60246,0.027584889423538102
60247,0.7842207828910434
60248,0.48256295255030496
60249,0.3379902367115231
60250,1.0705551060768033
60251,0.11448124229572708
60252,0.698609221261236
60253,0.6738400122638152
60254,0.0934378951593186
60255,0.36194981558713507
60256,1.1730229432826829
60257,0.9001327092735479
60258,0.4269557153421777
60259,0.2068276023798782
60260,0.2943594875803398
60261,0.3364571751446572
60262,3.7397051072686045
60263,0.93661964010048
60264,0.7302606720310145
60265,1.8465361095270212
60266,0.932887740826245
60267,0.7606707994666281
60268,0.07261514529628255
60269,2.6872589609326716
60270,1.5082101396777874
60271,6.0741792944338835
60272,1.7556149511318129
60273,0.36294800724486753
60274,0.551499119133632
60275,0.17976619175880248
60276,0.253101023158929
60277,1.369409187849185
60278,3.2938000355680157
60279,0.587103200979791
60280,0.5001885166876961
60281,19.10337790468105
60282,0.19771999098632542
60283,0.7645601928707668
60284,0.21526887684395868
60285,3.7263064791918366
60286,3.585224850914621
60287,0.5686081144214153
60288,2.2214749207950315
60289,2.693108506174807
60290,2.5484452163672575
60291,0.2999354018119551
60292,1.5710566502261845
60293,4.6275350309578345
60294,0.6329482986029479
60295,2.348759874529319
60296,6.715909228132004
60297,0.06731831267406672
60298,0.2778268052169414
60299,1.0379526899935891
60300,0.13619222169906414
60301,1.9801371674206876
60302,0.44663529555269565
60303,0.2467770423842527
60304,0.3967372226542957
60305,1.5621066682632696
60306,0.74838930258642
60307,0.12760688604600556
60308,0.624030802646812
60309,0.40719060853568534
60310,1.9149689759609099
60311,1.3973356368808698
60312,0.2679699626659942
60313,0.1817168351053218
60314,0.1683934231448207
60315,0.6121552182604463
60316,0.17810069599655368
60317,4.024344840152714
60318,0.33904273890281816
60319,0.23164466785921758
60320,0.3668070009372921
60321,0.2423563652764244
60322,0.06978106637487437
60323,4.622904268544402
60324,0.5451575520683959
60325,3.603942016322983
60326,2.192356879090548
60327,1.3497283508354274
60328,1.2183386841236254
60329,2.112172087037642
60330,1.0148508827286067
60331,1.0447615274662905
60332,1.2467292721506014
60333,0.7935732090939562
60334,0.33816337360309756
60335,0.31346814342422863
60336,0.5980097776105887
60337,1.4415291987684136
60338,0.6947702020807794
60339,1.1300423814411054
60340,0.3158408019212918
60341,0.6323623781006136
60342,1.991141996371018
60343,0.20931146060405906
60344,1.2797330062398784
60345,2.2068612059347235
60346,1.4306268144312364
60347,0.1680772409875409
60348,0.6526883577924086
60349,1.7337341675095386
60350,4.478204066392751
60351,0.24705504375050863
60352,0.5185198740086695
60353,1.7496291649687492
60354,5.0979751680781655
60355,8.262197232506406
60356,0.08379086539861581
60357,1.1102013549520084
60358,0.18770824381994455
60359,0.8564625416918547
60360,1.0677609955296348
60361,0.6515293709963227
60362,0.49866774792287755
60363,0.7770696967805664
60364,0.8871252495383877
60365,0.4810995708517233
60366,2.0533659764789114
60367,0.5364119489531782
60368,0.23895745972362015
60369,1.02818576030398
60370,0.33036606440925564
60371,0.35004956585506825
60372,2.2905691927749556
60373,1.1265760622334844
60374,0.11117839793409318
60375,0.4236948957821211
60376,1.05845103498861
60377,0.13024449602725058
60378,0.6675615347767538
60379,0.05260764805329292
60380,1.4649766626743115
60381,0.25803016744321905
60382,1.0474712633444563
60383,0.3662951013146273
60384,3.0319527032727382
60385,3.6750015515954715
60386,0.2871640008041553
60387,1.3700349502132358
60388,0.06199769636474139
60389,0.10591348450198419
60390,1.4011254718840354
60391,0.6091067685294377
60392,2.0083900526131986
60393,0.19682062123031469
60394,0.6677106635888832
60395,0.10568667520155549
60396,2.1653225016206186
60397,1.2621171147061283
60398,1.105269806228816
60399,1.645416531028772
60400,15.204870953750984
60401,0.20356908747711014
60402,0.5526339294176578
60403,0.49116980093485985
60404,1.861658152163783
60405,0.4422126703940939
60406,0.41789902024677344
60407,0.6760812540709216
60408,0.4309426745749309
60409,0.2751518987986607
60410,0.30592494718991514
60411,3.663663207788683
60412,0.5104240671418824
60413,0.8671334481277473
60414,0.8600819931642352
60415,0.8939310385659417
60416,1.3962722735020652
60417,0.3500918805179311
60418,0.1466546558601042
60419,3.683293568220528
60420,0.5883462999137958
60421,2.593752365520345
60422,0.511982865620255
60423,0.9333968829162292
60424,0.35167628406657736
60425,0.5315083553620878
60426,2.361843438431788
60427,2.9631009839966644
60428,1.7009987107606186
60429,1.7769637409540644
60430,0.5590238499483122
60431,1.0661699550538504
60432,0.7612129019462311
60433,2.606291171692761
60434,1.468464891691815
60435,1.1172719734762053
60436,0.2645341044396044
60437,0.555473079245367
60438,0.832030217266052
60439,1.1100675780043403
60440,0.11396212092415983
60441,0.725145713084004
60442,7.078507269721005
60443,1.7218096529382663
60444,0.25734416568560875
60445,0.6948344414561561
60446,0.34615074189514433
60447,4.9535228628031085
60448,0.710859286271426
60449,0.22673484998630755
60450,1.02520055610275
60451,0.6713119324780458
60452,0.8322681775655884
60453,2.948467537130954
60454,3.4766894246464863
60455,0.5966172618016629
60456,0.747308857323778
60457,0.26942204688220145
60458,0.271051177566228
60459,0.08397722043717322
60460,0.3420333868915845
60461,1.5325012737453347
60462,0.16001645686624213
60463,2.746454063691592
60464,1.8370485481461698
60465,0.11953566882654054
60466,0.8887038957482851
60467,0.2020171493846194
60468,1.7954326027910135
60469,12.076051352942615
60470,0.7059068665578382
60471,1.1303849392759393
60472,0.9256435734233803
60473,0.1466899834257367
60474,1.7013117570347676
60475,0.9908282727353809
60476,1.135900679633423
60477,0.8323069948045131
60478,1.3608090042471293
60479,0.3157153248016751
60480,0.7735324372065472
60481,0.1275688385401035
60482,0.6166261823301344
60483,3.3531920184996453
60484,0.8218444071074217
60485,2.0195444634193076
60486,2.473941489330486
60487,0.22771528028166083
60488,0.8793766664107359
60489,0.7948101639793315
60490,0.15197076174011734
60491,1.8134829565839197
60492,0.5334247885705221
60493,0.3059034675988501
60494,0.4640691813747821
60495,0.779127387009514
60496,0.5569720222153712
60497,1.7139989947252658
60498,0.23752521270928767
60499,4.272165693676041
60500,0.1281728370840173
60501,2.551671542092649
60502,0.5612926678728671
60503,0.42787667692242903
60504,0.12865758949912012
60505,0.25693175059484497
60506,1.2054700330871553
60507,0.7012577014189489
60508,1.0776705119305947
60509,1.8210111540238734
60510,0.5661120789830842
60511,0.21643165329535485
60512,5.152507648277655
60513,0.7626785288899425
60514,0.34171752514335446
60515,2.5148838304726744
60516,0.268100407914408
60517,2.165947569682467
60518,2.2160079460244204
60519,5.98574089449558
60520,0.9540168397440136
60521,0.4002785412601557
60522,0.8071787849757551
60523,0.6041507442547114
60524,1.433803530287051
60525,0.8881513310152672
60526,0.1118733473268036
60527,2.0003875895091663
60528,2.0021194489475427
60529,0.09928679473726043
60530,0.07554938055872373
60531,0.7216614404672004
60532,0.671138855665282
60533,0.7773216400063655
60534,3.37608625407729
60535,3.897003680721224
60536,1.0335223191230185
60537,0.3985667018325962
60538,0.6728444665420922
60539,1.0318903335773446
60540,0.4458058001838394
60541,0.09885530157540723
60542,3.693999876556874
60543,3.120920213529909
60544,5.106792109668673
60545,0.41612783641110757
60546,0.7759538115525312
60547,0.19791878643871164
60548,0.21047137079207073
60549,0.5877517310979906
60550,0.15735866979662474
60551,0.2638303042405329
60552,1.4553215289321004
60553,1.2312598467341214
60554,2.7746128465090765
60555,0.6197818443026619
60556,0.7071810624160579
60557,3.668784617773457
60558,0.8516982201069111
60559,1.0366896617412726
60560,1.1956694919299091
60561,1.0641405946605949
60562,5.400063895475669
60563,0.12113321801650867
60564,0.5361911708511155
60565,1.118200468704544
60566,0.6099168046240714
60567,0.16258601606362783
60568,2.1945949494525046
60569,0.6637900026796292
60570,0.5463023141792845
60571,0.6283612423103647
60572,0.8629984765346141
60573,0.3279477301116795
60574,0.18635506030473808
60575,3.4786051816877865
60576,0.6403093239589748
60577,0.32340644345846725
60578,0.4751056696118614
60579,1.7058391096316243
60580,4.69166968496209
60581,0.1319217812514641
60582,0.36936575503619395
60583,0.4486021322567279
60584,1.1343401816931953
60585,0.10742397854440804
60586,0.24501250341213476
60587,1.0853501745123875
60588,0.5692920939818433
60589,1.7256891261872787
60590,0.1423910540517953
60591,1.252975607059252
60592,0.3482691607044921
60593,1.2811864050081128
60594,0.5236630056085446
60595,0.33488206170135226
60596,0.39392114885251195
60597,6.5357033853485484
60598,0.7130472681029415
60599,1.0401770699602564
60600,3.6245462809148155
60601,0.4500022233040016
60602,0.7174871852705208
60603,0.3694038914650865
60604,5.936149738252981
60605,0.26827760183382554
60606,0.15582481850442342
60607,0.2583760458567633
60608,0.9488010413381702
60609,0.8089204964081986
60610,1.02125183840971
60611,0.47292269614175153
60612,1.2272838641095227
60613,0.41357435645550905
60614,2.825730261158286
60615,0.4612874054345437
60616,0.40651646581093276
60617,0.28142003939467686
60618,1.2022960135130438
60619,2.99294122745567
60620,1.5829483057412264
60621,0.13017515081571898
60622,0.27697099092222177
60623,1.1109620674172638
60624,0.0969688221075936
60625,0.224547381283602
60626,1.078737641647518
60627,0.7115563871519422
60628,1.9048621226547466
60629,1.035001319449864
60630,0.7973712325577452
60631,1.9441556288780923
60632,3.089963593386602
60633,1.7437668701051516
60634,0.056251286223839486
60635,0.09822095650397497
60636,2.007665745519116
60637,3.9971039976598797
60638,1.06459043944538
60639,0.11378195979677383
60640,0.1244842117567825
60641,7.520086422595882
60642,0.6290209826236279
60643,2.630530781596271
60644,0.7656332568078611
60645,2.438850789638458
60646,2.2638417428045647
60647,2.312438504642201
60648,0.9858399751980512
60649,0.18741468274052495
60650,3.442167168880977
60651,2.4215462393208167
60652,1.7538577241944284
60653,0.3626562951066531
60654,0.12677268607917633
60655,0.3074034801081626
60656,0.09391312282547391
60657,0.6952062549701085
60658,0.5410580946847806
60659,0.7668159989808205
60660,2.7529269048333416
60661,2.1460897767349216
60662,0.504163548519849
60663,0.2384168085944275
60664,0.817183661539715
60665,2.0147787048906918
60666,1.5810584964640653
60667,2.6567355302730684
60668,0.6009393247747258
60669,0.41319748015481716
60670,3.262283224835785
60671,1.986541833226656
60672,1.4680081591646152
60673,0.6473807213389373
60674,0.3615080444269061
60675,0.6886645275290454
60676,0.12371369080917599
60677,1.5422897105546438
60678,0.7825569695923598
60679,2.1435086346063454
60680,0.45086091720107035
60681,6.655307892859581
60682,0.14588427516663224
60683,0.575759534865316
60684,0.4161086901825313
60685,3.782691637608876
60686,0.7448064157295703
60687,0.04589439123290076
60688,0.2773259509078951
60689,0.035385663993235075
60690,1.2348067990429892
60691,1.0297151330306233
60692,3.3962866373871656
60693,1.1946529485881836
60694,2.827714078144437
60695,0.47487008896618615
60696,0.4974464459201039
60697,0.6108481606442993
60698,0.17509102202289864
60699,3.293910772156946
60700,0.8185600129460749
60701,0.8221704341068161
60702,0.20201226552991827
60703,0.8033820143551851
60704,0.3775201567308482
60705,0.5014998377446729
60706,1.001459404303351
60707,0.6317608321142195
60708,1.423235735966785
60709,2.1892188919642126
60710,0.6934353829527444
60711,2.9603101512199985
60712,14.119840571729597
60713,0.9509317877287337
60714,0.09803441678964508
60715,2.487687881435327
60716,0.8455642814609357
60717,5.266730695917513
60718,0.9641283778628029
60719,2.498722618883583
60720,1.125243901648901
60721,0.1391286654059474
60722,0.508481357290776
60723,0.6360915779943312
60724,0.4991152469076542
60725,1.4792366465821236
60726,0.34805431015715355
60727,0.33358778697221797
60728,0.8046782007554348
60729,0.15236546555555194
60730,1.1485873775805104
60731,0.7025590192854161
60732,4.507027019655608
60733,3.00148023040576
60734,0.8710989730492819
60735,0.8851762188577174
60736,0.40281998521707363
60737,1.1774988586751702
60738,0.8733194358938786
60739,3.7489098484184664
60740,1.0283041514561513
60741,0.7355241564232509
60742,1.5614384696718941
60743,0.3173150956372861
60744,0.0622988740766124
60745,1.4005156429625345
60746,0.4488312140928733
60747,0.2647972791309822
60748,0.08461288577877918
60749,0.2478792530644534
60750,7.714540983211303
60751,0.08322929951718977
60752,1.073346471167747
60753,0.7549381717974315
60754,0.20722484847429973
60755,0.6221973008314653
60756,4.271442226395376
60757,0.7932980292053785
60758,1.29955234732477
60759,0.409914808731587
60760,0.0980822139449859
60761,0.3102178967095892
60762,1.1283361414659046
60763,0.29287075635086784
60764,0.3418810303370128
60765,0.2874335103655613
60766,0.8086722842751205
60767,0.6528589546899399
60768,0.3734210498732997
60769,2.4827854517576147
60770,1.871521625156249
60771,2.4717940256762323
60772,0.15299632347071013
60773,0.27637450999534624
60774,6.756720418736384
60775,1.2514460614567717
60776,0.8047533627464061
60777,1.8044863494426566
60778,2.9318548859694453
60779,0.5075046830504996
60780,0.30004103620681805
60781,1.8816110497457987
60782,0.7048958512003614
60783,2.175191532579055
60784,0.31479145263212766
60785,4.858241392241398
60786,0.20748111368304095
60787,0.536985111223914
60788,0.13881754769128768
60789,0.6937164790557397
60790,0.4139848120522939
60791,0.6727041871727596
60792,1.0500603476713397
60793,0.15997643397526665
60794,0.1326745781754857
60795,1.215651095273367
60796,0.28180360537611554
60797,4.067659433524305
60798,0.5924808615975637
60799,2.142398916995333
60800,0.16811172176867442
60801,0.29819417141470816
60802,0.20061932190276396
60803,0.5387092241777293
60804,5.844811429788371
60805,2.9151420815353024
60806,0.9075214328785208
60807,1.281386633096465
60808,0.1464900991519385
60809,0.044157812672272215
60810,0.5849714323205937
60811,0.17132049613806177
60812,0.5848485772909421
60813,0.346586303592502
60814,1.9896329704889344
60815,1.40077452377311
60816,1.4178944745074515
60817,0.532094765420396
60818,0.15068606476545365
60819,10.379550133563354
60820,1.4572486445121997
60821,3.785350800244678
60822,3.7287854175998594
60823,0.27109248559296
60824,0.704409747357884
60825,4.575043647461967
60826,1.9022627665685172
60827,1.7537836956567647
60828,1.8280315781624679
60829,0.37336493451580394
60830,0.27481489015921007
60831,3.4193347506108434
60832,0.23150046864782572
60833,0.139596704812046
60834,0.13385389859858257
60835,1.0348334701797877
60836,0.9972015646787399
60837,0.4921108577074442
60838,0.09796657578992513
60839,0.08125153562661658
60840,0.32129916283207033
60841,0.185299401342536
60842,0.3433351608004001
60843,0.9631843637772115
60844,1.8930220089818828
60845,0.37260866716852986
60846,0.684685518212049
60847,0.5309113416748679
60848,0.37751104886556375
60849,0.8700573436626936
60850,0.9246921270651459
60851,0.6524667044125596
60852,0.3571961902469417
60853,0.04387238936428373
60854,2.951692944051802
60855,0.29416689955905356
60856,0.7350109311260549
60857,1.0386434350432776
60858,0.6932096342109085
60859,0.07139985910303684
60860,0.20675637764951027
60861,0.8576225467954834
60862,7.800905802018032
60863,1.1263165780375084
60864,0.13633178240217567
60865,1.0327406159274832
60866,0.11617264213799333
60867,0.18708637842224635
60868,0.7043127364314515
60869,1.0406518279861554
60870,0.19510428069766786
60871,0.09507449297362315
60872,0.5392542692271497
60873,0.14972389382598128
60874,0.061317852140448804
60875,1.6831021446959402
60876,0.629745155115331
60877,0.6293852483576067
60878,0.8058281527904424
60879,0.49374500738466776
60880,2.7828935149172387
60881,2.0067422880040735
60882,0.32309441916720694
60883,1.522550080234992
60884,3.0803044358429115
60885,1.5863013993345596
60886,1.077610785448233
60887,0.7800777228723199
60888,0.8109695588209552
60889,0.5240368029766425
60890,2.2051978849158944
60891,1.9688796121510337
60892,0.9578490611648065
60893,0.208302589350758
60894,0.4609472573747345
60895,0.56575751045816
60896,2.5473028025991526
60897,0.43946764732754784
60898,0.4913420391327937
60899,1.5146021238865877
60900,0.37792902139505136
60901,0.40827722666128363
60902,2.4061469582409405
60903,1.1403432706449292
60904,0.1535568822835157
60905,0.7026468469602583
60906,1.3326174150917305
60907,3.3298554537315943
60908,0.6163692467280335
60909,0.1788472648562972
60910,1.6849704516433892
60911,1.1653094367199817
60912,0.6980912728884414
60913,0.08230304680099748
60914,3.1337621392702286
60915,1.8333239327337885
60916,0.15739384756154817
60917,0.9385103828191672
60918,0.17709395948301168
60919,1.259731955844847
60920,0.3072067797739875
60921,0.9562900366279464
60922,1.3298147365658803
60923,1.5084194794276105
60924,0.5539657413578513
60925,4.945735853575107
60926,0.12734390287945155
60927,1.5102810794984574
60928,0.29905881931468625
60929,4.030985775166679
60930,0.2885546391053326
60931,0.19692128811235898
60932,0.5885651049498184
60933,0.3536323557784286
60934,1.2803192565577246
60935,0.12040735222512433
60936,1.1030322957968481
60937,0.8614935392436357
60938,5.849978105801023
60939,0.08541902917079898
60940,1.066560760180642
60941,0.13121945404830695
60942,0.4034361034150078
60943,0.7468183811301509
60944,0.28172198899463
60945,1.8834842564293488
60946,0.6592068002869867
60947,0.320661208946942
60948,0.566359374719547
60949,0.01945902544204277
60950,0.360071427646255
60951,1.4857489346823876
60952,3.454643438709194
60953,2.4257799298953873
60954,5.13479896197522
60955,2.5205525110095803
60956,3.4958034932501456
60957,0.31631658165248455
60958,0.7840869166958937
60959,1.1693580478947585
60960,1.0808027445987363
60961,0.609714257619745
60962,1.0945747649546496
60963,2.8389340670920418
60964,0.7157406654813434
60965,0.240647786839449
60966,3.391284036069296
60967,0.6837250230638996
60968,0.3003464371476193
60969,0.8609982280398205
60970,1.032457070404111
60971,0.9482969916301613
60972,0.06954640032401654
60973,0.12518448967718404
60974,1.03017742370268
60975,0.7738200837339293
60976,0.2937162619074472
60977,1.0930638092007106
60978,7.575180115521787
60979,0.3748976255018451
60980,0.01451705076545213
60981,1.826276035387502
60982,1.7528541630572996
60983,0.6947040959439335
60984,0.5248799112439748
60985,0.04341282232987907
60986,6.581115234466978
60987,0.24114841168050408
60988,0.7879724439950634
60989,0.4982960416552644
60990,0.1384486809424876
60991,2.646055421669527
60992,4.2590232847896585
60993,0.2831343748666673
60994,0.3607930070346964
60995,1.3649415294907914
60996,1.0794018543214814
60997,1.0885918729192996
60998,0.9223810592546695
60999,0.8568962803701514
61000,0.6392198255191003
61001,1.203149571415913
61002,0.3692032028593713
61003,2.1670587656976856
61004,2.5669030106520982
61005,0.7883402483489554
61006,0.22602678976734097
61007,0.8490754209786726
61008,0.784003255478602
61009,0.2504622670871716
61010,0.404487475443552
61011,3.3847541131102035
61012,0.6247912582626313
61013,0.7261819838949236
61014,0.24075249607998772
61015,0.23342336205368605
61016,1.5181334364052956
61017,5.679166179308705
61018,0.9170142489799935
61019,2.2591777600172134
61020,1.1184103291581566
61021,0.3389209472810036
61022,3.5901842031794335
61023,0.4372023761465395
61024,0.8195427551465556
61025,0.585272548114339
61026,1.4292441147620683
61027,0.3253169464948529
61028,0.4359160925747039
61029,0.6035524416460971
61030,0.6007035087422967
61031,0.6051108154416621
61032,0.32805156250890444
61033,0.3593539159146361
61034,0.6511157551151701
61035,1.149926322944407
61036,0.43502019807998304
61037,1.7803142101106564
61038,0.6205842018432476
61039,0.8154360162258726
61040,1.9122510734129696
61041,0.11541812110111435
61042,0.24587018126827898
61043,0.4241055529510324
61044,1.6083283269748012
61045,1.2212336127992796
61046,25.527369508625807
61047,0.23719276171347836
61048,0.39683267482181656
61049,0.6829586496705434
61050,0.3416313061013335
61051,6.984084064031593
61052,0.12527934062134494
61053,0.342933138959215
61054,3.0237612463458428
61055,0.6409923163026949
61056,1.388906039379345
61057,0.36330568073644914
61058,0.2664239565891853
61059,2.1758758741721205
61060,0.28462511245592714
61061,0.4620745682415681
61062,0.9379596990860757
61063,1.0383440873738896
61064,0.6264624978764288
61065,2.821319520589769
61066,0.06757603368758894
61067,0.9240164120706843
61068,0.3554051920248
61069,3.2787841220629046
61070,1.1721362106577422
61071,0.7475905534382503
61072,1.5301545507032486
61073,1.8387743313088087
61074,0.14317775161948507
61075,0.7646112218749852
61076,0.776125749552828
61077,0.8302519849591639
61078,0.8251396232582795
61079,1.3685106221915493
61080,0.9881264773358527
61081,0.09604786502079594
61082,1.5001590723645881
61083,1.557352332316902
61084,0.7724370250280214
61085,0.1753191675889123
61086,3.0607028472928084
61087,0.48952978685675297
61088,0.3410579636739725
61089,0.5143225330370391
61090,0.1810911987021703
61091,0.7129231254368523
61092,0.33783663264572494
61093,0.9779011963687863
61094,28.396536092860984
61095,0.44764485312073315
61096,0.961835149771298
61097,0.7558294987339892
61098,0.07389742429464444
61099,0.12899569933466998
61100,5.686505328902597
61101,1.4532386073250714
61102,1.0490040104822116
61103,0.2347413909161891
61104,0.18625279016948681
61105,4.459226259216978
61106,3.258703375254854
61107,0.09561987185483081
61108,1.1442159003012513
61109,0.13726238599845295
61110,0.26238523047324475
61111,1.396719775145002
61112,0.5592123463346357
61113,1.625204208751548
61114,1.198216872794648
61115,2.0156718962754936
61116,0.27731646970976387
61117,0.6660726522213847
61118,0.984387457209856
61119,2.906140016836127
61120,0.5424730085790526
61121,3.4172447761370583
61122,0.9119393934377784
61123,1.1693492308677047
61124,0.40530540853734404
61125,0.9750840423226094
61126,0.595443830709182
61127,0.5684529516036131
61128,0.9270653316231601
61129,1.4183384955400418
61130,0.26798664715278436
61131,4.557537595865213
61132,0.1618242663069969
61133,3.106590912139572
61134,0.37102602986059635
61135,0.13171956948207758
61136,1.7502780299861525
61137,0.1612976012561566
61138,0.2138563217055219
61139,2.65522334004791
61140,0.3014359604972204
61141,0.07160370794850755
61142,0.14047361085839313
61143,0.8821289634788558
61144,0.11407034356598608
61145,0.9495016614142886
61146,2.250244090462805
61147,5.901325672699751
61148,0.21812811931751006
61149,4.771946869493076
61150,1.0253606717209358
61151,0.6324428479479629
61152,1.4153554920022562
61153,0.9309706450012818
61154,0.12178435522354143
61155,0.04459968797912098
61156,0.3317119559979025
61157,1.9559823882413614
61158,0.41843372678242574
61159,0.4027168099617816
61160,0.405984790639747
61161,0.4492061864158233
61162,0.43174180188407035
61163,3.380084609892736
61164,0.2757707647276142
61165,0.14655951415587726
61166,0.8332065998989112
61167,1.053700076421568
61168,3.998688358936808
61169,0.39363810052671194
61170,0.39724121261692
61171,0.2593326320487735
61172,0.18070405760076286
61173,0.5035946183950013
61174,0.4049890791650993
61175,0.39760645478462614
61176,2.138797149208699
61177,0.6712539239110362
61178,1.4581558688699212
61179,1.557069240562994
61180,0.9853999338846702
61181,3.9278320366590593
61182,2.5906094119362604
61183,2.3092971004464102
61184,0.20947405622199583
61185,0.30422629499746956
61186,0.43105323368128345
61187,0.4622403029833931
61188,0.5765191242390982
61189,1.7384510545666565
61190,0.4030210160462455
61191,0.16373083400890595
61192,0.3996705967097524
61193,1.0420322445099526
61194,5.968947973485278
61195,2.860785226056292
61196,1.1736083297365092
61197,3.3680582576698845
61198,2.503844538732048
61199,0.05860329075600661
61200,2.441489101704719
61201,1.1243101316494772
61202,0.436127186589587
61203,0.41159914988576407
61204,0.23240067124123112
61205,0.07506615829668647
61206,5.365183295677752
61207,0.4762680547223888
61208,1.004596549799266
61209,0.515183880590336
61210,4.982097028027128
61211,0.5952157157628921
61212,0.43638429701531045
61213,0.1062335357546485
61214,2.174835628842968
61215,1.58354461664687
61216,0.5432638185370575
61217,0.42310178872919507
61218,2.553739483535017
61219,0.7588440258229312
61220,1.7934729453323615
61221,1.7117623421662134
61222,1.4044737198884865
61223,1.1713034290087263
61224,0.22699666476766775
61225,2.613334879150498
61226,1.8747377363096596
61227,1.927671807611578
61228,1.0191144315259923
61229,0.9630440389525156
61230,0.6498770417510092
61231,0.38307270819610983
61232,0.3960056484097959
61233,0.26526033689791323
61234,0.37811346470921914
61235,1.016716458279795
61236,0.8700487724997953
61237,3.9480496190012233
61238,2.747672084051146
61239,0.1484814509884244
61240,3.386524227163687
61241,0.20261278499549976
61242,0.8359305704163154
61243,4.246435833520455
61244,1.176618182749802
61245,0.4417706799690386
61246,0.8450950177191929
61247,3.036922212316747
61248,0.44309556976887987
61249,11.537755761035443
61250,0.9013924771203485
61251,1.319326854598857
61252,1.075588940349007
61253,0.6232936572425382
61254,0.19935778955132677
61255,0.6195559109785452
61256,0.18105543382607991
61257,0.11973140145615334
61258,1.8932522460297248
61259,0.7904334672767463
61260,1.9731220219035723
61261,4.608454922474359
61262,0.8983347491413177
61263,19.584904691850678
61264,2.159968176662518
61265,0.272393703919672
61266,1.846640350217272
61267,1.241762542381923
61268,1.185465683934929
61269,0.34993917284695847
61270,1.3661353648432613
61271,0.6792146924079369
61272,1.6479062562952576
61273,0.07547870756345336
61274,1.5692048894200954
61275,1.3182506776671854
61276,0.8019084361477065
61277,2.3341258588744913
61278,1.225428497131785
61279,0.20625718621527828
61280,0.5020075320776027
61281,1.8669627849984265
61282,0.8202194224350814
61283,1.3685941591651138
61284,0.5437174612603274
61285,1.7622263830918568
61286,2.4472100172800535
61287,1.101596417663792
61288,0.8810814491867013
61289,1.6195673183181107
61290,0.898662184553172
61291,1.1747511527738592
61292,0.19767250851173376
61293,6.4280394413025155
61294,7.531314784664056
61295,0.2873370645667087
61296,0.18647498749053082
61297,0.3221855771348406
61298,2.3309524335169916
61299,1.94208876450667
61300,3.7851257942080396
61301,0.06856692453861049
61302,0.06222563882150889
61303,0.19549980663063318
61304,1.2303313170099384
61305,0.06635089760113518
61306,1.3229351147568769
61307,0.37640328277782037
61308,2.3623862895522842
61309,2.012877274536602
61310,0.5568697528078018
61311,1.1807762227551406
61312,1.019832278913584
61313,0.8586864693516385
61314,3.636998009447507
61315,0.385750711196441
61316,0.1216861603435443
61317,1.4196961253064477
61318,1.3356849729201694
61319,1.5648620374883462
61320,0.11973762653118313
61321,0.7504975157312058
61322,0.9535646750380873
61323,2.856852410145077
61324,0.8930753170276784
61325,0.3650484548744195
61326,0.34853336218286135
61327,3.228636854029318
61328,0.7461530517131283
61329,1.8165846999218633
61330,0.21843232659640985
61331,1.7643385858061773
61332,0.12731890690298028
61333,0.1914233872775738
61334,2.3355044490149814
61335,0.7513014805642166
61336,0.39849205767542184
61337,0.40335988996359573
61338,0.1255867250920287
61339,0.21838496421961884
61340,1.322963780396642
61341,2.6729978926117592
61342,3.8545150290252677
61343,3.075789894282347
61344,0.7658488108250279
61345,2.1381320045704033
61346,1.7279332397887956
61347,1.4248587180971315
61348,0.5443574065752055
61349,1.9882789302947106
61350,1.657375435033453
61351,3.1604994139338265
61352,0.07223656998107421
61353,0.2904332874343576
61354,6.252813763233382
61355,4.153020427237578
61356,0.04768202731151684
61357,0.8542343886287275
61358,0.4728898361444136
61359,0.9060854430019456
61360,9.798115504764574
61361,1.1984352641617595
61362,0.5854586609347284
61363,0.36137918333381736
61364,7.430619852587327
61365,0.2680207336928607
61366,0.225166900264346
61367,1.6052686980306725
61368,0.08952834980864481
61369,4.30946308204654
61370,6.196339178835644
61371,0.2006331366977159
61372,0.29598214713722154
61373,0.3958499914926615
61374,0.21179377232509566
61375,2.2456668522075898
61376,0.09267854552615752
61377,0.27852789573328735
61378,0.4499115235807657
61379,0.24054408090231977
61380,1.2533538848857995
61381,1.3964183845118934
61382,69.09613374139134
61383,0.756007959336425
61384,3.4225928508571912
61385,4.508350736679243
61386,0.529269461276733
61387,0.48872622964177587
61388,1.066229074517935
61389,8.297507073400068
61390,1.1012148993065207
61391,0.2779193929298862
61392,0.10327163957489219
61393,0.376022053065303
61394,0.5218240318111769
61395,1.3462000864856025
61396,0.5035359021815946
61397,0.3860491205904319
61398,0.0396255594920769
61399,1.356479635931043
61400,0.17696748747199817
61401,1.083763965036352
61402,2.6543914733681064
61403,0.6092891385322854
61404,0.7199589769385912
61405,0.17280208567821484
61406,0.5513305206117409
61407,1.0502324463642703
61408,0.5659823108279205
61409,0.9373733611435462
61410,0.5166038008234305
61411,1.1218239753540347
61412,0.232183853756517
61413,0.07204582517126802
61414,0.14337387028239212
61415,0.30867533165500016
61416,4.103620776108995
61417,0.2548492785493476
61418,3.127731051522894
61419,0.12324363301395665
61420,0.8726888032546509
61421,2.136545244884888
61422,5.453220901886259
61423,0.4793693482084077
61424,3.7869045318409547
61425,1.2496695942317264
61426,0.4176767351524906
61427,0.4340465181440865
61428,0.3241655673052971
61429,0.16760434648915282
61430,1.0218683604425498
61431,0.34648710223260093
61432,0.42077764059328626
61433,0.05966628934553613
61434,1.6999679847866658
61435,0.07934491262392909
61436,2.151358133899902
61437,0.13541481857002297
61438,1.2587657839603754
61439,0.14349704995798654
61440,3.2004023103834967
61441,0.6688280091099778
61442,1.7931804552578523
61443,1.4091249388232459
61444,2.64364089062216
61445,0.12193408569165859
61446,0.38041366407473143
61447,0.4876903603012206
61448,0.18406570109367693
61449,1.1652653424517894
61450,1.5454444017207485
61451,0.12844633119960772
61452,2.315849426438591
61453,2.2876033572989876
61454,0.6873208975380252
61455,1.5329784489028044
61456,0.21533876644135713
61457,0.7509659990269604
61458,0.13895020965348714
61459,4.4745462199241866
61460,0.31566183793555774
61461,0.24003837481619306
61462,1.0631456693521382
61463,0.23115480766953628
61464,0.3630326815238519
61465,0.23799059625399338
61466,1.0639719033513977
61467,1.8069718460719042
61468,2.1663858938540734
61469,1.8286187109992287
61470,1.1983150015992443
61471,0.7481465466024803
61472,1.119195400633259
61473,3.1823679093970845
61474,0.42630685973034227
61475,8.432679219856883
61476,0.6167812640534189
61477,1.2612459494951476
61478,0.194362673753998
61479,3.3204362814287753
61480,1.62823677704558
61481,0.4480710251007432
61482,0.410460816532864
61483,0.898234013413145
61484,0.3167262263666675
61485,2.1687749504023692
61486,5.015961657976588
61487,2.994595861327639
61488,0.3888546037291252
61489,0.4706972413003637
61490,0.4771269166590788
61491,1.2728117323762622
61492,1.2603459747725883
61493,1.0914364976834423
61494,0.3997559200476979
61495,0.6534183723855392
61496,0.19943461967255352
61497,1.1439006480271279
61498,1.4382787586478782
61499,1.4196542071457876
61500,0.6239272415079596
61501,0.22671876537898114
61502,0.09645754151588529
61503,1.2480258452576534
61504,0.21470044161139987
61505,2.6016078341862063
61506,0.5734675090735664
61507,1.0524124685429392
61508,0.7611567571184735
61509,0.8733738363995176
61510,7.801495021963172
61511,1.071232989172859
61512,0.6317457279279922
61513,0.3635424278773839
61514,0.14041056641690192
61515,2.365122324124041
61516,2.1894594193597205
61517,0.035920517263548286
61518,0.8376153948421096
61519,2.507835796385383
61520,0.462726211151705
61521,0.5538759564844772
61522,0.08493793128728877
61523,0.309153681269714
61524,0.14343001318724607
61525,0.08371482090585673
61526,6.974931700661287
61527,0.6239784558731527
61528,2.7104507486615157
61529,0.8502342959174204
61530,1.1701143184032676
61531,2.281658053542082
61532,0.37717096171426456
61533,1.1116461949353151
61534,0.08520871222810447
61535,1.4590283025083721
61536,0.2610014456650778
61537,1.0931356970202057
61538,1.63450118161305
61539,1.0613589279418274
61540,0.2768404025118827
61541,0.15884531212506112
61542,0.314961679535607
61543,1.750422226021002
61544,0.19898087727464098
61545,0.2900493455576837
61546,0.5664677668727337
61547,0.9147756573847634
61548,1.0031641303623147
61549,1.5574128418677187
61550,0.17211101350491537
61551,0.12651770788601988
61552,0.7725235911145258
61553,1.501299361533932
61554,0.8860929130794455
61555,2.0267998318069806
61556,2.5215245158646318
61557,1.325179157398394
61558,0.5866373017342721
61559,1.3120525973902335
61560,0.2143954935920324
61561,2.246797390488672
61562,0.731141247325803
61563,0.6053572973762458
61564,0.6438464541841122
61565,0.27094729774155235
61566,0.3961294782161576
61567,0.5965723183037925
61568,1.164559653221184
61569,1.2154917312768787
61570,4.259094894218059
61571,0.5073590942512173
61572,1.4412188553412346
61573,0.29080704111543265
61574,1.2723232392052135
61575,1.912078451402162
61576,0.06356791177391409
61577,0.9144045195918203
61578,1.1822667811781953
61579,1.4567155825048572
61580,23.035579992708175
61581,0.6376158495767278
61582,0.8219094765658429
61583,1.9472632585793523
61584,0.2337486033248027
61585,0.17591123822080312
61586,2.8285683187648187
61587,0.3870409091791309
61588,0.40028338377297346
61589,0.33332434817108736
61590,1.2938762762700207
61591,2.8776051058282572
61592,0.03218164529752637
61593,0.14443144283340376
61594,0.3246905517804816
61595,2.2758445096047564
61596,0.17804177110072394
61597,0.5436460660214842
61598,1.6605576204557209
61599,3.725862856249683
61600,8.846345682078844
61601,1.9236929013613917
61602,0.6752949279294914
61603,0.9712701937856123
61604,2.0894316182519903
61605,0.5885245494594518
61606,1.6726256348152373
61607,0.46422139454265204
61608,3.0132382686665573
61609,3.04872646148063
61610,0.1170836645280472
61611,1.522624091441739
61612,1.9796119340382694
61613,0.5964303056265057
61614,0.5664417948645152
61615,4.0101546357754145
61616,0.07047335762600108
61617,0.12336845092492159
61618,1.4322197110323318
61619,0.11046019041547721
61620,0.6082768836365168
61621,1.365659766938182
61622,2.841950076706168
61623,2.0130248834270486
61624,0.37889536625377435
61625,1.096219764713279
61626,0.43701896260854445
61627,1.1520636915646811
61628,0.4168054422010489
61629,0.523957609391367
61630,0.7133768231056107
61631,0.9196771811694326
61632,0.7137672590091318
61633,1.3190338404096316
61634,0.9009885861169231
61635,1.587190994483379
61636,0.229049569504919
61637,0.19882410040156903
61638,0.1108309719092321
61639,1.6870828849841872
61640,0.7676486416865604
61641,1.080902705235822
61642,0.14517199226242164
61643,0.43733382059732534
61644,5.496079489947513
61645,2.5403068232017056
61646,4.533666557677546
61647,0.23367133291210745
61648,3.0301480262465867
61649,0.8938501119822837
61650,0.10898075712018801
61651,0.4322193547713575
61652,11.074585724737892
61653,1.8998725651057586
61654,0.26006298306426073
61655,1.1689298128892147
61656,0.5337096389503003
61657,2.1770572919952045
61658,0.5178162367622298
61659,0.07373952833118975
61660,0.2489363251338228
61661,0.6071201722744336
61662,0.523786232242685
61663,1.2640639405627025
61664,0.8163225233466392
61665,0.5004645503260774
61666,1.8856900479457257
61667,0.012443393428819971
61668,0.09124327799048017
61669,6.83796207125312
61670,0.5793662880443299
61671,0.9387856306927996
61672,0.21901954758336875
61673,2.270053389998761
61674,0.9855354444676938
61675,0.4851649512672569
61676,6.209087412608692
61677,0.445523460776745
61678,0.5581095511107116
61679,0.17203556872247927
61680,0.3940039546304811
61681,9.92521524500919
61682,0.18526376875934267
61683,1.202785545883482
61684,0.26523130884171675
61685,0.1917749080473788
61686,1.4163377720414754
61687,1.777461482442555
61688,5.417040553698445
61689,0.8487285098654174
61690,0.8715514650231218
61691,1.0291110126641927
61692,1.4147980579209807
61693,0.1549955785588474
61694,0.3889010895563615
61695,0.8221095478409708
61696,1.3770293197395174
61697,2.3655983334045394
61698,1.005197713005418
61699,0.269470134818604
61700,1.130041464423244
61701,0.9346716821467456
61702,0.166863723393339
61703,1.4796274910150067
61704,0.7710612333008202
61705,0.7701347090819433
61706,0.024341491807569796
61707,0.8544429447011155
61708,1.252332532817047
61709,1.0216655988909165
61710,0.20632980128600348
61711,2.563543433392919
61712,1.7401217661517063
61713,0.8714394203368584
61714,39.849364754204
61715,0.2609418277625999
61716,1.005385198488502
61717,4.079989581949762
61718,0.7104336627293999
61719,0.6919468675445993
61720,1.0659168431399717
61721,0.6042930406098582
61722,0.4428478945953658
61723,0.7940940191516855
61724,2.6480425916406225
61725,0.3308466023408111
61726,0.113550266683042
61727,3.2269106544837105
61728,2.5055218553156573
61729,0.14205772158342483
61730,0.3501019447465681
61731,0.2623041358271542
61732,2.020144567130623
61733,0.8254133733262624
61734,0.4903100771260387
61735,1.006267077207065
61736,1.3307660078124925
61737,0.5535547533509608
61738,0.2739211539768904
61739,4.2370752583579865
61740,1.0166607492299147
61741,0.5696388982570456
61742,0.6988407778756158
61743,0.25196271763353995
61744,0.23440101114319625
61745,1.7907269063257547
61746,0.07930508009925641
61747,2.2131823484080337
61748,3.443968850557421
61749,2.8297300244789625
61750,0.5843586524604201
61751,0.0937743225255044
61752,3.705370666701082
61753,0.288663631901317
61754,0.42001443672821676
61755,1.0493649576070745
61756,2.5466678916410794
61757,9.116045187172936
61758,0.43798609691327167
61759,3.000178667250231
61760,0.27220340391354686
61761,1.3633999096840355
61762,0.1695106607961766
61763,1.0420744423353279
61764,1.5124440338462604
61765,8.585447684012962
61766,0.741550866295345
61767,2.5319856601089485
61768,12.143517392783222
61769,1.135476135042536
61770,0.2452799377861256
61771,0.8377006086537265
61772,0.32517642035949246
61773,1.3583391273930037
61774,1.4046123209510217
61775,2.254896783808515
61776,0.18444202498503007
61777,0.9176775332177762
61778,0.22450108783312983
61779,0.35239286532973974
61780,1.429567646972282
61781,0.9504032288011255
61782,1.4707469223926743
61783,0.09191653803292696
61784,2.9955716980181726
61785,0.6234782823994138
61786,3.3038918546817007
61787,5.806165103863841
61788,0.34606541735948043
61789,3.5675882011747166
61790,0.17073673445660711
61791,0.0758034410522512
61792,1.8326739995837846
61793,4.127111567342362
61794,0.2761173673351255
61795,0.08235991324964631
61796,0.19917398300262112
61797,0.16200877292968313
61798,0.2317904351648863
61799,0.6300765432928634
61800,0.6860659474255049
61801,0.6685978598189507
61802,1.5470365844932594
61803,1.086459528774929
61804,1.2342971086834165
61805,1.484527559405028
61806,0.3339748651350911
61807,0.4149417646287261
61808,0.2909642657711994
61809,0.11362735429650629
61810,1.629752775092959
61811,0.645580174584908
61812,5.553586981490325
61813,0.10380146441427997
61814,0.3491075029151544
61815,1.6282563184290617
61816,4.482067394930228
61817,3.651702317524824
61818,1.8482277702536871
61819,1.5529867524331313
61820,0.17331092179186738
61821,2.883750464908881
61822,4.447827559143372
61823,0.23702998161365169
61824,0.6964426408837727
61825,0.7577047614091165
61826,0.12028655055519691
61827,1.3494880139269159
61828,0.23740128073771932
61829,0.3221575076550532
61830,0.837472066656238
61831,3.1427150550811875
61832,1.5146918625402974
61833,0.5200441226021615
61834,0.25482614402797404
61835,1.649168672207882
61836,3.1851867771736915
61837,2.9598956713952096
61838,0.061951370112594516
61839,3.53833723465691
61840,1.8782543092820838
61841,1.311090643500023
61842,0.6181565909655145
61843,1.380667666191208
61844,1.8458756153306144
61845,0.5370198470386309
61846,0.026732619597184218
61847,0.8292565598712516
61848,0.8776459361673967
61849,0.49283815805836584
61850,2.1402368276967545
61851,0.0598739759806161
61852,0.843402164369692
61853,3.2133304299002536
61854,1.3621629255259575
61855,2.5187061503060453
61856,0.17269922974977714
61857,0.13856290414082148
61858,1.4514464192605063
61859,1.3512933965104148
61860,0.11297717881096576
61861,0.26664185291591075
61862,0.8646603773877496
61863,2.3794755676180834
61864,1.1698460496438665
61865,2.4733524860957408
61866,0.8168652369189435
61867,0.49755736195708844
61868,0.6208341518174327
61869,0.7327075885260603
61870,2.981195861126577
61871,0.2887986658050225
61872,0.0897201239999981
61873,2.1298516719395515
61874,0.8373686242841487
61875,0.937289425454664
61876,3.625097469361936
61877,2.3294142962099453
61878,0.2276122409108346
61879,0.187681673397682
61880,0.8931757897415076
61881,2.0188332388610344
61882,0.4918969760156385
61883,0.8669020477123087
61884,1.0971890340109298
61885,4.073893708663059
61886,1.2715217959874552
61887,2.9022159491387223
61888,0.6001306856953044
61889,0.8413687275788515
61890,0.8506331983501508
61891,1.7058406028347932
61892,0.19456456610869055
61893,0.30400705370394543
61894,0.5892977017593153
61895,0.2865826291857228
61896,1.53483380046313
61897,0.5237946402695997
61898,1.108934063462987
61899,1.4787343533282222
61900,2.0293365083098536
61901,0.9127576022089041
61902,2.7634850696017086
61903,4.897683659138414
61904,0.8545616030901293
61905,1.6871775034087357
61906,1.5750916968712536
61907,0.05324609867287835
61908,0.5011842546909948
61909,1.800324277304716
61910,0.3377750904776149
61911,0.057019063486931344
61912,0.0670922856073284
61913,0.28844817473462386
61914,0.6467597914152797
61915,1.2900882560443054
61916,0.38690062255568664
61917,1.3949257495418306
61918,1.2491795864692958
61919,0.4955755383708923
61920,1.3388185060960356
61921,1.162318451182656
61922,0.2590014853307027
61923,0.8620736476434705
61924,0.13616566715472256
61925,0.13164895731917453
61926,0.031232104169467572
61927,0.37975218316725506
61928,0.3651213613901927
61929,0.918463035050823
61930,1.5251533608834966
61931,1.504432993770485
61932,0.7472650295332093
61933,0.5832434288001129
61934,0.6960241676598553
61935,0.132660897060357
61936,0.4722508080735841
61937,0.09996956325207113
61938,0.3187454241347622
61939,0.6342492500273827
61940,4.6720323110086435
61941,0.2695177387267797
61942,0.19121900670563177
61943,3.3532920711131493
61944,0.895666143416243
61945,0.11981963214859571
61946,0.5011742534488953
61947,1.2746671490070716
61948,2.1478864429404276
61949,0.11819090649209213
61950,2.6961224135243635
61951,0.8821808463699108
61952,0.9688234107017648
61953,1.3800704164603883
61954,0.3013006291660966
61955,4.865118560441069
61956,2.2457333106135366
61957,0.944453099026094
61958,0.7118778809078684
61959,3.1710740420259445
61960,0.3468410628439439
61961,4.034402685189758
61962,1.9941183391675046
61963,9.72602166291548
61964,2.4283032053267073
61965,0.3918388545457433
61966,0.7584721870319532
61967,0.5472062026120993
61968,1.3753713532384029
61969,1.9819858981129364
61970,1.0701043149572507
61971,0.4687081470575787
61972,2.256021343753124
61973,0.7657549163600651
61974,0.2731133395235805
61975,0.6255672008668586
61976,0.20276144310352237
61977,3.0647350546184455
61978,0.11889096390435713
61979,0.40373466877006514
61980,0.8574245560645941
61981,1.1885927429871237
61982,1.3851839270135011
61983,0.4559745675572504
61984,2.334041063203665
61985,2.5882314766212238
61986,2.573098228665113
61987,0.17767186250429218
61988,1.5570966273270108
61989,1.2058800278880815
61990,0.49910125000860805
61991,0.16055163538437658
61992,0.5303085974190108
61993,3.0552257829962954
61994,0.8451021177795851
61995,5.120344838000419
61996,0.04184066844078981
61997,5.57753185721787
61998,0.11704914790373303
61999,0.09181848413900948
62000,0.9172447088078978
62001,2.6543612257006757
62002,3.228994422429402
62003,0.039450970421289276
62004,0.10608709919983766
62005,2.0611730864208857
62006,0.7946997064009688
62007,4.515195092038683
62008,1.2295243725726563
62009,0.5477606909274584
62010,0.13023302494798047
62011,0.3343917828573643
62012,0.6070709803212987
62013,4.898076719889662
62014,1.9209019321703025
62015,7.370068518654263
62016,0.904065186599186
62017,0.21847308752336675
62018,0.2668983142284401
62019,2.069253823193279
62020,2.865741157392712
62021,1.4038745970164135
62022,4.894309391173631
62023,0.80247943802446
62024,0.22114595155058647
62025,6.255198273903731
62026,0.47645423095693995
62027,0.4037038825833739
62028,0.19530035377638819
62029,0.6473902024357098
62030,0.13470561749795926
62031,3.15748469398495
62032,1.4639539884400148
62033,0.2016226208106022
62034,0.5164531054430735
62035,3.6257401380277323
62036,3.639532162438429
62037,5.441687745563587
62038,0.44614413265035296
62039,1.5149770365230124
62040,0.6289254032872356
62041,0.14640607475651005
62042,0.27652555566216114
62043,2.0535226104413633
62044,0.2000932947286871
62045,3.434660272881371
62046,0.4272802456107175
62047,0.6130235163751641
62048,0.38641871256055704
62049,0.7047253787392564
62050,1.1052544328185152
62051,0.5042860815762837
62052,0.20956545387108821
62053,0.1313161980050656
62054,2.555498131544226
62055,2.4963452248612317
62056,3.7263147755377557
62057,4.647062740943591
62058,1.61433457501737
62059,1.3523033776212627
62060,2.458688884406495
62061,1.7264891959631439
62062,0.7096706696885414
62063,0.9319496795349931
62064,1.7853361743543272
62065,0.3704690439407066
62066,0.46274391840037715
62067,1.142256484357806
62068,1.0940441438820772
62069,0.45863039505584124
62070,4.929194213303054
62071,0.3351981563623437
62072,1.4586033351370242
62073,1.0739756589485834
62074,0.5649661734929257
62075,1.293785270317404
62076,0.3296452251828013
62077,1.4659357364293024
62078,1.8473266128698485
62079,0.06167076959733462
62080,0.41264720973327024
62081,1.0761102497973472
62082,0.17149759862084007
62083,1.0467266832047595
62084,2.650402852499683
62085,1.078634758458188
62086,2.926889256053469
62087,0.2669793785919606
62088,0.16193880047263243
62089,0.6566465932174791
62090,0.5318622393940498
62091,1.0886885783970475
62092,7.80305545766527
62093,0.4455436605649147
62094,0.9209343884091239
62095,0.7849256254640694
62096,0.11240955480445347
62097,0.12426585871098193
62098,0.9423863729179036
62099,0.9691624967956487
62100,0.550242815442294
62101,3.1095854773900227
62102,0.20019719900936023
62103,0.37686855663348917
62104,2.354002850137248
62105,1.4174439171782378
62106,1.4402748790353272
62107,0.22842560934188086
62108,0.23059461989144622
62109,2.413165885609706
62110,0.17579407547406026
62111,0.48635011332102795
62112,0.14020630777942109
62113,1.4351070881125882
62114,0.8690740915710679
62115,0.08481853325248534
62116,1.412525173621184
62117,1.155668255893366
62118,0.36265013253337297
62119,1.7373256009340574
62120,0.9493263574131054
62121,0.9564090639441529
62122,0.20015683051780778
62123,0.11706163393584756
62124,1.6768347603329345
62125,0.9649967803489363
62126,2.659671091737021
62127,0.870412726935916
62128,0.17413695893869965
62129,0.4944216181694725
62130,1.0010525229712166
62131,1.5916024219868996
62132,0.0930807775581912
62133,0.44919435065941465
62134,0.3763101108528777
62135,1.265299218996863
62136,1.4162193225747028
62137,0.12591228503135563
62138,3.004556728486967
62139,2.5434648359020593
62140,1.8559696755628463
62141,1.1864001898056804
62142,4.30382241230853
62143,0.03492745472278132
62144,3.0427400814110364
62145,3.0366111003019145
62146,0.7112399916681122
62147,0.13575234539275163
62148,1.0932192145255766
62149,0.11841300688731579
62150,0.11378895605077065
62151,0.4097274175447082
62152,1.2589735756527467
62153,0.31458384499561665
62154,0.20668724806171296
62155,0.07521721614217448
62156,0.21625651729802683
62157,0.4779415293202118
62158,0.5288054327983541
62159,0.12955100116648618
62160,0.7539389010608745
62161,2.006623610256998
62162,1.1128154943996131
62163,0.16171635985206545
62164,0.7566313081586521
62165,5.319673517153016
62166,1.728793375275032
62167,1.9182114626740663
62168,0.18889138682223283
62169,0.5238836821162308
62170,0.6688780148498819
62171,0.18825537361607952
62172,3.2642393233170943
62173,0.37457912650166414
62174,1.671885373771543
62175,0.08482082651706925
62176,2.2167830050211763
62177,1.6305746008671451
62178,0.15561813429787286
62179,1.4364669448783667
62180,1.4099000323130335
62181,1.1080572477306276
62182,0.7846391195219308
62183,0.31401791948983837
62184,0.20729717314559157
62185,0.16145803139084777
62186,3.6835168977182535
62187,0.8688462241975494
62188,5.4901010928411536
62189,0.4693107384860343
62190,1.8593937745859146
62191,4.576993412533656
62192,2.968446323412538
62193,127.28830161517718
62194,0.9764974774519117
62195,3.598386088899761
62196,2.3965811692103567
62197,0.20526121330796598
62198,1.0701502663970333
62199,0.6648531481426162
62200,0.535838551972382
62201,1.1249878668571534
62202,0.5498600414458743
62203,0.8152992519744696
62204,0.9344174475744631
62205,1.0134237868852014
62206,0.447203112199376
62207,0.5161216261243008
62208,1.4675423566111725
62209,0.48808933372783325
62210,1.8818084344375379
62211,0.8659647071319154
62212,0.5139120185036639
62213,0.7443515706728349
62214,0.8915928063395845
62215,5.798987617246285
62216,2.8888495793754148
62217,5.577899445343863
62218,0.5472243690275006
62219,0.27777376931579956
62220,0.24684395611514243
62221,0.17083439328005554
62222,0.34487753226578016
62223,0.12623373771433563
62224,1.0988703307562688
62225,3.478101097296147
62226,0.13562645385082175
62227,0.5884993742486042
62228,0.6462425171402053
62229,1.816819784311864
62230,2.621027378927163
62231,0.9928617857759818
62232,0.720011914828046
62233,1.1128027820037723
62234,3.6633169446503575
62235,1.1309966154602709
62236,0.3716893701270311
62237,0.2655659789244823
62238,1.4322073844402732
62239,0.29572769828914097
62240,0.23135164535182365
62241,0.24279342250018915
62242,2.8243471858104403
62243,1.1552231820757821
62244,0.7343145178754372
62245,1.489271517765287
62246,1.322289792906329
62247,1.2236890347600522
62248,1.224710821607146
62249,0.5766292358680571
62250,0.09588034525920401
62251,0.1076404222180098
62252,2.0163852638913062
62253,5.767230904345048
62254,0.24631985365581743
62255,0.43495147608842166
62256,0.1419785214205449
62257,0.8685490211927139
62258,1.7559500876879766
62259,0.9802334296879398
62260,0.65978607713056
62261,0.11877185393609804
62262,0.44407521707121606
62263,0.2147682055732812
62264,0.11222273586390642
62265,0.7602150312738466
62266,0.42537327452964374
62267,0.12345760451069823
62268,0.2579767821553215
62269,1.2308405558323359
62270,0.697917263617226
62271,1.3610845566184362
62272,1.712683130843793
62273,1.4259587015330963
62274,4.473988678650477
62275,0.38554414574831786
62276,7.100719119157132
62277,0.706380586280143
62278,0.4717073552278946
62279,3.848410582581436
62280,0.22861882222598662
62281,0.14507025440110516
62282,0.8653721195510112
62283,0.5891043419713236
62284,0.09253678593927075
62285,2.553680094728898
62286,2.3712536131562763
62287,0.7796096495142196
62288,0.08147738282071752
62289,0.18480258341074077
62290,7.24053030984495
62291,1.8197872285194494
62292,1.1834968518837177
62293,1.0204618013450522
62294,0.5306872802529181
62295,1.7122490718601893
62296,1.1625366106564436
62297,0.40300249270286
62298,0.4807753128648898
62299,0.3028384057158019
62300,0.4020120357672884
62301,2.5726101865734456
62302,0.13353947753869355
62303,0.9081172857011925
62304,1.90133090319382
62305,2.234685968911248
62306,0.4295136245203192
62307,1.8479223040892194
62308,0.10779152264511474
62309,0.806204609148939
62310,0.590688678295828
62311,1.3441755240658728
62312,0.30654418645350706
62313,2.4154728276620125
62314,0.12947155346471076
62315,1.971120106555825
62316,0.1881944942905112
62317,1.315193441165358
62318,0.589218072127954
62319,1.5459171705991104
62320,0.28289188993269737
62321,2.817129469446931
62322,0.4774762989182239
62323,0.35119830306740885
62324,0.2515250023449276
62325,1.0825938838784546
62326,0.23596110398976108
62327,0.30767555861089685
62328,1.1217405507808917
62329,0.8839683409490334
62330,1.2843894443404307
62331,4.452389200845317
62332,0.037852314358718164
62333,0.791444892986974
62334,0.39430299089216064
62335,0.19292552065496724
62336,0.12861874941865942
62337,1.979071353562822
62338,1.0620985423460958
62339,0.8493621092891148
62340,0.34153931634753276
62341,0.11434973570164565
62342,0.31428101870371744
62343,0.453136662289892
62344,0.4309898177618537
62345,1.6537683154823641
62346,0.5419210407582358
62347,1.3576633323722669
62348,0.08675067457871051
62349,0.03118882974866027
62350,3.4126582190493813
62351,2.153552198802632
62352,0.08997363330720357
62353,0.1713424617397214
62354,0.9563424062298103
62355,1.5520345931818054
62356,2.610714581244146
62357,0.31569170134396407
62358,0.9403647368474911
62359,0.18431367068634028
62360,0.40333317995110957
62361,1.8179237583383343
62362,1.8363820756981202
62363,0.6334138510901771
62364,0.4956257908367813
62365,0.7813216260322347
62366,2.34420514059401
62367,0.19158630335342666
62368,0.8114352829780075
62369,0.33264933243855843
62370,0.09166943333797188
62371,0.28351343993334244
62372,1.1906357893948967
62373,0.9446024018289871
62374,2.844570621920143
62375,2.1073709584338207
62376,2.4430090869077086
62377,0.12281304447967636
62378,1.4018013039678885
62379,1.4256345005298086
62380,0.7563779262019646
62381,0.057836584324963684
62382,1.333652310981631
62383,73.25909529279224
62384,0.41889281459220784
62385,0.7724608999925325
62386,3.657781941853706
62387,2.4574726280887
62388,2.2651721739037174
62389,0.5110707463296387
62390,0.9723064722448826
62391,0.1609511816801007
62392,1.7573903673779219
62393,0.5960284153635615
62394,0.18247882953373915
62395,3.123683214694254
62396,0.3938283391118868
62397,0.4355414986028708
62398,0.6911902397770902
62399,0.13109751900446073
62400,0.9563745034316432
62401,1.7009353897888184
62402,1.571592303001131
62403,1.3421142946596978
62404,1.4686799106327562
62405,1.5795596836785508
62406,1.2703015227840095
62407,1.2428671016759882
62408,0.27307722035327764
62409,0.7516654603571165
62410,2.608663296218201
62411,1.7070208127507758
62412,1.305887651600543
62413,0.7943853099295125
62414,0.3310501826633573
62415,1.12645533155193
62416,0.593421389558429
62417,1.6128248882452998
62418,0.4926904947356424
62419,1.190175339236253
62420,0.8772709268199336
62421,0.8881921985023961
62422,2.2486843060460693
62423,0.5719524950787478
62424,1.6463100308636813
62425,5.535523482341434
62426,0.23305069738286022
62427,0.6677169309148091
62428,3.118084546443271
62429,2.4394231405854914
62430,0.41197529679733585
62431,3.2402672277426667
62432,1.125888850439152
62433,1.0933112457185343
62434,2.280363758982704
62435,1.9809873809048164
62436,0.09790047233469135
62437,0.0451928901975559
62438,1.8729130651097632
62439,1.0543211004499233
62440,1.1172972528754181
62441,10.55174775757346
62442,0.20446123028375035
62443,0.7700313383618997
62444,0.8349218505793952
62445,0.6106647254496743
62446,2.338123694788122
62447,23.70124578480631
62448,0.09759997901670937
62449,0.7400506283717072
62450,0.23904011919743448
62451,0.1348271581463603
62452,0.3318626647815363
62453,0.09284606792221138
62454,0.07181897330732209
62455,11.338554053212796
62456,0.37486125038818197
62457,1.1498062495962722
62458,0.09938191243959857
62459,0.733638509831607
62460,0.5243163109086184
62461,14.18005065495505
62462,1.6470925897375415
62463,3.6843947554939014
62464,0.635272990293233
62465,1.380737656219625
62466,1.084285463824252
62467,0.31077079326130336
62468,0.29332360503574706
62469,0.6264949461784296
62470,3.694083065545233
62471,1.4230992601202601
62472,0.4988097550390769
62473,0.4802933296545716
62474,19.484598778223216
62475,0.6243190430815688
62476,0.5545403874943499
62477,0.5670807878918122
62478,1.9182059006398366
62479,0.8210510978778782
62480,0.0767420436782452
62481,0.6178109534763884
62482,0.5464786466698845
62483,0.5985171837815144
62484,0.2730894173984771
62485,0.7212866382354753
62486,0.3022935250373972
62487,5.131415617826163
62488,0.5072424682586045
62489,0.9502001691965317
62490,4.415889109289255
62491,1.5238884679967497
62492,0.606932238584016
62493,0.1469175672176897
62494,0.1820456815510728
62495,0.6056697584309071
62496,0.2722364508693221
62497,0.6718928078773021
62498,2.9293535338627636
62499,0.26229854884930054
62500,0.9452058590167216
62501,1.0328360666686938
62502,1.4572003209751614
62503,0.3268875268039634
62504,0.340182706431084
62505,2.247074851548139
62506,1.0641014706000393
62507,1.8230009810157646
62508,0.8862213166327506
62509,1.223071348781743
62510,0.12542818324122373
62511,0.9744357036262004
62512,0.2029715613604192
62513,0.47456931793438495
62514,0.42958292406647725
62515,0.6901636140678465
62516,1.0121087790499297
62517,0.11123232880848673
62518,0.7139071697463176
62519,0.3318653701773929
62520,0.650184824598504
62521,1.273355791640113
62522,0.43382580156697065
62523,2.1714651225891624
62524,1.91410035881617
62525,0.07277955729229538
62526,1.45321080193064
62527,1.6604263827949355
62528,1.3437429473493534
62529,0.4425089727786371
62530,1.2372542580890435
62531,7.090000217736888
62532,10.022393657606127
62533,0.5490937991497932
62534,0.7393647478709529
62535,0.23792426575464365
62536,0.9305375841878106
62537,1.737283754765204
62538,1.040789773564932
62539,1.7590838708681726
62540,0.9692645480670421
62541,2.370051013745133
62542,0.17116524126612095
62543,0.6213668506257379
62544,0.08664586688340832
62545,0.055315585774353714
62546,0.5090462460220705
62547,0.18384566240580585
62548,0.1029656957667893
62549,0.16044117333692123
62550,0.5843673518587782
62551,0.14802207084455385
62552,0.6652136805121147
62553,0.37110949129239684
62554,0.11014053644127247
62555,1.9979088055817142
62556,0.2425488163591835
62557,1.8313152169355604
62558,0.42781537024650323
62559,0.8403854979881684
62560,2.618442714834078
62561,0.7979794419411279
62562,0.5680000440592712
62563,1.4447039892406943
62564,2.7166416699773417
62565,2.0210664284281723
62566,0.7246001650752982
62567,2.7309655054611133
62568,0.9284973256462598
62569,0.09079523324329106
62570,0.6171527967045592
62571,0.46966998921768327
62572,2.506212701272557
62573,2.4260779676779403
62574,1.0847139741725513
62575,0.3676974914757699
62576,1.4595322452821333
62577,1.2249125434123156
62578,0.2509702237001417
62579,0.5951005384176652
62580,0.09951233885740308
62581,0.46926701023886824
62582,1.7881723739169335
62583,0.1833443176584068
62584,1.3388655009879322
62585,2.4457481129606484
62586,0.1472584853884793
62587,0.4243715607653041
62588,0.40426696644539895
62589,1.6638640357612065
62590,0.3171971390739673
62591,0.4910039998733129
62592,0.43151525711459743
62593,5.578864799386161
62594,0.8852118614066058
62595,2.0383176968031185
62596,0.26324518875382713
62597,0.07204486733694301
62598,0.04071213082929137
62599,0.5411160750426338
62600,1.7867614576356912
62601,2.7296172901071403
62602,0.06819754435521606
62603,0.6260866802168832
62604,0.8192742597333077
62605,0.3851614426312306
62606,1.1159515059293987
62607,1.079990951906086
62608,0.4968451173619096
62609,1.2320641534422145
62610,0.4489023721699144
62611,4.401049070926085
62612,2.1358691266745478
62613,0.6339392243099576
62614,4.995915761368393
62615,0.5102273482356302
62616,1.522407993162291
62617,0.6280222620885794
62618,1.1581882576278677
62619,0.597548603286256
62620,0.7150151434424861
62621,1.1288190058699106
62622,1.1442305867891327
62623,0.56061629336091
62624,2.547504259065399
62625,0.3968335066303694
62626,0.7785908548484054
62627,2.6544074987518047
62628,1.8768361897978774
62629,2.216815525505869
62630,7.264078020255372
62631,0.51792020238322
62632,1.6300280561945741
62633,0.23423796135855765
62634,0.8056386058975588
62635,0.2912039299173943
62636,0.8755994704402976
62637,0.2290260762124543
62638,2.7934266130216514
62639,2.6509959311044318
62640,2.608641813119471
62641,2.457009709090755
62642,1.0763281804069125
62643,8.077209380604895
62644,0.07696510448268833
62645,0.4928424380845403
62646,1.750728504634976
62647,0.41442383575854014
62648,0.27187528643147896
62649,0.47250975848432564
62650,0.9746262395353501
62651,0.7274230286625156
62652,0.25964818708758675
62653,1.9274834125689742
62654,0.46059920834606405
62655,0.28050948390233277
62656,1.3011436709563053
62657,0.7155005364288111
62658,0.8423863894730903
62659,0.1609128199300528
62660,0.9600323250354096
62661,1.9944317805419725
62662,0.3124178324853766
62663,0.0455854046077631
62664,1.471934871343201
62665,0.6637015372600666
62666,0.7251342416922582
62667,0.7178627425526132
62668,0.5660787108907361
62669,1.5347977672296598
62670,0.8853983579615565
62671,0.5933002277788796
62672,13.587443625175645
62673,2.0674156172147655
62674,0.21753403831033452
62675,0.15188209800512423
62676,2.149885932161789
62677,0.25109895456943926
62678,0.18088905844179706
62679,1.848399692557781
62680,1.031471241856374
62681,1.1651917140464383
62682,0.13552047902564468
62683,0.19962960312799824
62684,0.9395241558703442
62685,3.3025506271996448
62686,0.4737826448964092
62687,2.470449083779352
62688,0.8928152003336189
62689,0.7234412021557295
62690,0.32885995064833007
62691,1.3821032618548728
62692,7.707153458577519
62693,0.29915201953856085
62694,0.6931556698909824
62695,0.84683022265241
62696,0.6438836497568149
62697,0.6538790290844029
62698,0.9360304906513827
62699,0.25279358806972463
62700,0.9905702373516571
62701,1.9033449127425055
62702,0.240074875782633
62703,0.1100648599109951
62704,1.03530576962635
62705,0.08929822018290083
62706,1.329611444248033
62707,2.8482507648535162
62708,0.582307837703517
62709,0.25998786423105974
62710,0.7681842739846483
62711,0.6972117691678338
62712,0.1715819811266449
62713,0.5858039479296699
62714,0.5349860656595635
62715,0.42227182327913315
62716,1.2855621661932748
62717,1.140856392641033
62718,1.072177270192249
62719,0.101106031538723
62720,3.7556461957844913
62721,2.0240174428040603
62722,0.3366763971030018
62723,0.25632476802373494
62724,1.2418719359726085
62725,0.7110827338147376
62726,1.3455441181825423
62727,1.044554489987915
62728,1.0557330433956738
62729,0.26709201393367854
62730,0.7466211213648449
62731,0.6055200996295252
62732,0.09146599275304221
62733,2.636409633377779
62734,58.3029526191253
62735,0.8584727605700248
62736,2.630090572257744
62737,0.4005961081932693
62738,1.2736340749780404
62739,0.08338928141997128
62740,0.3528648836153895
62741,0.21024035166323718
62742,0.8075651292448541
62743,5.099251593121934
62744,0.7090123336807174
62745,1.1993561149969756
62746,0.27648204949041905
62747,0.11196187288369977
62748,0.9935428027050823
62749,0.9309596570358938
62750,2.8481544485441876
62751,3.534308342419787
62752,2.8732258127163974
62753,1.1418783690742524
62754,0.8614583050634639
62755,0.14570434796479192
62756,2.6518920948709304
62757,0.9096889451686607
62758,0.5484662740435601
62759,0.23795717417784826
62760,2.612061050930003
62761,1.1736608947341498
62762,1.9273420106057324
62763,0.7420853507572667
62764,0.6024974936431551
62765,3.059794150946006
62766,0.8896052982856792
62767,1.4325853172803529
62768,0.3816348093343833
62769,3.3125823789975697
62770,0.6620984938723307
62771,0.3193036057481432
62772,4.62847034647844
62773,0.8862918872813901
62774,0.815994367863573
62775,0.5411142579693261
62776,0.7244372695574021
62777,0.10663464385190609
62778,0.2859731133241208
62779,0.5669412186403616
62780,0.2344233113405614
62781,2.1463098507133145
62782,0.3301581205571232
62783,0.15070381528650886
62784,0.2218623051869115
62785,1.4831334149347142
62786,0.6476028626428568
62787,0.7079019978937153
62788,0.6231797160245652
62789,0.8979160499266033
62790,1.9299692067873833
62791,0.780840637190888
62792,1.8350757913821505
62793,3.092976505949904
62794,1.2975331966167536
62795,0.20023357970368744
62796,0.5511225390804938
62797,1.909674669128219
62798,0.3569477396867352
62799,0.44063939514257255
62800,1.3798114455428045
62801,0.3194465740174317
62802,2.0036216489458964
62803,0.18892533994666147
62804,0.4882958424972977
62805,1.4601589745112653
62806,0.7975090962781903
62807,1.6128993688098907
62808,1.4181814697062376
62809,0.3803630570156331
62810,0.9206560116364749
62811,1.8856329114250197
62812,0.9732958963822691
62813,1.1804326103072753
62814,5.85493039304659
62815,0.06746592232590481
62816,0.2428756381407544
62817,2.549860547663947
62818,0.06445109886450731
62819,0.9332047978891971
62820,1.2147678086684446
62821,1.0536961774008822
62822,1.675971131005758
62823,0.933582315741722
62824,18.597408044788743
62825,0.1728648558081897
62826,0.2995924492685778
62827,0.1954730096176179
62828,1.8673144567140505
62829,0.5954588874655146
62830,0.679517926649579
62831,9.25292868330959
62832,3.197711507834243
62833,1.4463410884456822
62834,0.15628632850426494
62835,2.8601612242931513
62836,0.06875341612248559
62837,1.5305914758371661
62838,1.3903106302419759
62839,2.6761905549637373
62840,0.1184283675398945
62841,8.536319865763174
62842,2.788800050168038
62843,0.28331352193772796
62844,0.22153315752789554
62845,0.3981491532054179
62846,0.6902472403489273
62847,0.7015256170259072
62848,1.6414254202743122
62849,0.2926109711731363
62850,0.4176270245858532
62851,0.11636971407444982
62852,0.6651758518903452
62853,0.9585622014403066
62854,0.28980925079758135
62855,0.7162875877987963
62856,1.8225575785096295
62857,0.387316938946121
62858,0.44677859300433287
62859,4.719703505665472
62860,0.5083767969984446
62861,11.572251154431429
62862,0.20015030104485082
62863,0.5408204688054238
62864,0.19422994202590932
62865,0.8871448577043676
62866,0.6538153196814994
62867,5.567004838628596
62868,0.727516797109386
62869,0.848528818867765
62870,0.7835725704492534
62871,0.16222233224617055
62872,12.365468192983014
62873,0.20758685404414237
62874,1.9491058398527368
62875,0.5766839551333861
62876,0.5263447984806741
62877,6.68172961510163
62878,0.6169621364353868
62879,0.1018349029833928
62880,1.4981761202182553
62881,0.9459049551502595
62882,0.050323893207486634
62883,0.37324650960973893
62884,0.10677317062297262
62885,0.733184501618588
62886,0.41000594508057076
62887,8.83353389235476
62888,0.7057261860982623
62889,0.39887213101141983
62890,1.262686552042224
62891,8.968352700198084
62892,3.7273514870097717
62893,2.084950405012848
62894,0.4659158256515423
62895,1.9234698625661937
62896,2.827303295661032
62897,0.5622039494530742
62898,0.07246661643257105
62899,4.937449222766876
62900,0.7908434739849776
62901,4.676107774232238
62902,0.7817603197707541
62903,0.4619016566001782
62904,0.2282877162593082
62905,0.1954955682679142
62906,1.1168041377830442
62907,2.1284778449343125
62908,0.9069520962475587
62909,0.047560196063175665
62910,0.5055717550853748
62911,0.5113597337682468
62912,1.2996866935417966
62913,0.06014697897401805
62914,0.527221028385673
62915,1.1844562502846532
62916,3.1793496743951732
62917,1.3240447621102085
62918,0.04677356719159127
62919,12.183598931890895
62920,3.221845740281295
62921,1.1891840492068697
62922,0.04464885827602254
62923,5.173496443216821
62924,6.540471661496343
62925,4.275803613358407
62926,1.344666321214413
62927,1.6959081722038687
62928,0.6426946103394545
62929,0.44843550654844727
62930,1.3281154683198186
62931,0.9237336842256176
62932,0.7119908305239158
62933,0.3678163745758981
62934,0.6224287385975464
62935,0.8577856494735709
62936,1.5810908724408925
62937,1.682868761179134
62938,0.6954626261496843
62939,1.0787647404079694
62940,1.780612593379125
62941,0.5402591800512795
62942,4.062976805362381
62943,0.33068426877959956
62944,0.12499951449876646
62945,0.3161214717583435
62946,1.1887380934136766
62947,0.1438632434337474
62948,1.4242827964754818
62949,0.06484549566820626
62950,0.8610865848104393
62951,0.15494222019164147
62952,0.7400270217440449
62953,0.42895140432538115
62954,0.1710623046746464
62955,0.2739770356909677
62956,1.1163788010317244
62957,0.43290961937499595
62958,0.2995779214473688
62959,0.5250327970290967
62960,1.4129132806955056
62961,0.09632453597568544
62962,0.8449848935555991
62963,1.4331044807063733
62964,1.7340331769654473
62965,1.4023239143569683
62966,0.18932278969331828
62967,0.09338652243999417
62968,1.6345733995249783
62969,0.28652926724604244
62970,1.7770520225281932
62971,0.8223409998597011
62972,3.3985646845140844
62973,0.8228268474367662
62974,0.2677117770539911
62975,0.08196811661049827
62976,0.0787236926789516
62977,0.503754628906429
62978,0.13510430008716548
62979,0.40355613181257977
62980,0.3608897291074414
62981,1.2866141562145583
62982,0.19920290958382325
62983,0.5697996208727534
62984,1.5519138469248932
62985,4.451839236682521
62986,2.000766925025717
62987,0.21464505330255568
62988,1.7758275499313658
62989,0.22182307111672578
62990,1.335379854363621
62991,5.172188316498401
62992,2.5586091573757885
62993,2.3551470151179483
62994,1.9756537084710064
62995,0.29801554789456575
62996,8.420762315721317
62997,0.5739390964987328
62998,0.974007261556166
62999,0.6835704006285165
63000,1.7835427331587173
63001,0.9620479977906742
63002,0.41233738161023725
63003,8.422717330075754
63004,0.366744411000518
63005,1.3013378533133388
63006,0.4054137114192617
63007,2.604182774461444
63008,1.3857604042304128
63009,0.1694105468638331
63010,0.2234169458766839
63011,6.190093776811
63012,0.16099033561646345
63013,1.0692434334462644
63014,6.25257298350155
63015,0.14775783330135758
63016,3.803191658121025
63017,3.1768724018416497
63018,1.1766949245777363
63019,1.085404408903678
63020,0.3673079507769551
63021,1.9141632037480685
63022,0.3011461944404538
63023,1.49602214668404
63024,0.280066515095649
63025,1.8834436701671664
63026,0.05185837788401897
63027,0.11108713370002642
63028,1.1209074004177857
63029,0.29898528323088785
63030,0.3567826424838922
63031,2.1633492885481087
63032,1.1763838798645063
63033,2.887405084204298
63034,0.2451593078537987
63035,0.34473942955362746
63036,0.7988194810584304
63037,0.22023797977360596
63038,1.004869588958155
63039,2.444897297452612
63040,0.40839400347895116
63041,0.11428195026372479
63042,0.9120922512187657
63043,0.25739516079595526
63044,0.7776093765692719
63045,3.431413754097503
63046,4.144212530190618
63047,0.3119935578919685
63048,0.6937114684848198
63049,0.883199450132607
63050,0.40487472417212766
63051,0.26842799604171097
63052,0.5136232781688125
63053,0.20140548513740303
63054,0.7326563052247314
63055,0.13515065029081674
63056,0.29101148801119503
63057,0.9223947091208803
63058,0.9459794258375379
63059,1.5591176531569888
63060,1.68859049160984
63061,0.14235258161998576
63062,0.056990408789385924
63063,0.8064468929337916
63064,0.07545915239994311
63065,2.018567579112779
63066,0.3939021628492211
63067,0.6194683168300045
63068,0.2655976341776374
63069,0.6403018886862647
63070,1.2682474175744631
63071,2.273604086533317
63072,0.8687322370715442
63073,0.3611823304681209
63074,3.758872068962129
63075,0.6518442679610107
63076,0.49456511776755707
63077,0.8340167430637383
63078,2.1452249399497147
63079,1.6068443729682398
63080,0.14923645040201725
63081,0.6421687940382975
63082,11.872208689897146
63083,0.33188977384364016
63084,1.091692773385735
63085,0.21064197139922342
63086,0.18383140033190154
63087,0.2468113088906448
63088,0.22398551632096086
63089,0.3332981679807629
63090,1.2414511215198183
63091,0.41339353485801955
63092,0.1629533768173743
63093,0.41659860509199387
63094,0.27869812323533477
63095,0.2857338553475899
63096,1.1171073446697686
63097,1.2380802014574988
63098,2.7169927513771523
63099,0.8489303874669665
63100,1.912791696252632
63101,4.909746078597834
63102,0.16049733094023255
63103,1.497964371127937
63104,0.43107230165971644
63105,0.4041490426368553
63106,0.17000744599302614
63107,2.795940468306238
63108,0.24583083546309653
63109,1.4206614775918163
63110,2.1970277329665833
63111,1.8347085973679644
63112,0.5496858129456714
63113,1.1505079906656301
63114,0.2514333136684956
63115,0.2789345097918652
63116,0.2271641592762927
63117,0.5563415091832463
63118,0.8002062447350723
63119,0.6045561447071658
63120,12.396300144591185
63121,1.301886540844035
63122,1.0161288718762251
63123,2.846581427984496
63124,0.38678931308475
63125,0.9192517971332501
63126,0.3061288808378551
63127,0.2924310081181161
63128,0.5900863168460656
63129,0.5558045023118678
63130,0.12197286234959472
63131,1.0890488046748745
63132,0.1622586274234154
63133,3.3564912203525292
63134,0.8162159476464379
63135,2.4373327263701894
63136,0.911484342262866
63137,0.3672662851721763
63138,1.198483579768951
63139,0.10196168369628919
63140,0.3553718679170026
63141,4.7129925459699225
63142,2.1537094056013824
63143,0.08539894123612739
63144,2.1083849640244816
63145,0.16554623356276998
63146,2.251104557711672
63147,1.6345188227216843
63148,1.8611132830460626
63149,2.9797381795402207
63150,0.29740095869357364
63151,0.08017231560595521
63152,1.5989315880790893
63153,0.11189165915482815
63154,0.25395679334034715
63155,0.9191202850878628
63156,0.6077301775500785
63157,2.328040231411176
63158,0.1276268131803434
63159,1.3906652298729671
63160,6.901875533180306
63161,3.3595357700772794
63162,1.6528102377286555
63163,0.224749446569321
63164,2.491151488326416
63165,0.0964469199163876
63166,0.09421304331508101
63167,0.3621980188441672
63168,0.3595372326515269
63169,0.09647258888843882
63170,0.8261611389539738
63171,1.0204615745963435
63172,1.5318851470897532
63173,0.9360128354319422
63174,2.230645285872485
63175,3.1166489322827395
63176,1.519023196651703
63177,0.39195486735871543
63178,2.1001568035499103
63179,0.623699982947654
63180,0.21371003208178996
63181,1.1522012662001104
63182,0.7528525414373676
63183,0.23379552522616928
63184,0.33543126441658483
63185,0.31610970877131706
63186,0.06112855793417487
63187,2.8491336043285527
63188,6.1066316747134355
63189,1.1143429324853444
63190,1.2753794965141558
63191,0.06693245217878978
63192,2.098590990357086
63193,0.12179967512492426
63194,1.7895945452784783
63195,0.7530392188723516
63196,1.9034423679941597
63197,1.8136962109150874
63198,0.3873837218313993
63199,0.26096676709239014
63200,1.4936153389104923
63201,2.8928153435537323
63202,2.061484570439511
63203,5.648475771836909
63204,1.2943661851331445
63205,0.7014146025633861
63206,0.43503814378459876
63207,0.6549703438978126
63208,0.36860367641349506
63209,0.07532345318376522
63210,0.07173159770544688
63211,0.5210460679731842
63212,2.625868068305436
63213,1.5007997366369983
63214,14.630675599881759
63215,2.9942571640663043
63216,1.7880441016286808
63217,0.4447877261588902
63218,0.17408239485538032
63219,0.5411014191509934
63220,3.2429724119845615
63221,0.28398155931400326
63222,4.379393638076733
63223,3.900778970014977
63224,0.10532031365619304
63225,14.174899268377898
63226,1.2082397103114695
63227,0.3335116339474157
63228,0.38178289313465014
63229,0.2186332049391084
63230,1.8908068628866548
63231,0.08156052356514237
63232,0.6006353682686485
63233,0.17028315067757024
63234,0.2716569215799352
63235,4.335219337697859
63236,0.2307520282485931
63237,2.0616413190315477
63238,0.6845704273184335
63239,0.8798244362357271
63240,4.518853692190483
63241,2.726587879447274
63242,0.4328401603945077
63243,0.1628791976602273
63244,2.598492206094023
63245,0.33771140297022867
63246,1.2275254611578033
63247,1.6068739082992507
63248,0.3143061532674318
63249,0.42074464700555764
63250,2.483204393226829
63251,4.133262756329901
63252,0.902063430061887
63253,0.46366210230291305
63254,0.48440117363960467
63255,3.2100577469780265
63256,0.037118839067900235
63257,0.6420106968484807
63258,0.16160725242167745
63259,0.222089165179966
63260,0.05349662999304688
63261,6.352186436968982
63262,0.14952148720452801
63263,0.08279894110894426
63264,0.036849883656276915
63265,1.8204925561265872
63266,0.9797952740987017
63267,1.4962251285597903
63268,2.4199544482240993
63269,0.9433859892837086
63270,1.1936823200229123
63271,3.114677576047734
63272,0.6385798488767276
63273,0.6783795194689425
63274,0.5442832383048545
63275,0.035306223110505935
63276,0.9876268679361349
63277,12.335701675863426
63278,0.41683425473362656
63279,1.5517178939728493
63280,2.1963015041405884
63281,0.44830124186631815
63282,0.22269660862257634
63283,7.108818456505017
63284,0.2703304417098249
63285,8.741899049803957
63286,0.38559465242023355
63287,2.2479906060801325
63288,0.9206439811090529
63289,0.3996314768577671
63290,2.031484932890817
63291,0.5476124899202957
63292,6.2918785337916585
63293,4.193613127995812
63294,1.1174291837472716
63295,1.36611762788111
63296,0.31222300274246195
63297,3.1678782783456594
63298,0.7148727144726605
63299,0.1424251048331735
63300,1.3003276884281576
63301,0.32865039980674016
63302,3.488887070426157
63303,0.2991660065559822
63304,0.7661053656309625
63305,0.9080055785216448
63306,0.02092942688979756
63307,0.19916917477718038
63308,0.21433981669098634
63309,2.127658304697404
63310,2.9711668564439844
63311,1.2598707083637557
63312,0.41797193957313766
63313,0.7849447072890078
63314,2.2150779843207746
63315,0.7473269663676323
63316,2.0314385813211784
63317,0.333308450870488
63318,0.3324955034842565
63319,0.34604115429444415
63320,0.1660620873291318
63321,0.6187923837802272
63322,1.185755267239621
63323,0.7229533034062412
63324,1.793466120673438
63325,2.8500707912240744
63326,0.6421255048001016
63327,0.2194461606289961
63328,3.420070332819818
63329,0.9780060750426547
63330,0.5477625830932512
63331,0.1616173474009353
63332,1.8604190109633967
63333,1.2858293097613003
63334,0.1059345822024351
63335,0.652112380856069
63336,0.6362132799611233
63337,3.1132479393990735
63338,0.4328279885335834
63339,1.1810139011198433
63340,1.1567969235602378
63341,0.8110738411409363
63342,0.40184224912864774
63343,0.38392006866115075
63344,2.7420267223499617
63345,0.8075600540540394
63346,2.183788358805534
63347,0.3515317864873738
63348,0.16431444053623753
63349,0.1552278095801137
63350,0.039572858878757576
63351,0.9940944337011923
63352,0.4682402302249545
63353,0.24141712516605873
63354,0.22826285202747143
63355,1.29419912557627
63356,0.2051046704626036
63357,0.3825534584795246
63358,0.6630118394826824
63359,0.19311714610235697
63360,0.5416071525659129
63361,0.8062752783409839
63362,0.10159379604464344
63363,2.2375675457181456
63364,2.1719921229015022
63365,2.173982431569705
63366,0.9235374260587896
63367,0.1588492808746671
63368,0.17562526539034706
63369,2.1501006024715594
63370,0.1627503875775096
63371,1.0122773375301741
63372,6.351577650645695
63373,0.08452295941957792
63374,2.8957819871261896
63375,0.9603666627634562
63376,0.22153615414528469
63377,0.8419117175090467
63378,1.2459340202405016
63379,0.7698692010882684
63380,0.604731320567
63381,0.7765414061097355
63382,0.5977900297201296
63383,0.10314871400589948
63384,1.1046953175015466
63385,3.726194772969733
63386,2.0230054441502543
63387,1.7398170644682127
63388,0.9185546960538804
63389,0.5024696044147006
63390,1.4220261071725904
63391,0.40942863287896314
63392,1.0115340388483123
63393,0.7074467463599061
63394,2.1006273462230145
63395,1.2030919517957914
63396,0.3091106111793993
63397,1.703080200082888
63398,0.18759060410134204
63399,0.3730602955453025
63400,0.4828671962581179
63401,0.5441841230021927
63402,0.06314719416532168
63403,1.2821121332929883
63404,0.8964398244288025
63405,0.12050379914587105
63406,0.8806487739070181
63407,0.8559118990781959
63408,1.0153778694911304
63409,2.661836005563613
63410,2.6931673516435026
63411,0.9072698296281223
63412,4.1274686782418515
63413,0.1902668935866814
63414,1.4827880508005016
63415,4.041189355226556
63416,1.1434986317422953
63417,0.7376508475357227
63418,0.48977781522168473
63419,0.0965633015639996
63420,0.5141963184705084
63421,0.07760586408124508
63422,2.331144356441835
63423,0.9030628092310827
63424,0.8774538619933414
63425,0.8078704195726355
63426,1.1177298318934517
63427,0.2864183136825773
63428,0.20692577050093383
63429,2.2511889600943884
63430,1.2783304451441002
63431,9.205563436175682
63432,2.071197129689728
63433,1.1578666670246167
63434,0.7738385419182202
63435,0.5476133143359143
63436,0.3945877253006473
63437,1.5198429020717743
63438,0.12822219099330825
63439,0.2897780126309821
63440,0.03240120867969214
63441,4.912828649358286
63442,18.96394595043544
63443,0.21092274541031836
63444,0.256711841741304
63445,1.1123438497822262
63446,0.5532158699966057
63447,1.2253769897918476
63448,0.550435570260822
63449,0.6263729348178122
63450,1.4291815223616207
63451,0.591809593153014
63452,0.2607552527533186
63453,1.0605724790516518
63454,4.342068719970861
63455,1.059244055645694
63456,0.09192750880989811
63457,0.8671844993531451
63458,0.8751516948905539
63459,2.601548344189975
63460,0.30777076205552806
63461,0.278634075489034
63462,0.21590672517855508
63463,2.456651240650863
63464,0.7846563567349452
63465,0.8315682181473126
63466,7.750931813386597
63467,3.4732424544059364
63468,1.430537229064382
63469,0.5551813171118842
63470,1.4003522662263017
63471,0.9562712386584307
63472,0.3276387020833193
63473,2.540435170967772
63474,2.233991688173953
63475,0.9014051259023372
63476,0.04823052226443195
63477,0.5916338457305841
63478,0.1260731969966901
63479,0.9882293410769329
63480,0.5040484919528967
63481,1.1573053670338354
63482,0.9748339626984555
63483,0.8543314050951293
63484,0.8950622922866467
63485,1.2658261995257134
63486,1.0978565011870653
63487,0.2799654535979347
63488,0.721796586770744
63489,0.7164109146633872
63490,0.2812134348613581
63491,0.6048299395969333
63492,4.042315986168811
63493,1.6987586121924143
63494,1.5310917317126909
63495,15.906362682494123
63496,0.18816238738706956
63497,0.3653835494167591
63498,0.2353790548308445
63499,1.453516267211755
63500,0.283467108713795
63501,2.9651664253448686
63502,0.22806533920728814
63503,0.5634212640455759
63504,0.03850767870507585
63505,0.44083812891295504
63506,0.8319247261668389
63507,49.294809459917836
63508,21.337680045589646
63509,1.0167359101536606
63510,0.3184307634496874
63511,1.245724003307023
63512,3.66194102843079
63513,0.3390641101415262
63514,0.20502759322631595
63515,2.034613327815871
63516,1.2875854784538536
63517,0.09099675202550407
63518,3.5785305992522844
63519,0.2396360641552429
63520,0.19405064179030956
63521,1.043167919467884
63522,0.22089872539599525
63523,14.869223525275537
63524,1.7980854575745175
63525,0.7777841041366187
63526,0.2870698883082296
63527,0.594384466776473
63528,2.020290305569014
63529,1.0016561017863448
63530,0.8965425083341017
63531,3.212886555635406
63532,0.11161404535222777
63533,0.23143676267935373
63534,0.12178727851102036
63535,0.05992304030387911
63536,0.3989314284319634
63537,0.8153381601298005
63538,0.20413106672231682
63539,0.9766644865795334
63540,0.28429349807133747
63541,0.0592026631863493
63542,1.8207980204977703
63543,1.0750002620754704
63544,2.13159322860614
63545,0.56476799092811
63546,0.6491541039068834
63547,3.229448408609767
63548,0.7746004503984437
63549,0.6080405432438475
63550,1.3088085373932674
63551,0.7465455278604416
63552,2.259949363211351
63553,0.34860868911705967
63554,1.1576235776424346
63555,0.6788401211246672
63556,0.2614767765481935
63557,1.6604625741745684
63558,1.0370045284040177
63559,0.07138813707048895
63560,0.28598141162580915
63561,0.8232007572241785
63562,3.9608986642757866
63563,0.5608099401449509
63564,0.25204289485355313
63565,0.04469720729440108
63566,1.689051258099789
63567,2.715591205185516
63568,0.7998019463449293
63569,0.3606358284790979
63570,0.402634482022478
63571,0.7193283274607423
63572,0.49681942450380207
63573,0.8522731410019818
63574,1.2661692010786143
63575,0.08064399383463067
63576,9.576906358213309
63577,0.7042054299995774
63578,0.3500120599299441
63579,4.313996688052811
63580,0.20477920935748886
63581,0.5785859273454546
63582,1.6047916694899675
63583,0.15032589060398854
63584,0.7561015893151517
63585,1.2911281049347256
63586,1.2650303404410008
63587,0.38942317819397654
63588,0.27876674507498944
63589,1.2129436905381827
63590,0.407004838378276
63591,0.4792874369753593
63592,2.1120469614108144
63593,0.7101708251270278
63594,0.26428747691523014
63595,0.5368834099926907
63596,0.19065762789863874
63597,1.5669305126945072
63598,0.04602859979070231
63599,0.21861944891442284
63600,0.5880318591264992
63601,2.1689412015741754
63602,2.8603416515747186
63603,0.6939513333041347
63604,4.7290227236769296
63605,0.363142548836945
63606,0.7608609323944562
63607,0.27142191752541733
63608,0.10352620228950052
63609,0.38029494554822985
63610,0.6248182869725505
63611,0.25493267123200103
63612,0.38175992290862293
63613,2.379033143315637
63614,1.203940141293738
63615,1.8396269936307033
63616,5.671357847367595
63617,1.3833773125090416
63618,2.308093485241703
63619,0.4780995210851988
63620,0.5470690265098177
63621,2.1653694384445386
63622,2.082040626997597
63623,0.7244844546644249
63624,1.3887335988525922
63625,5.645012888474256
63626,1.284880740794656
63627,1.8914591099596811
63628,0.7899873300953042
63629,0.356521895706405
63630,3.562458560916825
63631,1.1044888223564489
63632,0.36078644815736227
63633,0.14795292742969887
63634,2.8879980543096617
63635,0.5521419426669104
63636,0.356393645439528
63637,5.455032664610373
63638,0.8190308671511486
63639,0.30726659562116204
63640,0.7320828122442756
63641,0.6217928353101281
63642,0.8604615295723177
63643,0.9685949674539724
63644,1.1343760779895458
63645,1.8004433393617532
63646,0.8612975312085179
63647,1.3750418273191958
63648,3.473872917382571
63649,0.3175479515760775
63650,0.19973740384103503
63651,1.1195366546357342
63652,1.3331728595993662
63653,0.914216411416865
63654,1.937286592010385
63655,0.2826008358218451
63656,0.6883119948851865
63657,0.06197986917451169
63658,0.6480798940854824
63659,1.251378874198857
63660,0.6832684181287335
63661,1.6315756148233482
63662,0.247969084649533
63663,0.13610476116730727
63664,0.7139790162101322
63665,8.687963584605772
63666,0.8782841478759931
63667,0.8053717014561803
63668,0.9082755169435286
63669,0.6439853796521844
63670,0.07057002337931413
63671,0.3920361542710278
63672,1.6713787497263353
63673,0.8317307163823598
63674,1.108689010540635
63675,16.08551995570582
63676,0.5961479053256191
63677,3.732699587890482
63678,0.3568856046661554
63679,1.3245143087684241
63680,0.21989484066343987
63681,0.622052209606533
63682,2.444361659008341
63683,0.07424856558756526
63684,0.43227473130216315
63685,0.515622365922659
63686,0.4283840083588649
63687,0.719683033556006
63688,1.1080208199741555
63689,0.2197636105588793
63690,1.5280662762015955
63691,1.0850241888914995
63692,0.8129372875220555
63693,6.7085592563547305
63694,1.1768863069499202
63695,0.19775763566392687
63696,3.046862121922337
63697,0.5638450217245609
63698,2.516069093899477
63699,0.158351146687897
63700,0.3304213349165168
63701,0.10991504388796006
63702,2.655565357176891
63703,4.898237841551408
63704,3.9057853232529074
63705,0.23768533136200465
63706,1.6775362088150707
63707,0.5667600064785095
63708,1.8433449217248241
63709,0.13481104749638587
63710,0.05308217383311656
63711,1.2290973527238709
63712,1.4383372379694066
63713,1.7172993535394452
63714,0.9168993633388384
63715,0.10835005935484684
63716,0.06554158041189913
63717,0.617382005826232
63718,0.4248080033386238
63719,1.1115373857334279
63720,0.7469301710983708
63721,0.08098439981516331
63722,1.0241769377248309
63723,0.9188127913382945
63724,1.5027347870287524
63725,1.0567367146466695
63726,3.7628472914767963
63727,0.9961339619360259
63728,0.2175454508097834
63729,0.7301519465540128
63730,1.5561440867639773
63731,1.8189881534212864
63732,0.24145136575063547
63733,0.7913579534803158
63734,2.161928137444621
63735,5.283679570170386
63736,2.047952598662673
63737,0.20951326884408392
63738,3.971296155362357
63739,0.18785791329435597
63740,0.04499781153181047
63741,1.8389235508256139
63742,0.9697880596146053
63743,0.2637231221030235
63744,0.1929124957399373
63745,0.2495118988841882
63746,0.5934186543423148
63747,0.5204501220026712
63748,3.643760178153716
63749,0.7209553540771287
63750,1.303554491176598
63751,0.16763537331869025
63752,2.425469365908981
63753,0.3124999156559123
63754,1.0161406913803184
63755,0.37895031680800306
63756,2.74317578434943
63757,1.1649734936166398
63758,0.4259529761340327
63759,0.170595393700716
63760,0.40988334527579495
63761,0.9002256127609505
63762,0.2064413537785502
63763,2.234436923879917
63764,1.078584092904352
63765,1.1565453358425817
63766,1.0391695461123132
63767,0.690529920987081
63768,0.9018237861646026
63769,1.9354571953393227
63770,0.2775959809198306
63771,2.599047738826794
63772,0.385309241605704
63773,0.13767718363754183
63774,0.21862896696658543
63775,0.21670838376653287
63776,0.33696345297626507
63777,1.9911763641804079
63778,7.5520681899146025
63779,1.0524738893784968
63780,0.3061020784349718
63781,0.5784347029278045
63782,1.3316354885760704
63783,0.449264119355976
63784,1.819761097026721
63785,0.737727790532158
63786,1.7499851975191696
63787,3.6001378517502567
63788,2.238117654882522
63789,0.2831704471967025
63790,3.114270625578611
63791,1.8712471061934934
63792,0.7116926211409993
63793,1.0907676824615995
63794,2.2745283581167075
63795,0.6859191512759939
63796,2.3778169330059584
63797,0.33506412169721606
63798,0.6838574657031479
63799,0.4367352917133902
63800,1.6199859782241073
63801,0.9628714265231262
63802,0.43613285414858893
63803,0.6448023627469854
63804,0.7613542897869906
63805,0.672443055300488
63806,0.886719620136663
63807,4.758448050644696
63808,0.11492575984382122
63809,0.0999941786858829
63810,0.12144148589543474
63811,0.5061110748876629
63812,0.7397663874823309
63813,0.6236424019791048
63814,1.7607765671773932
63815,0.06546224549965268
63816,0.1438594644522565
63817,1.2923046372263587
63818,0.8387733217561443
63819,3.385335282689611
63820,0.08542208169697407
63821,0.592586525508839
63822,0.2847391975266538
63823,2.8937292577572995
63824,2.5267493705027584
63825,0.8981625399007056
63826,1.2535648778065287
63827,0.0782505111709255
63828,0.7423234107888184
63829,1.9170032872925091
63830,0.404288113141759
63831,0.08308665888665326
63832,1.1285588408792167
63833,1.7201036905445086
63834,0.45134561957922376
63835,3.235284311105108
63836,1.7805111449176743
63837,1.6016841005713554
63838,3.1184033294231925
63839,0.2783680901391328
63840,0.21823898334533304
63841,0.570434890158454
63842,0.5992370924054838
63843,1.1244562531588054
63844,1.2277435521132527
63845,0.6244928035368227
63846,0.8016593723593447
63847,0.43520413435398003
63848,1.302330135828343
63849,4.962480609071231
63850,0.05534243119916778
63851,2.512704036386748
63852,0.07052233691437174
63853,1.7409810709203106
63854,1.8729055358528788
63855,1.7472671097742778
63856,139.47877306835272
63857,1.6834532459714784
63858,0.23002050356601605
63859,0.2912088589148667
63860,0.26795872941642596
63861,1.4806800789452153
63862,0.31449325936669453
63863,0.5557411312551161
63864,2.8940551075071097
63865,0.9148124554542891
63866,0.9169442875074345
63867,0.8979357885229365
63868,0.27306095136610997
63869,2.2261908718853793
63870,0.893130241317301
63871,1.1185884978198128
63872,0.06673908858452934
63873,0.5735275518033556
63874,0.1454111763662029
63875,0.4090201146582492
63876,0.47085035308971285
63877,0.3773838409096402
63878,1.2968369472599415
63879,5.97320051405027
63880,0.2680972431134423
63881,0.5893233932395545
63882,0.09850623737047834
63883,1.3974834187887695
63884,0.29204494836805317
63885,0.7005466123001196
63886,0.865370253712517
63887,0.3414813237588666
63888,1.4561177348206327
63889,7.418190300351884
63890,0.38236950610135184
63891,1.0984019364849233
63892,4.4797318912399975
63893,0.1945989500033589
63894,0.7624731555709694
63895,1.5042400288553044
63896,1.1030623422861758
63897,0.28698734315449254
63898,5.8214711277178415
63899,0.8377499334596713
63900,0.3838278130318564
63901,0.14278603906078333
63902,0.5920064978533286
63903,0.7902391115966536
63904,1.421337263972132
63905,2.6083235447626287
63906,1.6170379191773185
63907,1.076015768858266
63908,3.3466822175003244
63909,10.481486784512496
63910,0.11166211384632653
63911,1.428491748656476
63912,0.7999918826623021
63913,2.4063755945079315
63914,1.6742803966810487
63915,0.41970040914062645
63916,0.3194896919407041
63917,0.6974526921230682
63918,3.4198794356902766
63919,0.37444466161651146
63920,1.2051851493892747
63921,0.23106603238226614
63922,9.595477109353814
63923,1.3417559635998053
63924,0.045930769688039774
63925,0.8451965464051344
63926,1.717188038323644
63927,0.3295774687916335
63928,1.20995715472985
63929,0.44094752728844916
63930,2.555574398248184
63931,1.0373368322904597
63932,0.29723604277004406
63933,0.1282604613644265
63934,0.4128548577657658
63935,0.4474121099508491
63936,0.32794105210942853
63937,0.4933864725212256
63938,0.4410159320885422
63939,1.1266024677508983
63940,0.20579076101934238
63941,0.19604923362129484
63942,0.3054435480982043
63943,2.8147196871294957
63944,4.11755141731541
63945,0.9508909631935917
63946,1.0568551232139034
63947,1.3401697133108224
63948,0.6805610517452824
63949,3.309133937996473
63950,0.5286376044463308
63951,0.7480201116526604
63952,0.1983172375122414
63953,0.32108406576681764
63954,0.735074365883899
63955,0.6148762566454373
63956,0.6874118830192474
63957,0.9293175497170753
63958,0.522794929036478
63959,0.47623341236931876
63960,1.6507911922489507
63961,0.8589023775940672
63962,0.6222271663821448
63963,0.4540072072319305
63964,2.4832731100966368
63965,0.31933275594238014
63966,0.07318874127534579
63967,0.6719798720054702
63968,0.9855026624846649
63969,0.8961558817403869
63970,0.06980307227651329
63971,1.3358865228548022
63972,0.3196172026649482
63973,0.12047071238374166
63974,1.1897283971488748
63975,4.918187148721314
63976,0.8150230698586739
63977,3.475851439567259
63978,1.6330942436394766
63979,0.10990608934189976
63980,2.4666976969569414
63981,0.5555505145378431
63982,0.05972918530237256
63983,0.20005621404840984
63984,0.1657258555433993
63985,0.5359850968870594
63986,1.4940070359603081
63987,0.16151580027955717
63988,0.2781390314094706
63989,0.6517158268445014
63990,1.0712611537550853
63991,1.8756611709810163
63992,0.9980139392477546
63993,0.37851497567403203
63994,3.036696958366855
63995,0.7968697792851099
63996,1.4493854192778604
63997,0.2612426596684894
63998,0.22176258430124848
63999,0.17576491687916013
64000,2.01917589970829
64001,0.7470015586513423
64002,2.2860261131229365
64003,1.571766017676568
64004,1.7764780682581391
64005,0.22644920490680392
64006,0.6615159663708517
64007,1.2092997909493213
64008,1.0380953776624677
64009,0.8714087587213952
64010,3.310984004379292
64011,0.2344779683464399
64012,1.5340554366554742
64013,0.733008757866145
64014,0.9949651689564826
64015,1.3802546810969243
64016,0.19648903637554496
64017,1.5468940176866743
64018,0.7025905759870835
64019,0.023973300332169406
64020,0.045732463812188075
64021,2.3075736050840976
64022,4.665884558299675
64023,0.8042305026642024
64024,1.4513098878918935
64025,2.3009478451167262
64026,0.21361816671353243
64027,4.015169913841844
64028,2.5595724857671325
64029,0.21690553736569512
64030,0.2630878778764604
64031,1.2147298929797257
64032,0.6702177650236397
64033,0.5158068345142263
64034,0.16211298411898747
64035,0.18027910051256324
64036,0.8205534093156219
64037,0.7572163653741975
64038,4.1111758886622
64039,0.41508063705662784
64040,0.6903850450871879
64041,0.32116076549780515
64042,0.6510115372223507
64043,0.9684492025856717
64044,1.3120325035514468
64045,1.515863321858562
64046,0.9586711855095892
64047,0.39375730440023154
64048,1.9861363883646217
64049,1.5878706331980228
64050,0.29356861291955866
64051,0.35080330216965233
64052,2.66197944117022
64053,0.3361420081761695
64054,0.15017046770417036
64055,1.0786982680115458
64056,1.6257107019581443
64057,2.9039056544131174
64058,0.9876770527414889
64059,1.6686616306585649
64060,0.14961202186443626
64061,0.9858851239258688
64062,0.8692752264274559
64063,0.40717988826491647
64064,0.20413030238169833
64065,0.41358499009733896
64066,1.470294602357013
64067,0.6357291690575654
64068,10.096883787330247
64069,0.07379303488580242
64070,0.2933777627059991
64071,0.04698868417133884
64072,0.9657129970314279
64073,0.265517439039047
64074,0.5744958447159922
64075,0.5752789047349022
64076,0.79365262243904
64077,0.2888938991394038
64078,0.5997682718975907
64079,3.840133258262502
64080,0.6575252707185975
64081,0.10572565869697
64082,0.7015074277404608
64083,3.40833301262589
64084,4.641168745579816
64085,0.15100835153412298
64086,1.0961642725165222
64087,0.5084279200310329
64088,0.3376760138767904
64089,0.8346322980645217
64090,0.7767580162471025
64091,1.2905038535036804
64092,0.5644145138778163
64093,1.1473574259903998
64094,1.6175963867621654
64095,0.21168775892681332
64096,0.9596672454608876
64097,0.8038955047835598
64098,0.5786135606312003
64099,1.8829927308030578
64100,0.6885794090395765
64101,0.7155628030677781
64102,1.1979814912533806
64103,0.5144620713343759
64104,0.4777954529151893
64105,1.3295410604794797
64106,2.1348121251617895
64107,0.2613869543399236
64108,0.6924618500111779
64109,0.5220442276176114
64110,0.04211068701563089
64111,0.8248285698546937
64112,0.13049417329123406
64113,2.3114922150508277
64114,1.5632969875051363
64115,1.4167383146750396
64116,0.22678981989863972
64117,0.24703892064383162
64118,0.4284775230683709
64119,1.0363483300681462
64120,1.660891995953127
64121,0.5904299657065097
64122,0.3987087861902049
64123,0.5326389988493093
64124,1.1571279539228776
64125,0.47756517673141335
64126,0.18956865734275932
64127,0.9730048706481347
64128,0.3291843555962531
64129,0.16879179302251213
64130,1.996616279988771
64131,0.4378282681924752
64132,0.23836867682947416
64133,0.16842597897102202
64134,0.15101234577510658
64135,1.8403424216500137
64136,2.1308296517463434
64137,0.5666522924551411
64138,2.780109038495314
64139,0.69896513814241
64140,0.4186516814047242
64141,0.10323948587170897
64142,0.04861975721696935
64143,0.5721554937031931
64144,0.3367572118107594
64145,1.1645794192926053
64146,0.4592708072678446
64147,1.7522066674949617
64148,0.26427336678635255
64149,1.5927734706895411
64150,0.07411122676579998
64151,1.078301583137465
64152,12.34814439161291
64153,0.9023915650575918
64154,1.447248109039072
64155,1.251253012402309
64156,2.0528664538275914
64157,3.0217453965494587
64158,0.47082134394875014
64159,0.14959905555731068
64160,0.5425188451944016
64161,0.8042914730250105
64162,1.3488965998466858
64163,2.7036546113058453
64164,0.43487001224003624
64165,2.0953646079894916
64166,0.5545043553700465
64167,0.8748005494997727
64168,0.4177661341561192
64169,1.1380815707695524
64170,0.4253558724138522
64171,1.8742835949569363
64172,3.249324023422635
64173,1.5227369042829157
64174,0.08066003692229667
64175,1.5243788676693577
64176,1.1511241265539922
64177,1.681924548810617
64178,1.1118439932115904
64179,1.226193814517439
64180,1.8263682285335796
64181,0.13594466251602377
64182,0.20460596662072406
64183,0.5439004672260741
64184,2.488015422457591
64185,0.11784275617124006
64186,1.5881875479372392
64187,5.648639802510181
64188,0.3590031012741566
64189,0.33847933953631715
64190,1.377695432968568
64191,0.37836734357302015
64192,3.0725771443591516
64193,0.2344654060220177
64194,0.08176118041671435
64195,0.4424676980264897
64196,1.0972618156444633
64197,2.1884303032311703
64198,4.061053531432645
64199,2.896433049189061
64200,3.2481639656033217
64201,1.619090790305459
64202,1.105514148562358
64203,0.4969509134619229
64204,0.3237699870470063
64205,0.24539242527897903
64206,1.6425609710666043
64207,0.9368666649987878
64208,0.22716996419154695
64209,0.45209498226796574
64210,0.3680910209512441
64211,3.3189033105503785
64212,0.5612182587932852
64213,6.81752312495844
64214,7.565930482234008
64215,1.2889347779607112
64216,1.3244204863041662
64217,0.291764341486499
64218,0.05930942200905619
64219,0.3630704651308655
64220,1.8358258588941776
64221,1.0709990171635142
64222,0.07502435839449896
64223,0.30066606355195974
64224,2.2434576933036037
64225,0.7978414201116137
64226,2.381968466587441
64227,8.002033385439177
64228,4.419381947137094
64229,0.9259633958341082
64230,1.2428744195535102
64231,0.8790650392959475
64232,3.4684122958376826
64233,0.42544737538375704
64234,0.5016380822098263
64235,0.2929733780940658
64236,0.8457303718263247
64237,0.8150241738071473
64238,1.6237649460860049
64239,1.320716110202835
64240,6.370497949343701
64241,2.298046738318629
64242,3.534655711608898
64243,1.654817581181975
64244,3.9821473020869878
64245,0.7734871994701056
64246,3.7263580463913946
64247,0.7181643947063526
64248,3.949439891815648
64249,0.09982165652586163
64250,1.0328654981463379
64251,0.6870544924993316
64252,0.6466086322140572
64253,1.0354951143180404
64254,1.7765590870404153
64255,0.4512296541119222
64256,3.9266255784495523
64257,0.20347949568764634
64258,1.3071707379354878
64259,0.9007388434470427
64260,1.9435095057800136
64261,0.44826611245661585
64262,0.05470556622645059
64263,0.8431639281713511
64264,0.34757718974038665
64265,0.16273795432727106
64266,0.3964095907019062
64267,0.09090630284206899
64268,1.8355919103023908
64269,0.17167564304246613
64270,0.28526153287387446
64271,0.4978425359182083
64272,6.6794483136673275
64273,3.6847901165995003
64274,1.1568713428824835
64275,0.5385595179888981
64276,0.22217032602991424
64277,0.08591223008022733
64278,0.2023175533196887
64279,1.1846901856445924
64280,2.13564215620369
64281,0.2655531484449149
64282,0.04532261562600806
64283,0.3698719946339399
64284,0.2020587972815568
64285,5.822886665230241
64286,0.7623320486123734
64287,0.5598553260194398
64288,0.08675752219736363
64289,0.2833295540124736
64290,0.49318863091791615
64291,1.9714410522047754
64292,0.4981385708900736
64293,4.511650574883034
64294,0.8588678934850658
64295,1.7906709969624774
64296,0.3713400491879185
64297,5.784875090424365
64298,1.788770264612348
64299,1.6684690830663569
64300,0.3879414733625964
64301,5.184135264151519
64302,0.4339331433005794
64303,0.43097213032883536
64304,0.2301220804174253
64305,1.0804022548973355
64306,1.1171887039510726
64307,1.7974506509290258
64308,0.868237077472539
64309,0.4361349558331612
64310,3.6792821254374197
64311,1.947131176157706
64312,0.9262691934924173
64313,0.9812055250556567
64314,0.8760505506433172
64315,0.575273606609431
64316,0.741240473594211
64317,0.5421610912125651
64318,0.4295246663199782
64319,0.1554232572008436
64320,0.23960791464558306
64321,0.6447478054881904
64322,0.5722691172126196
64323,2.059947641229639
64324,0.5926646223562952
64325,0.8942448806865825
64326,0.20675509172094808
64327,0.47427525166928775
64328,0.5927377186293674
64329,0.28054561216088675
64330,0.31423917752281055
64331,0.18443718090503347
64332,3.053855068985861
64333,0.5336016845290498
64334,0.13674655850929804
64335,0.4397091636711561
64336,0.7254340011734988
64337,2.103986745041941
64338,1.473000884009413
64339,1.8534736977582476
64340,0.39575638490663334
64341,1.2853750845058165
64342,1.670088086919262
64343,1.680559338557754
64344,1.1485692343150242
64345,1.199023564306379
64346,1.1852134986844542
64347,0.3234614106757256
64348,0.2410090821746749
64349,1.6831542193660969
64350,2.7496460497287107
64351,0.9133341127584084
64352,1.0527525097162145
64353,0.33832652971722266
64354,0.17902039468282566
64355,4.46125993286847
64356,0.5117088389213356
64357,0.32133862632525495
64358,1.0521335583479186
64359,2.193489570129146
64360,0.20090168323777285
64361,0.8048393486216305
64362,0.6083568464274558
64363,2.113604706549223
64364,2.3407940932448503
64365,3.502291821990521
64366,0.17202043503448403
64367,1.1871628759595165
64368,2.6913205355296044
64369,0.5126941172553374
64370,0.39738005937257903
64371,0.2117950903079476
64372,1.268304512654461
64373,0.849968409672319
64374,0.6734435556662159
64375,0.8936451965372656
64376,0.29593659623936447
64377,0.29711603008321386
64378,0.4917693259304542
64379,0.092630919564951
64380,0.5071448717331766
64381,0.27344641433225086
64382,1.9069610598311815
64383,0.8215014236148304
64384,4.40752388318421
64385,11.087840324848115
64386,0.15674236259110824
64387,0.5670258922177424
64388,0.24718728084307603
64389,0.46596796818523056
64390,0.2209538732874863
64391,0.15284341139934307
64392,0.7271424937081061
64393,4.774571708997638
64394,0.39245079453691856
64395,1.8711818984236481
64396,1.605089239750468
64397,3.00577541927366
64398,0.3436655516154956
64399,0.6891153293323634
64400,0.1248951338338176
64401,3.2357127171068005
64402,0.4871607301792267
64403,0.8147932485783579
64404,0.18062527213884885
64405,0.33306779670601017
64406,3.1725918227271586
64407,0.398922044077862
64408,0.4820947204344267
64409,1.0292482272313785
64410,0.45832218913976147
64411,0.6008639756726459
64412,0.5550308947032364
64413,1.702721132812534
64414,0.655037711103571
64415,0.1672065691518402
64416,6.206347677438744
64417,2.080948172668427
64418,0.7858716543116806
64419,0.9755865677951729
64420,1.103964090114621
64421,0.25345542777020214
64422,0.5122971512742218
64423,0.38509347688332374
64424,1.7308119355723268
64425,2.852020044493031
64426,1.5411885430602401
64427,0.2109653028632587
64428,0.49595424748772643
64429,0.5134747326159346
64430,0.18825271533507223
64431,6.585962357353323
64432,3.332314786430868
64433,0.8749181468213596
64434,0.5119559419218402
64435,0.9197828551967062
64436,2.241106841853076
64437,5.987208179743909
64438,13.997096340940908
64439,15.59658732796784
64440,1.0194639726604946
64441,0.7605979808276704
64442,1.6877713065411566
64443,0.0802603245048286
64444,1.1782464157481405
64445,1.5718816368859456
64446,1.220160829603504
64447,0.3318610431102691
64448,3.177940265329687
64449,1.1032287146071753
64450,1.00628798076944
64451,1.028654940331409
64452,0.735600991737349
64453,0.724019368164757
64454,2.7738770357859024
64455,0.8093829677394156
64456,0.3590303235077041
64457,1.1562653961179536
64458,1.8459901947856752
64459,1.3508229679949082
64460,0.27334874566203976
64461,3.5322827623062465
64462,2.3740536881370735
64463,2.425032505470475
64464,0.6152000483220299
64465,0.2604458511169159
64466,0.11145637148642715
64467,2.9057208680101976
64468,0.15511773925069472
64469,0.640969091497853
64470,0.7278376567969471
64471,0.6150664728001635
64472,0.29531432066462376
64473,1.4331356092897984
64474,0.19699015436606165
64475,4.14786082617407
64476,0.494879866565724
64477,1.0695665638699572
64478,0.11941929576653076
64479,0.23455347273438873
64480,1.5615810633539906
64481,1.6049489235532954
64482,0.038574428570364874
64483,0.4738719682984377
64484,0.9586830302167826
64485,0.5109053502714371
64486,0.591307498985042
64487,0.9417826355413816
64488,2.294754109269569
64489,1.0081634546800227
64490,0.4430907327211729
64491,1.6240242062517347
64492,0.7122010680429722
64493,2.7410939124782114
64494,0.34927785490093294
64495,0.37959385208531293
64496,1.6235220255231986
64497,0.47948429476135596
64498,2.5295556941139408
64499,4.296918884917611
64500,3.550700242997652
64501,5.385555540921766
64502,1.4405251986389225
64503,4.859585028993163
64504,1.3000323662811215
64505,0.6821567474936583
64506,0.40738885552755666
64507,0.4152419729407813
64508,1.1287223154096973
64509,0.4832622167353844
64510,0.5762936046819751
64511,0.4264920089410799
64512,0.1300674581836627
64513,3.738660493478657
64514,0.550638338501164
64515,0.09060600909109899
64516,0.18592707840911452
64517,1.595976454294549
64518,0.790160350757265
64519,3.777883432204396
64520,4.199403229172412
64521,0.43425616565591363
64522,1.0266306002142478
64523,3.6630811455079186
64524,0.9099963643405138
64525,4.409350980957071
64526,1.910281012136538
64527,0.9514090674396227
64528,6.334505202202998
64529,1.423464684480968
64530,0.8755715649546998
64531,0.3828976141426686
64532,0.625657810986229
64533,2.4709336980060934
64534,0.8765719516838036
64535,0.1481249693585414
64536,2.356129781206423
64537,0.7095047343783629
64538,1.1614653789214817
64539,0.7269450741869943
64540,1.046775503884615
64541,0.8776106767385161
64542,0.1296796307660804
64543,1.3715119564937144
64544,1.1227194991176335
64545,0.8401965564160342
64546,17.725657130514207
64547,0.08406461704591786
64548,1.154515605470009
64549,2.6581004073516956
64550,0.11961518152534828
64551,2.327843905944773
64552,0.7879874485385022
64553,1.4346682596817293
64554,1.5528659499335489
64555,3.402647170952055
64556,2.0757574597640667
64557,0.07570468989461049
64558,0.21836757816062977
64559,0.21311179639586478
64560,0.2684404646162766
64561,0.32605051747984487
64562,0.32514880169098026
64563,3.5705456505711926
64564,0.6545228139481984
64565,1.5197367234165164
64566,4.715728304539887
64567,1.6079060729345982
64568,4.137400210738004
64569,1.166739344123854
64570,0.2871248729560197
64571,7.680758968356046
64572,0.13535018006468963
64573,0.8227085830903494
64574,1.8889506217629741
64575,1.368372316565576
64576,0.9169439069010725
64577,0.19929155823929512
64578,0.13147431916388305
64579,0.7023745520062401
64580,0.3111452914992336
64581,0.429891286499907
64582,0.1940278422423258
64583,12.204114121446578
64584,1.5951042088805414
64585,2.1093472336700216
64586,0.028841074845358885
64587,0.5630882931592908
64588,2.135751075005301
64589,0.13924866485814674
64590,0.2928595605565401
64591,1.0907385976889277
64592,0.12484391334067639
64593,1.180866155005715
64594,0.19999587005629835
64595,0.9584353495145209
64596,1.2361266034429297
64597,0.5519878676700721
64598,1.3990242253497212
64599,0.7667067551369913
64600,0.28646653212212786
64601,0.08982099528628443
64602,5.5358813759834495
64603,4.7857794112697025
64604,0.1866233342840714
64605,0.06763908042725016
64606,0.7710972386121434
64607,5.128969524123474
64608,0.24252424300695866
64609,0.35210650692483914
64610,0.5553048604725476
64611,4.047114720705599
64612,2.4525887616970685
64613,1.126177180489911
64614,4.688446292919425
64615,0.9912075886758905
64616,0.06553079950982327
64617,0.47978737724788423
64618,1.6353485991296333
64619,2.121578798066237
64620,0.5674031370842546
64621,0.7577172990716916
64622,1.0835386456564982
64623,0.6530563987777676
64624,0.22664773960857246
64625,0.3045404118712903
64626,3.314171097528907
64627,0.16566114822994102
64628,3.2020396600561565
64629,0.1856855943101636
64630,0.18635491788335196
64631,3.532371950732152
64632,1.4782606435253234
64633,1.015602761575066
64634,0.29077818017044205
64635,0.9053558086706028
64636,0.30654594573560767
64637,0.3806459868447585
64638,2.084237695670227
64639,0.8507081349583565
64640,1.2309546017355018
64641,3.9550265436117598
64642,0.09612850625098143
64643,0.5389901036781978
64644,1.4528070774934645
64645,0.6476895311075864
64646,0.9725815483801301
64647,1.264885144089536
64648,3.004954322808724
64649,0.6078472707441029
64650,0.8961370180877704
64651,1.0627349292504775
64652,0.4198665469866212
64653,0.7484427754723554
64654,2.189319413696292
64655,1.6887899119891394
64656,2.1130999465123024
64657,0.3675072084140854
64658,2.377174370552941
64659,4.474580429288006
64660,0.13955090345794374
64661,2.2612672204708475
64662,4.212829395497143
64663,0.046128518885688446
64664,0.8480381501942195
64665,0.17361420122607069
64666,1.0860247753148948
64667,0.13794885588032194
64668,2.4106557270004636
64669,2.9955408828256176
64670,0.6141638148173315
64671,0.6242100471124441
64672,0.5450726139331832
64673,0.5553682563055201
64674,0.31108634328191975
64675,0.12748805979909975
64676,1.7032950286821797
64677,2.066868168346183
64678,8.020112543361577
64679,1.2629474277106048
64680,0.25676907335029714
64681,0.6509717721295314
64682,0.6867167928278306
64683,0.08510451901368721
64684,0.23327850504067152
64685,0.16485438339681063
64686,0.451231778850542
64687,0.24233712594236057
64688,2.5130545095912575
64689,0.33529018954331846
64690,1.857996437864067
64691,0.5815704847588611
64692,2.1036436232881432
64693,0.2544789205173674
64694,2.001225756918786
64695,1.3995884210356708
64696,0.22311585215599664
64697,0.4139202456300639
64698,9.075023340981636
64699,0.01849574985559608
64700,4.677374345357697
64701,3.1189706346923014
64702,10.19750224081928
64703,0.683123149921327
64704,1.001861237251786
64705,1.0643187442801336
64706,0.8007742910002051
64707,0.7935188198721342
64708,2.650671875889182
64709,0.9031221561590549
64710,0.1920128145850361
64711,0.9031145156788455
64712,0.7966724571822409
64713,0.1353925684344724
64714,1.1714431396060705
64715,3.2076166886939963
64716,0.25553238077170365
64717,0.35233945709674447
64718,0.2756831157144687
64719,0.468101270827152
64720,0.2825849395041446
64721,0.16491079014127172
64722,0.49792071970640206
64723,0.03751235278993327
64724,0.39828088221725266
64725,1.6766413294119966
64726,1.1292462158151348
64727,6.0126231923022555
64728,2.673996684539743
64729,1.240671705081169
64730,1.060955104029619
64731,0.8585552146560524
64732,1.335236871931975
64733,1.9998481513784478
64734,0.19861731894991402
64735,7.996727641835613
64736,6.6295306242237695
64737,1.19617798275569
64738,0.7839292154076175
64739,0.23683101671791962
64740,0.6787365143761348
64741,0.65897553489747
64742,2.063819064375312
64743,0.03304145920867192
64744,1.150497355594156
64745,1.7146622301331225
64746,0.44973375809046656
64747,0.09342798152987639
64748,1.5902705161276744
64749,0.055258977321498856
64750,1.0126498309787106
64751,0.6501888583428432
64752,0.15043916264812765
64753,2.0075680014824937
64754,2.159864384526337
64755,0.5196271331712253
64756,0.2468747219627759
64757,3.3574115009130416
64758,0.38384131072425304
64759,0.4548946659880811
64760,4.949678613749378
64761,0.825486661985644
64762,0.1569202254277164
64763,1.1003358302948485
64764,0.774872352238327
64765,2.0003454176095086
64766,1.1994113987129578
64767,0.3631860704353667
64768,0.6918599566110051
64769,2.2314527500240446
64770,0.5193992088905561
64771,0.5140126699921954
64772,0.11919903327958377
64773,1.470351329692193
64774,1.0439534656450769
64775,0.060663160412224124
64776,4.3896659844597945
64777,0.34519013301830864
64778,0.34104425994781695
64779,0.6888306971074716
64780,0.1431882419783376
64781,0.8495912642235921
64782,3.525326859893639
64783,4.399465307530084
64784,0.32226406148117126
64785,3.579999616868594
64786,0.8643457735716469
64787,1.7383447018647715
64788,2.066457046277508
64789,1.1712179981409907
64790,1.588258343636069
64791,1.118154768647662
64792,1.3710543575407073
64793,2.820290871098765
64794,0.780026551648014
64795,1.209078144689637
64796,1.3728372314361221
64797,0.5479185925680465
64798,0.655578758265269
64799,30.896344333332802
64800,7.850901379608999
64801,0.9809955710193967
64802,0.7274616731533192
64803,1.021911318009367
64804,0.5454834916782625
64805,0.45482848013630417
64806,0.7593567440238762
64807,1.637355502500099
64808,1.683868482810696
64809,0.0661636165556684
64810,2.8328493035711126
64811,0.7211884767123539
64812,1.3178137318222947
64813,0.5682300984828371
64814,0.33394855097045045
64815,1.5035154080287505
64816,0.8660126348070027
64817,1.6223343793875489
64818,1.9020366407909914
64819,0.151601352507065
64820,2.0746167740689847
64821,1.8762126382300217
64822,0.12122687792355517
64823,0.749402132099102
64824,0.09961941739500686
64825,1.081298009958178
64826,2.74404341891032
64827,0.27546639440151244
64828,0.7020197712859002
64829,1.7631812022367892
64830,0.08579531280914365
64831,5.38976359594176
64832,2.1370899806949555
64833,0.2294739784139068
64834,0.6453453951008579
64835,0.8378269143606446
64836,2.1842275292119293
64837,0.9171172413867628
64838,0.03597002348431411
64839,0.4272297026690502
64840,0.8093800476569976
64841,0.9529298123343778
64842,0.960133207870691
64843,0.2754298291825729
64844,1.0237570677588055
64845,0.15718612376441543
64846,0.10149445560170008
64847,0.661367691871444
64848,0.4959138528106051
64849,1.7803841113186252
64850,0.5871148050185506
64851,1.0887810268839095
64852,3.644432955455441
64853,1.2803000437347418
64854,0.021213409202862188
64855,1.262063599825497
64856,0.10502591177420635
64857,0.20590923041295128
64858,0.42455817435599325
64859,5.2104405393234625
64860,1.3929874803690552
64861,0.8710601560167364
64862,0.18540171533382682
64863,1.198957511564812
64864,0.7845584755058607
64865,2.210073755895544
64866,0.27047052674376765
64867,0.18913871374533353
64868,1.4584749120825748
64869,0.9735921312651128
64870,0.9982844408527178
64871,0.5758355095640283
64872,0.2556919980579177
64873,0.38748018569479087
64874,1.0212925225964573
64875,0.5777835399102043
64876,0.2469751914283573
64877,4.4799375157732175
64878,1.3327297357302377
64879,4.360556972670368
64880,0.5665143879877118
64881,0.7646118172941422
64882,0.7003454722205381
64883,0.07221958330754664
64884,0.4991371968708891
64885,0.10539374536751464
64886,0.5671048515460284
64887,1.15864854705364
64888,1.688321804528953
64889,1.8417050740854575
64890,0.8276399784913198
64891,1.0087718576577172
64892,2.5268265714705214
64893,0.4498484742848314
64894,0.6342697753731286
64895,0.572640793214352
64896,0.4185546773969637
64897,2.4687368850056206
64898,0.6066887176982139
64899,1.4276981965267315
64900,0.27592041018160945
64901,0.5591366395450168
64902,1.349131507139567
64903,1.102232050958326
64904,0.3536499848975589
64905,0.2431094452244784
64906,2.138856929452138
64907,1.023357420412505
64908,0.09301856861026117
64909,1.0362092381144372
64910,11.264456710276693
64911,3.379195168047141
64912,0.4644704778581774
64913,0.07286570090698351
64914,0.7899239489396612
64915,2.093243847045158
64916,0.33308845870310066
64917,0.04693373000082818
64918,0.1264077512214531
64919,0.28850980125241804
64920,0.2582812544147646
64921,1.0218961199006307
64922,1.526195551740301
64923,1.2549555666718795
64924,0.19845274961915735
64925,0.27756012375584527
64926,1.903360615483606
64927,3.203017355103623
64928,1.3819259690576704
64929,1.8784781466401095
64930,0.7625831929483129
64931,4.0723768320730285
64932,1.419079166607131
64933,0.5949926118873362
64934,3.806482398668654
64935,1.3436633329717322
64936,0.4711887159684824
64937,0.6025942603564343
64938,1.3298485254864485
64939,0.26100159014229557
64940,1.698251647497621
64941,3.6212668550985194
64942,1.0381794900470966
64943,0.32399014709355967
64944,0.8101027438976242
64945,1.1334843373645591
64946,0.8849329570358095
64947,0.44355243678087447
64948,0.8766155999119869
64949,4.422077227431896
64950,1.5436682354039513
64951,0.3554866524152971
64952,0.04644314813680572
64953,0.13004199250694196
64954,0.9144309549344529
64955,0.8269791493676532
64956,1.3764581923493446
64957,0.14587577131345109
64958,0.48157362289303673
64959,2.113251006952276
64960,0.4967574123042124
64961,0.5860105907802724
64962,2.423896935047669
64963,1.0959864763329787
64964,0.259823352090608
64965,1.6158378452535984
64966,1.1118380922482813
64967,0.07817889379842373
64968,0.7451292636826862
64969,0.07326235098192661
64970,0.7313120576281952
64971,0.558574355111451
64972,1.7143643400632769
64973,0.42126071123027
64974,15.661282992424562
64975,0.6209418538344738
64976,0.5240770880367
64977,2.4683923081056016
64978,0.7374338007773756
64979,1.9450642115499257
64980,1.4226756871495876
64981,0.7877881224587566
64982,1.101604077504285
64983,0.35844049470300826
64984,0.5170874040912901
64985,1.3380607391210142
64986,0.6638402667222393
64987,0.6965694355510994
64988,1.8886407056074206
64989,1.282610664187468
64990,0.07683475863548815
64991,0.12985027977663371
64992,2.991776032773079
64993,0.9718552051303582
64994,1.6121845485237687
64995,4.4759309654529
64996,1.1046815689606335
64997,1.0676219089691648
64998,3.5946156978271766
64999,0.5169738268490696
65000,0.176114720250921
65001,1.548529120664582
65002,0.22116111803374947
65003,0.0948351088450275
65004,0.19414905540341246
65005,0.234176035469306
65006,0.979350320501508
65007,0.9550006995777727
65008,0.28681528188962085
65009,0.07752946706615148
65010,5.279348028372488
65011,1.571883951182651
65012,0.5131477449128158
65013,0.057311152245257506
65014,0.47345609997793675
65015,0.3541894391888125
65016,0.568500258334296
65017,1.256729326749025
65018,0.7260676800084398
65019,1.6123061241745966
65020,0.47222325403932686
65021,0.7218140506821958
65022,2.970917657794264
65023,0.3235636922920974
65024,0.9685568224462772
65025,0.5733318100920021
65026,0.20417848876248174
65027,0.3217959007540908
65028,0.14587999795982481
65029,1.8739754447675665
65030,1.1213441115376654
65031,1.0437913735325803
65032,0.34974150076429406
65033,3.2877474694884095
65034,0.33627393509757214
65035,2.558571853072217
65036,1.0142533008883357
65037,7.05426587696115
65038,1.1343189131428975
65039,3.467958363663608
65040,0.4732006925764789
65041,1.0570271365520703
65042,0.40908762467715637
65043,0.6759938840468726
65044,3.842489573642182
65045,0.6929036466971923
65046,2.1471515427995675
65047,1.2203980885523449
65048,0.948378455418997
65049,0.8538179914082531
65050,2.707868130062876
65051,5.638413159716171
65052,8.752834226199647
65053,7.393952199577401
65054,0.8497652564754733
65055,0.7658212436218453
65056,0.962077984640135
65057,0.4121854470485671
65058,1.2180593736545924
65059,0.5058547435785129
65060,0.8886997973221663
65061,0.1603476371815274
65062,0.24484965360514674
65063,0.2026010598200081
65064,0.49501042023147895
65065,0.6016153308350325
65066,0.38107545116514413
65067,3.2083778117257507
65068,1.9919484999501633
65069,3.7116335789566293
65070,0.5904864690983787
65071,3.536203997698639
65072,3.946526608110627
65073,0.05733628376603561
65074,0.18299106450926908
65075,2.1157825959228425
65076,4.87089671703341
65077,7.088510861875736
65078,0.4143571045163647
65079,0.4594051988642742
65080,0.6456748937111044
65081,1.5771876985529742
65082,0.5281461057651462
65083,0.25929673641867645
65084,2.830556346289574
65085,0.960184756157604
65086,3.078850442479051
65087,1.261618487868455
65088,0.3716478085476883
65089,0.5653184512976203
65090,0.5432947502897701
65091,1.8489304379544804
65092,1.8055461528193242
65093,0.8380082742212415
65094,0.15350194562896172
65095,2.8943708353558644
65096,1.7434000242523844
65097,0.8241687641333497
65098,1.9313700869863797
65099,0.38460552948201415
65100,0.030675957011706053
65101,0.7644432360232326
65102,0.41843631291837485
65103,2.8281448104674753
65104,0.5367570163410073
65105,0.12833992823456203
65106,4.105866073243164
65107,1.3007682033674461
65108,0.14824430624096036
65109,0.44479945476073124
65110,0.09413808048680686
65111,0.7520717479761293
65112,0.6421092506845544
65113,0.16666419242343947
65114,0.18707168078717284
65115,0.14980468525074248
65116,0.1932019184074327
65117,0.887216343912502
65118,0.15649791762831186
65119,0.8853958147706609
65120,0.06299929633495627
65121,2.2696519146365475
65122,0.27005224963426405
65123,3.9155257927191585
65124,1.213482914489472
65125,0.528278141419147
65126,1.5478935762378438
65127,0.06677753555597812
65128,0.9745776231883003
65129,2.7085088689105614
65130,1.4698686530753797
65131,1.3141133231829423
65132,0.48601258251557444
65133,0.6063324929840351
65134,0.900303965621406
65135,3.885872483844046
65136,3.914454641500948
65137,1.3338544235242322
65138,1.546214296746545
65139,0.22545628157566996
65140,0.19725170585661303
65141,1.0347258266614736
65142,0.09174983971233866
65143,0.9943396675264092
65144,6.025131925325772
65145,0.44684201334459606
65146,1.7149745412817319
65147,0.13777695165608972
65148,0.7812368289643716
65149,0.12462318749392015
65150,0.5273106427167382
65151,1.1547343529718743
65152,0.4851781151533649
65153,2.3492536887179902
65154,0.10984171778896051
65155,2.1977120600418183
65156,0.6515605996186554
65157,0.18902842967909134
65158,0.8095689875430667
65159,0.5968633032016954
65160,0.20429571079268954
65161,3.0689717790290816
65162,0.5465505249829303
65163,5.570960411640395
65164,1.789774961201361
65165,0.7071926807876487
65166,0.12952620443202797
65167,0.9743681690124781
65168,0.7368149241443689
65169,0.26782989035494226
65170,0.19813996854581317
65171,0.15701508473542797
65172,0.16025281707778583
65173,0.44856112874749143
65174,0.2649212772840266
65175,0.07648998248327438
65176,0.5777209971163796
65177,0.1950207465703971
65178,0.16461445283995169
65179,0.19451116457553597
65180,2.907203281107255
65181,0.4311735900188058
65182,2.5831409951492943
65183,0.8565602068691921
65184,1.3250390734988433
65185,0.2123988607910424
65186,0.5257565795696779
65187,0.49484395369241363
65188,0.10608183713866547
65189,0.6372587680843604
65190,1.9054623171690421
65191,0.15264622918882564
65192,0.161831122540387
65193,0.7769826943479295
65194,0.10703960437269319
65195,0.09642356666766891
65196,2.045520738141746
65197,0.6805122634599494
65198,2.099655661148736
65199,0.8817514489521605
65200,0.5466915329361549
65201,1.0701861317468593
65202,1.085361538020827
65203,0.03513263671189427
65204,2.01249794104148
65205,0.15065465601059055
65206,0.9442274126440804
65207,3.1618226665082054
65208,0.8180254026159757
65209,2.2112806149251685
65210,0.2169295946216445
65211,0.265452991056582
65212,3.692631537085271
65213,0.40052637393780166
65214,0.24264712562744173
65215,0.047815122160751164
65216,0.15623066636335534
65217,0.2994002329013432
65218,2.3939556441323173
65219,0.18146798664952796
65220,0.8062449311100433
65221,1.7684322490077924
65222,0.3564044567205171
65223,1.9368924617814334
65224,1.4264565307924826
65225,1.351080362520374
65226,1.850754323870945
65227,0.5900222807864405
65228,0.5524756642510961
65229,1.4817099788927022
65230,2.2784060086493634
65231,5.022030685973355
65232,0.6489028864996544
65233,17.84085042191711
65234,0.3049031087956639
65235,0.5067339682631146
65236,2.1281083430811143
65237,0.16281052755057104
65238,0.714043915629659
65239,0.141233412972485
65240,0.9458273773049122
65241,1.325559257333318
65242,1.5502304892812422
65243,0.9560794196898196
65244,0.8201491243537218
65245,0.5563278288405875
65246,3.434456590395792
65247,0.7609868074241034
65248,0.6006022141308321
65249,0.22193045215683585
65250,44.295990084551725
65251,0.13661942603696575
65252,4.61230051372753
65253,0.12919385410280362
65254,0.0922334735302183
65255,0.14575851049814606
65256,0.13713350130910026
65257,1.4951291174915613
65258,1.2193143339575128
65259,1.1641969477907221
65260,0.548065990051209
65261,3.1153546668103864
65262,1.5024750111819156
65263,0.6250483627084876
65264,0.13081882279835771
65265,9.964050590604296
65266,2.269815345122563
65267,14.268700394745593
65268,1.0518043381759081
65269,2.344935126341342
65270,0.21580065441503812
65271,0.16624858229193346
65272,0.28379793195116376
65273,1.8699751096368225
65274,0.24210933177186722
65275,2.0662757093950406
65276,2.379657853150365
65277,0.053858985238270166
65278,0.7438890025482201
65279,2.0254365488200383
65280,0.9359342624085395
65281,0.8285292185958533
65282,0.18297640172677462
65283,0.3564959467613019
65284,0.3258704254797559
65285,0.14231159585028555
65286,0.5532498515551186
65287,0.49553492343321953
65288,2.7472973301488506
65289,4.367404660373248
65290,2.484886723380631
65291,0.5937236334178593
65292,0.8118987177442762
65293,0.5450558938496926
65294,0.2253473033840434
65295,0.11887376871806811
65296,0.5257074180145226
65297,8.542401028698942
65298,0.5029931579352591
65299,0.8431465409927278
65300,0.20810862065294214
65301,0.14505005626875125
65302,1.6366150269223032
65303,0.6941545946827037
65304,0.49880480232580104
65305,0.9332779749684854
65306,0.14056501248653788
65307,0.23546626265188406
65308,0.5684939525859811
65309,0.2506305803112488
65310,1.1936013274177473
65311,0.6222810259543534
65312,0.7989152904296989
65313,0.6895321227410401
65314,0.8937525982863929
65315,0.6136863059747804
65316,0.11128945791606458
65317,1.376151419750749
65318,0.2208747132762473
65319,1.1039031415818497
65320,0.7111347294816015
65321,1.2556846637453356
65322,2.8845346751417607
65323,0.9634082033110758
65324,0.5969246084271116
65325,0.1665670155563796
65326,1.8679742354043056
65327,0.10885588082070628
65328,6.345984233212557
65329,0.6301007921841965
65330,0.7691184208364118
65331,2.858210308367184
65332,0.4228955418901735
65333,0.6365322683835901
65334,1.6619968710176902
65335,1.1373846124113465
65336,0.15041983709650586
65337,0.25373786777482765
65338,1.432336923650007
65339,2.2216794598582545
65340,0.6384719986379134
65341,0.5938294453806621
65342,1.002547778982652
65343,5.728720759189972
65344,0.5459136709079729
65345,3.5326883484047644
65346,1.4552619827701991
65347,1.0556789089819925
65348,3.9327992334594426
65349,1.1528087437715895
65350,0.5930100343891976
65351,0.5164043834213348
65352,0.5336276598726013
65353,0.9835487574841123
65354,0.5525252688918988
65355,4.47299006915163
65356,0.34780588143377145
65357,0.5051127720974643
65358,0.5355333463748253
65359,0.6477086984776323
65360,0.2071445651721434
65361,0.48257246381540864
65362,0.3371105672818957
65363,2.299055365926739
65364,3.2962104606651517
65365,0.6179751242765066
65366,0.11277608529030621
65367,0.4968471388101441
65368,1.6183536534210388
65369,0.11556533016916472
65370,0.6666730377333198
65371,0.08683278333508349
65372,0.3267074522092212
65373,0.6466730898861388
65374,0.2840279829424961
65375,0.19649014986947208
65376,0.16667250948164983
65377,4.03541138220439
65378,0.19210438782932193
65379,0.6679376763815899
65380,0.34800108707868216
65381,1.0442326211085893
65382,0.1499304816910988
65383,1.5781942222614092
65384,3.3147960198893505
65385,0.08240545817743423
65386,0.28442356682603664
65387,1.4670099440139892
65388,1.578969439317916
65389,0.6286986907651421
65390,1.0504945490913247
65391,0.9825211628389188
65392,1.1615537305949613
65393,0.9028476103170587
65394,1.5331772432725563
65395,2.741543961408039
65396,1.139645842707554
65397,0.8578108584997272
65398,1.1236077406195206
65399,0.4068220364714906
65400,0.7387651956155795
65401,0.2865066058686622
65402,3.1779312499715884
65403,0.19524869949460372
65404,0.33602808480859603
65405,1.6591154153134713
65406,1.156475898216187
65407,1.5075381064279323
65408,0.9218512181100402
65409,0.5569914510971946
65410,0.18752430146819973
65411,0.5709667500028553
65412,2.533592470789224
65413,0.33547156292437813
65414,2.2832733869060795
65415,0.23657650000227914
65416,1.4104209069726767
65417,0.0984478952918097
65418,0.32670856185802966
65419,0.2907675652025588
65420,0.7563164307036597
65421,0.7152766852254646
65422,3.0863836241264497
65423,0.5106577441098035
65424,0.26347681554271096
65425,0.6869502532543459
65426,1.5499181624606582
65427,0.2223051681624939
65428,1.1829155206058575
65429,2.505089065677741
65430,0.17547029827524024
65431,0.3533743649453323
65432,0.1324946050815706
65433,0.18490099362859602
65434,0.18316724248417776
65435,0.2834847341465532
65436,0.35549023325449286
65437,0.4064105600776614
65438,0.5837246187292933
65439,4.665022996298962
65440,1.5979083806574808
65441,1.1257568967268061
65442,0.771097777056243
65443,0.536388389189461
65444,0.8860630249803259
65445,1.8152079626079096
65446,2.8888235335697714
65447,0.3231627768568238
65448,0.4948461996953765
65449,0.30436934146993255
65450,0.8605943354711828
65451,0.3497104090804448
65452,0.2494554687642062
65453,0.08608166593251328
65454,0.5553164745771708
65455,0.24621642510800335
65456,2.6298874526928944
65457,1.0975788046704142
65458,1.3387310193149746
65459,0.22921558294707214
65460,0.7791818549650895
65461,0.5766881252288685
65462,0.30492762738091633
65463,1.137095574199986
65464,0.8127322767535136
65465,0.9814218216779598
65466,0.8068510504647305
65467,0.1269425617110789
65468,0.3936519284441276
65469,0.7640828612492554
65470,1.5702267198746362
65471,1.2376976655514271
65472,3.2171909349460703
65473,0.7860987723999289
65474,0.4152816188155862
65475,0.35346722694459165
65476,0.6183050239140007
65477,0.09143466948215323
65478,0.3745995278072355
65479,0.18291873932858838
65480,0.5491178582232257
65481,1.4635205070876778
65482,0.4716400888451985
65483,0.4467258531440223
65484,1.5289625250985093
65485,3.558546785149137
65486,2.595479953545016
65487,0.5078806336872042
65488,1.0772783858313382
65489,0.18541879948558587
65490,0.32090978427808253
65491,0.9247435511452453
65492,0.4400272622302952
65493,0.8957134355228497
65494,0.19863195589541663
65495,0.5566851109508245
65496,0.6761768448612376
65497,1.17565087558145
65498,2.2843370752873784
65499,0.8577751049489256
65500,0.2829523223574318
65501,1.2652479974111719
65502,0.08352883889707335
65503,1.0776589015416471
65504,7.901555049261667
65505,0.23137270817935068
65506,0.38648620060104893
65507,19.5707853373142
65508,1.0275014929481903
65509,1.908076347802399
65510,0.39996983234754024
65511,0.14888397450312518
65512,0.21984671502005299
65513,0.1612136323471679
65514,0.2635101052007487
65515,1.3393550924125122
65516,0.5426656307652751
65517,0.38126379273323435
65518,0.16747065287165536
65519,0.26127323279603937
65520,1.054481676554153
65521,0.6156162224097641
65522,0.8710217252528615
65523,0.3460724549734086
65524,0.39918000798205566
65525,2.0387365893217866
65526,2.139822364460614
65527,0.2821559705231194
65528,0.346520364373014
65529,16.990399516841755
65530,0.4227402940880018
65531,0.26842718002357396
65532,2.2944096241638086
65533,0.09127202530385649
65534,6.0025892259555444
65535,1.1466110111502497
65536,0.41497204102275637
65537,1.969028251951576
65538,0.2481514203231571
65539,0.37435810101757244
65540,0.27714216558924787
65541,0.3773478135016532
65542,0.1886624832956123
65543,0.26394817826366773
65544,0.06564094970803873
65545,3.033412867550461
65546,0.2753780141348667
65547,1.456202447619875
65548,1.1267402773949895
65549,0.48558040432596633
65550,1.4673107204756253
65551,1.7941912079893707
65552,0.4880030229907778
65553,7.695578014265222
65554,1.878759881102806
65555,0.9473318403584169
65556,0.8928713530646313
65557,5.209687292841168
65558,1.28641608442571
65559,1.315563234300962
65560,5.168629598440582
65561,0.12358978040432354
65562,0.585760017710011
65563,0.3637785593458085
65564,0.9660455640134028
65565,1.2762063712077423
65566,0.2062316366501104
65567,0.44328768808972985
65568,0.7479574460979254
65569,4.885740030154008
65570,1.081180292262889
65571,0.8830857827901641
65572,0.5511896249925312
65573,0.2283264870847707
65574,0.3260877855753096
65575,1.363074461473445
65576,0.867483400164485
65577,0.3162031329610198
65578,1.4524608895546722
65579,0.579107408957835
65580,2.8829585521600887
65581,0.3795458682257685
65582,0.7385541104379088
65583,0.2711100293658369
65584,0.6598656053508026
65585,10.570979727575198
65586,0.8544729310006633
65587,1.2400399925616383
65588,4.1936937955482865
65589,0.778764186663376
65590,1.0749209208989516
65591,0.9034497674964295
65592,0.06754687644095307
65593,0.678577585822337
65594,1.2491777886836932
65595,0.2014567520132586
65596,0.12639495197774686
65597,3.859317601318176
65598,0.5560227838165857
65599,1.0548979656899713
65600,0.8182135896861925
65601,0.8691712549041143
65602,0.3373854027940469
65603,1.4717543799083912
65604,0.31567099117738145
65605,8.317700240192638
65606,0.5902469929665521
65607,0.17115494560767286
65608,0.2672591678171437
65609,0.15130423538497012
65610,0.40460170764333625
65611,0.4279467928509141
65612,3.0645487841458943
65613,0.11415592506246558
65614,1.1069756029174138
65615,0.324046995226519
65616,0.23720151507794493
65617,0.07521585212276824
65618,0.4224662320115815
65619,3.346086232189108
65620,0.1341952777232508
65621,2.028269706082496
65622,2.0558179891027506
65623,1.145419323330391
65624,0.8302780464174523
65625,1.019531554419189
65626,1.6502154910973745
65627,1.3685547603561452
65628,0.2678312771024007
65629,3.6558281978356377
65630,23.22248385100124
65631,0.11100556790300793
65632,0.08245710403145197
65633,1.8351772340854147
65634,0.2844774684605961
65635,1.0022902234940814
65636,1.6644839820166164
65637,5.253583204448087
65638,0.27355664370814486
65639,3.3429615944781856
65640,2.0232665222542936
65641,0.29661773424510396
65642,0.7198164766966728
65643,1.933718383587324
65644,0.610297217559462
65645,2.5330408663467567
65646,1.5783314864160571
65647,1.6189530656780347
65648,2.074545830175655
65649,3.1211508483213817
65650,0.08392396590758106
65651,2.4637838898449695
65652,0.6632764356440577
65653,0.36767478924569824
65654,0.30523932614790594
65655,2.0859337106460676
65656,0.14377749954684416
65657,0.38660621803556094
65658,0.9173939255065382
65659,0.1880382143478782
65660,0.5393733892140514
65661,3.350191752549934
65662,1.1074923487811923
65663,1.8471766467566335
65664,1.0669912044414365
65665,2.922583671368454
65666,0.4150191516771233
65667,0.19759999164835623
65668,2.9536295814094897
65669,0.5488208665652272
65670,0.07820981106612765
65671,1.0237172919851014
65672,2.6652240337874686
65673,0.022613517775259325
65674,2.7321630623699575
65675,1.3816663356991292
65676,4.917826596655308
65677,1.773216725258734
65678,0.18281580143255283
65679,2.2572482033740324
65680,0.6814714167772947
65681,0.1942714530734739
65682,3.409084774839438
65683,0.19099451235680584
65684,0.3753497776075071
65685,0.3747391662081028
65686,1.105970071053278
65687,1.6822744840725745
65688,0.7216754607354029
65689,0.6860995294395967
65690,1.7489960918991518
65691,2.110581336674914
65692,0.15337126282528812
65693,1.8575689331598748
65694,1.4679158152365441
65695,0.8153249849259678
65696,7.233762947314055
65697,0.9529555973002009
65698,0.1299725044363746
65699,0.11305679295803257
65700,0.7595263841441803
65701,0.17400079308237157
65702,0.7880611669346733
65703,0.16756569782998698
65704,0.2040811224335461
65705,0.9083573891604176
65706,0.9102191729510875
65707,0.20091240499787763
65708,0.6261965048306074
65709,0.16949365645079426
65710,0.8785516662953214
65711,1.2679598226781976
65712,4.600178796105208
65713,1.0485189532848933
65714,1.7756497849264392
65715,0.5065544062589934
65716,0.6641719652523985
65717,0.44413440719215896
65718,1.6340217912297565
65719,1.142978464743158
65720,1.248333580438472
65721,2.01719633036399
65722,0.17447225214589052
65723,0.08171098484533484
65724,0.562017570209555
65725,0.4754592706667645
65726,3.237647706341678
65727,1.6543902363978806
65728,0.7503205743105307
65729,162.03645779510092
65730,0.47602952320898384
65731,1.7553399168057529
65732,1.665654357697809
65733,0.5385412911384431
65734,0.7659272069992248
65735,1.4698148278539898
65736,0.803682370868183
65737,1.255361231391497
65738,0.8482195548342328
65739,0.5689361389602312
65740,2.3328313291063876
65741,0.10145271739892398
65742,0.17053695392935983
65743,1.8047937606253288
65744,0.4163876840560676
65745,0.37547062540132686
65746,2.2475430946319284
65747,0.03030332955477015
65748,0.898557668603364
65749,2.361779442525526
65750,3.6507007929136246
65751,0.7431457441457591
65752,1.8574943761149127
65753,0.039362297563134654
65754,0.17501006020374874
65755,0.1320530025990981
65756,0.5681486340946214
65757,0.9337740002140558
65758,0.971935332826819
65759,1.613839687242301
65760,3.725928894217478
65761,0.3534751540665213
65762,2.6755432905969494
65763,2.4924849520660057
65764,0.4910087441789021
65765,1.1141887111567792
65766,0.04060641054720381
65767,1.979799115582852
65768,1.3385535712143224
65769,2.6759098920324744
65770,2.8549754589022336
65771,0.4152271505276893
65772,0.12407308683812038
65773,0.34629230457874277
65774,0.05710558592763196
65775,0.25543555120180633
65776,1.9452403987323716
65777,6.121026215073717
65778,0.3372351518064502
65779,1.1164056811921044
65780,1.110190158452925
65781,0.6980099546212246
65782,1.114691279022888
65783,0.07519313868691961
65784,1.1322902211037609
65785,0.3312690069695984
65786,2.9939524077093673
65787,1.4470401988815225
65788,0.5669522145579563
65789,0.6317078340840577
65790,5.046473171702718
65791,0.9021537745484673
65792,1.0268896708923074
65793,0.3230379462203937
65794,0.4273439044639982
65795,1.3380995243420961
65796,0.37126539098054795
65797,0.1723382330635942
65798,0.17124183065191376
65799,0.6105228349588163
65800,1.8012825629233926
65801,0.23326715723953179
65802,0.3770432276240411
65803,0.709873799711729
65804,4.87357498922241
65805,5.078187653192292
65806,1.180654810804642
65807,1.461913344735936
65808,0.46392430251004946
65809,1.127622218850157
65810,0.52641665045575
65811,0.41983422554155475
65812,0.7581325399489051
65813,0.36283381921371344
65814,1.9906143426215113
65815,0.44422424030525204
65816,1.663193001683197
65817,0.9397983998774229
65818,0.057234633444260524
65819,0.1016184443019163
65820,0.18723798462003496
65821,3.635161884199181
65822,1.4915283044336933
65823,0.12377409243340469
65824,0.23901136102317277
65825,0.5417170344267502
65826,2.468422742062721
65827,0.27503993986689407
65828,1.9013828168028133
65829,1.9675609913820589
65830,0.2476249084288377
65831,7.304673764467209
65832,8.29585278382768
65833,1.1820073160964426
65834,0.10289423099112276
65835,0.17704504379014338
65836,0.04349357722062425
65837,0.6610332675855991
65838,0.28168927375927777
65839,0.7294713635669062
65840,0.4944922721409378
65841,0.09600068410453189
65842,1.3694962439785545
65843,4.024128652952653
65844,0.38645975421203893
65845,2.6029651283067374
65846,0.5371151244668048
65847,0.7081452101255217
65848,0.11881454795786961
65849,1.6365501701354757
65850,0.7907369443675599
65851,0.2466807457946696
65852,1.2257112479054162
65853,0.5204460423656045
65854,0.9261050590415897
65855,1.502672769402242
65856,1.4894040225494598
65857,0.33375684908060427
65858,0.2827159166254443
65859,0.4085772963953935
65860,0.2450456155529721
65861,0.49768323377104745
65862,0.36879837470862603
65863,2.6358396425206796
65864,0.6945699538755515
65865,0.7363146136284182
65866,1.7517533059159376
65867,0.1634057138895957
65868,0.5133573174295493
65869,0.30561841173725124
65870,0.8282412227160857
65871,0.7519987745150185
65872,0.4918321603196132
65873,1.1141784368787329
65874,0.6408561645994121
65875,1.299083523362492
65876,0.5087217769955501
65877,1.7588168771784938
65878,1.1612606201713482
65879,3.5270822905648354
65880,3.493427522078781
65881,0.5026480232903512
65882,0.5621746567895539
65883,1.0876352463186507
65884,0.2530225514752286
65885,9.6166703022113
65886,0.39639902253682463
65887,3.177404482568173
65888,2.6747639508121717
65889,1.3873006166192172
65890,1.1296010927869655
65891,1.030162209828771
65892,0.18707746615662385
65893,2.5930890729682754
65894,0.3682683031832211
65895,4.0406986253496875
65896,1.373307999414916
65897,0.33429148920432356
65898,0.5924723623704747
65899,0.14350182603019723
65900,0.7778049718446015
65901,4.145112432785913
65902,0.12214515245391837
65903,0.10326936682709092
65904,0.37761972093371843
65905,0.9518398488058645
65906,2.656136435664843
65907,1.4318983178889506
65908,2.426375900841061
65909,5.005171693380075
65910,0.041776542230640555
65911,1.6458499792135486
65912,0.2768752329052356
65913,0.8748938376770864
65914,0.10592544615137056
65915,1.4739324298463676
65916,5.353052472552585
65917,0.8612107740102021
65918,0.2469654283783566
65919,0.858072304216869
65920,0.12083372217676681
65921,0.6991574665973604
65922,0.10280713550627854
65923,0.31669436217228464
65924,3.3245657953294168
65925,1.0527909472089632
65926,1.0605133360281043
65927,0.15761035214515082
65928,0.19389633368071152
65929,0.4164226189066177
65930,0.8382890534705335
65931,0.2701490656336592
65932,0.22758571761857613
65933,0.17059155107642837
65934,1.5079109673360747
65935,0.2515018388086806
65936,0.8463791998793311
65937,0.9752458073344263
65938,0.6809338664486175
65939,1.7851237123614208
65940,1.2836922982491532
65941,0.5476889706613657
65942,0.4485962702997255
65943,0.1495623697598584
65944,1.1285760438937702
65945,2.5325108925989603
65946,3.4154497371169144
65947,0.04858050980577166
65948,1.1999510711253025
65949,0.593610576309469
65950,1.506568486413738
65951,0.07931948058370582
65952,2.986963343178832
65953,0.5008070166649665
65954,2.4482337180489697
65955,1.2125340234265132
65956,0.645413384695483
65957,7.727689920726289
65958,0.9110350997509801
65959,0.14508302512966442
65960,3.247110547985512
65961,0.5380116544190585
65962,2.554136234637542
65963,3.0149049094447475
65964,1.5286132152528953
65965,0.45407753864203015
65966,0.48807033915830733
65967,0.23511083500951657
65968,0.07387180163450446
65969,1.0513587121878039
65970,0.1270669742910493
65971,7.6539821447244245
65972,0.9503652716546165
65973,0.5107742970573994
65974,1.2404083731284548
65975,1.119236928781775
65976,1.401574739286983
65977,2.1265353187829956
65978,0.7198516217536176
65979,0.18962959951116515
65980,0.2734093768064881
65981,1.717482305388698
65982,0.6551205568194671
65983,1.1638670248849605
65984,2.298114010839141
65985,0.6592273825952333
65986,0.08766715065353299
65987,0.12540312214144536
65988,0.37922274015016977
65989,0.4304579764070962
65990,3.3007748687579395
65991,0.12844538783289233
65992,0.24464622474101794
65993,0.23882786874543782
65994,2.0965791125862374
65995,0.7376087580841468
65996,0.4714625021688847
65997,0.8699068530116497
65998,0.0674654832403156
65999,1.4149092547201483
66000,0.4732650406871045
66001,0.17235781097642658
66002,0.06060179356966725
66003,1.6475063286867466
66004,3.012294377343267
66005,0.12668333548758481
66006,0.042217123099130685
66007,0.45830278770467664
66008,0.8950309379235734
66009,0.15908331333697923
66010,0.06692635717330754
66011,2.3978446883455833
66012,1.3742444349799008
66013,0.13536846154537605
66014,1.0385154059683535
66015,0.33479324940506744
66016,2.696636422482287
66017,2.341092704455336
66018,2.20581678402695
66019,1.372749690425475
66020,0.3626467761804169
66021,0.04151373015547569
66022,0.6826779485506264
66023,1.1291251905683328
66024,1.7224853244779692
66025,0.48218916783379157
66026,0.32891462011816774
66027,4.035669592865724
66028,1.6204296914531824
66029,0.48980650606483267
66030,1.7074078053762305
66031,1.2109036511625646
66032,1.5832122668158606
66033,0.9047215320067047
66034,1.2101550763612507
66035,0.2290384495591431
66036,1.811986884278757
66037,0.8211310785400624
66038,0.7339457960039681
66039,0.40525134659542567
66040,1.7126808308240673
66041,0.27573491601923167
66042,0.178505351444808
66043,0.4439527815524802
66044,0.8108863896586385
66045,0.8443416653992131
66046,0.8067112412145743
66047,0.1486460499390466
66048,0.9202076906398552
66049,0.23113352289720412
66050,1.6520583034126786
66051,4.115884403554136
66052,0.7225914077056691
66053,2.6877406397788386
66054,0.2588564543203437
66055,0.8194915551757719
66056,0.17058256593344923
66057,0.37407783002386813
66058,1.1570170022421384
66059,2.892316240339507
66060,1.725834963594146
66061,2.0957413619016596
66062,0.8327118780400438
66063,1.1201253146435004
66064,1.4288842494364966
66065,0.35941717947727536
66066,0.5953513651744764
66067,3.027789047681698
66068,0.6770064202284547
66069,0.24560885822531625
66070,1.7007024875046965
66071,1.2599556763380957
66072,0.4553972448622457
66073,1.9763580089319608
66074,2.4258090786350675
66075,0.7851391899400515
66076,0.5875013388724833
66077,0.1130491415025314
66078,0.3561454769267075
66079,0.36739426151966315
66080,0.9167985984804148
66081,2.351143037801151
66082,0.17300106091545386
66083,0.3619231892510735
66084,0.2308902321379806
66085,3.6893753849781583
66086,3.2599984828287574
66087,0.5840905685401355
66088,0.5288602131999118
66089,0.2134823702822552
66090,0.23889554641255734
66091,0.18366869768429595
66092,1.4235636320781042
66093,0.20992649949517672
66094,0.17189587642673737
66095,1.7841749196513312
66096,1.634803909367812
66097,0.8936068542147941
66098,0.32039155614152975
66099,0.11721996612394114
66100,5.9778755685384635
66101,1.8527025966987243
66102,1.0968702386716913
66103,1.1083770696499198
66104,0.21639313865470328
66105,0.3382599014607796
66106,0.059690882802473914
66107,0.1244220506984222
66108,0.6967194020618616
66109,1.3262325740304868
66110,0.4099203636944997
66111,0.6139049373541566
66112,1.6554093797905247
66113,5.509567470949971
66114,0.08757919118444148
66115,1.0533525811402706
66116,0.9173370702544765
66117,3.1650489521948018
66118,0.05517553156069525
66119,0.4566542107736112
66120,0.9839901318212331
66121,0.28556729254880125
66122,1.1845146888925113
66123,0.9083727968483435
66124,1.0548535504450973
66125,0.26860999162049454
66126,1.4387922431135034
66127,0.9639226609950291
66128,2.3446340667069157
66129,0.2470890781661728
66130,0.8915006692130967
66131,0.9429759701060236
66132,2.7545111229203125
66133,0.8113026048995754
66134,1.3449621959151659
66135,1.132004144957217
66136,1.0265562441673781
66137,0.13471125006285847
66138,0.9958608343312547
66139,0.5337476379100163
66140,0.9177480620567577
66141,1.0919829808871642
66142,0.932452028183791
66143,0.10107058669801948
66144,0.6035974725171753
66145,1.8594023543397697
66146,0.07262136093937945
66147,0.8858559242446598
66148,0.5631364482295079
66149,0.27887054358941954
66150,1.8387011420138706
66151,0.44953784556094856
66152,0.25890358848935713
66153,0.48874688231140934
66154,2.5875435188371205
66155,2.985027642689329
66156,0.8116950322629763
66157,0.523901308993372
66158,1.7026913685570997
66159,1.415658469153855
66160,3.37672801703751
66161,1.468761253524573
66162,0.8074567574387471
66163,0.7851435227343733
66164,0.8412774081144025
66165,0.19898495264638796
66166,1.380636431412991
66167,0.059704107527979805
66168,0.12483588968834337
66169,0.5124454846794042
66170,0.45434143378780756
66171,0.5880245574032408
66172,1.5332821127052636
66173,2.382947591056867
66174,3.252449840802817
66175,0.5042192677487366
66176,0.8290208842474189
66177,0.17196706188932362
66178,0.8419817761794575
66179,0.4270892648836842
66180,0.19982961932252566
66181,0.30599745392071015
66182,1.592549373910901
66183,0.3982379852220988
66184,0.13413401523871468
66185,3.478531708479558
66186,2.0626175784731653
66187,1.3988464530875802
66188,0.4810740745668819
66189,2.280843829333106
66190,1.987657779469672
66191,0.19450075173455192
66192,0.40776870952624134
66193,0.4213392009667698
66194,0.18795652022898676
66195,1.0592335203247407
66196,2.2542679346995063
66197,0.5151339330700466
66198,0.6570841195745576
66199,0.13642420906495667
66200,0.8006805344133027
66201,0.08166857209734601
66202,0.5985259376718588
66203,0.06940284054677182
66204,2.0217118259973335
66205,0.10992826272309641
66206,1.1329329470827387
66207,0.5256404295701771
66208,0.5023285506402627
66209,1.707470304288308
66210,0.3248871549469745
66211,0.1994963342147053
66212,0.7038431939871773
66213,0.6816556619253304
66214,2.2294646641262688
66215,1.1477849005383853
66216,1.444366333837284
66217,0.26205929601821
66218,12.280078750304801
66219,0.02058512415901155
66220,0.6824870828312359
66221,0.09333375460309587
66222,0.9314363381734487
66223,0.09648626762473003
66224,0.30654648741327656
66225,1.5095265766805466
66226,0.8423098531244323
66227,0.9463141607611243
66228,0.5442853753324127
66229,0.9481134471347961
66230,2.2089572305805976
66231,0.3511871189824678
66232,0.7563011103271154
66233,3.2800073762578856
66234,0.1531154258715158
66235,0.40583567024939293
66236,0.8701478434198221
66237,0.46139543540700856
66238,0.10472546329195587
66239,0.19691497044017947
66240,1.1981160883033517
66241,2.0742270940320227
66242,2.504490537353896
66243,4.9919048844994265
66244,8.151883186919498
66245,0.29518592219366835
66246,0.708897465623602
66247,0.6149721474176851
66248,0.49054498401093705
66249,0.06563656673536702
66250,5.268639545567224
66251,1.8135076314681786
66252,1.2461839243645834
66253,2.4744453904987442
66254,0.4681851122803568
66255,0.6859191488059504
66256,0.3727975432088866
66257,0.3565576508927743
66258,0.5518327017923425
66259,1.321481438596791
66260,0.5839675012720323
66261,0.6521259813756183
66262,3.289211572783055
66263,1.7309923972421009
66264,2.7977891017928775
66265,0.5172734789634268
66266,0.4765212316667938
66267,0.12178001705799985
66268,0.9965210019406932
66269,1.7962412659549094
66270,1.7125431023243007
66271,0.5742171834500999
66272,0.5249789904801785
66273,0.8495201591631347
66274,0.7038632203909775
66275,0.5482142915768936
66276,0.10457023242273555
66277,0.46824326820194245
66278,0.7224779722496547
66279,0.7478173750193957
66280,4.05120986892495
66281,1.42405017611591
66282,0.5634222557201748
66283,0.9928396926388994
66284,0.16175675981394239
66285,6.234403988992603
66286,0.5445173230001662
66287,0.8250562890166808
66288,0.21812411888436586
66289,0.5331937306953712
66290,1.886686721019923
66291,42.94427003136627
66292,0.47690623126739984
66293,0.04211963193050973
66294,2.2348437568639445
66295,0.3757682765817553
66296,2.221911652782857
66297,0.9770785842699291
66298,0.09001681339438293
66299,4.33489395929089
66300,0.27856960927373225
66301,1.7969928996394218
66302,0.3113584041073827
66303,4.548597008319375
66304,2.589604500165671
66305,10.975974673613853
66306,0.11748289633533072
66307,4.300380573141005
66308,2.4246169002186075
66309,1.6026603992616002
66310,0.8916672540236658
66311,0.6580335939940447
66312,1.3035509529679394
66313,1.508427021163007
66314,0.26619741542788206
66315,0.22401655138521515
66316,7.381644586731484
66317,2.3159401281697165
66318,1.4940458087769215
66319,1.2634977709323891
66320,1.820817611026038
66321,0.4162858519250924
66322,18.318807058589073
66323,3.607993842443331
66324,1.699128024866109
66325,0.9070709603472029
66326,2.842774945463755
66327,0.10282366245624705
66328,1.8204113857850055
66329,0.3361152378491894
66330,0.7684662876051052
66331,4.655155035834588
66332,0.5609154361008328
66333,0.16306028854120055
66334,0.6974987571931247
66335,0.10045677208839067
66336,1.9736333092441658
66337,1.2986393604861814
66338,0.4104429268910984
66339,0.36897286774548677
66340,0.4262223399734299
66341,2.442856165245539
66342,0.9464399428262484
66343,0.4558911043800364
66344,2.759236602340004
66345,0.5629508645351429
66346,0.994180029456253
66347,1.5667158236653729
66348,0.4128487347633655
66349,0.22613020366714315
66350,2.866859519037502
66351,1.3671497784340314
66352,2.05931083517328
66353,0.4140092612588186
66354,0.4034176714344775
66355,4.426174820633779
66356,1.8703038893526553
66357,0.33152997904929254
66358,0.23128416762661402
66359,0.44036987801864946
66360,1.141103792196646
66361,2.2669108575854846
66362,0.7493134464684312
66363,1.7020851618205528
66364,0.07743930754727195
66365,1.8290027527850408
66366,1.3124486524935082
66367,0.11571649397555142
66368,0.9963269905490926
66369,1.7199787790710095
66370,0.47518922195200125
66371,0.12671406592978762
66372,0.8604606954307228
66373,0.927912395876062
66374,1.6000210931128906
66375,0.1305657934395133
66376,0.5153745796286952
66377,10.235922985346347
66378,1.396377647565933
66379,2.089341825906009
66380,0.22279143273586152
66381,1.2859742221253452
66382,0.19383758998944323
66383,1.2189601058831878
66384,0.5538215898853519
66385,0.7250822559252103
66386,1.4205568023075283
66387,0.3616347620314176
66388,0.07340740976100711
66389,1.2628344295145562
66390,0.9393316544003778
66391,2.5674524275738015
66392,0.27182862562394344
66393,1.749530482814165
66394,1.1192728922358075
66395,1.128303295829477
66396,0.28672901998120226
66397,0.08439039668532539
66398,4.394569982590225
66399,0.4505849336155101
66400,0.3000663905933147
66401,0.1401932490190252
66402,1.3795803622806013
66403,0.10103044444068358
66404,0.2984285880811394
66405,1.0906732226665146
66406,0.4715750563055995
66407,17.11157225737323
66408,0.6766931968418417
66409,0.805595725086133
66410,1.8914609680037444
66411,1.2112899013951062
66412,2.656741975310311
66413,0.16872021372886675
66414,1.1708465001610147
66415,0.10878578410652462
66416,0.49552495647189787
66417,0.5978238903243998
66418,5.257260124061348
66419,0.09155290199001702
66420,0.48550346744974476
66421,5.400080457285046
66422,0.5492536705464637
66423,2.4681709909747114
66424,1.0723534862855448
66425,3.407870262856796
66426,0.9393276623158572
66427,1.6705597373113867
66428,1.439720235318814
66429,1.6143092447071636
66430,0.29150713250985655
66431,1.9702774045024871
66432,3.6568768762262613
66433,1.7675956044483432
66434,0.19172922238723009
66435,1.4320459309627442
66436,0.42787824737041535
66437,0.41908624269255124
66438,0.1586480987565622
66439,0.8070501270191395
66440,0.8978143714168509
66441,0.5587008251568335
66442,1.7713468434892257
66443,1.1164209283504558
66444,0.06368735189895487
66445,0.9087239963040712
66446,0.07312958613681768
66447,0.1424910240642024
66448,1.8813548853361295
66449,0.3568332587108285
66450,0.6304299974612287
66451,0.5467400877276284
66452,0.8653207105390801
66453,0.211016249365756
66454,5.028778706617254
66455,0.3642419693388998
66456,0.7667416765750329
66457,1.5094288880679136
66458,1.1998037259752998
66459,0.5881888177426122
66460,0.6521837408624618
66461,1.3540806192278345
66462,0.10898212886739354
66463,4.403196278115957
66464,1.2012092827144623
66465,3.0175423074485526
66466,1.4748758849051347
66467,0.6492344150589691
66468,1.3791111496756248
66469,1.2330939464925974
66470,1.26629537435592
66471,0.15579638857213032
66472,0.14252764584080013
66473,0.5017681952454642
66474,4.230585592102305
66475,1.1359121583919007
66476,0.17689397803817758
66477,2.1247773631710594
66478,12.875523043287398
66479,2.1861401438784553
66480,2.149513910165953
66481,0.5035065723416525
66482,0.2919418183677454
66483,1.8204412424705636
66484,0.43743551302243594
66485,2.7626441793942345
66486,1.259938139219144
66487,0.07067909488319274
66488,2.1520675893902936
66489,0.3892968247351318
66490,0.4799867237421089
66491,0.5313104418088093
66492,1.8358392847649363
66493,3.5460543170774645
66494,0.4460323229691324
66495,1.266649672832746
66496,0.5187788143736153
66497,0.09280328160034276
66498,0.7123841663804472
66499,0.30621373244201544
66500,0.4028700312216856
66501,0.05042740423497405
66502,0.9189777072353158
66503,0.245819529492577
66504,0.8627148377366192
66505,0.7288511516061824
66506,0.5182378648796203
66507,0.15741366510308016
66508,0.7951753822677786
66509,1.4740285452322281
66510,0.3845167642830929
66511,0.0740221103335698
66512,0.39727232549314634
66513,0.26076392312724345
66514,1.3075577334288955
66515,1.8344411483109906
66516,8.167961804783435
66517,2.6437807388151775
66518,10.73663809475896
66519,0.8103551792817626
66520,0.5607637715264768
66521,0.17005980172700358
66522,10.871846509158889
66523,1.6476000345465667
66524,3.2658505949687133
66525,2.026939125458831
66526,0.5497662408259729
66527,0.3604202652089432
66528,0.8479791569229166
66529,0.06746015775276024
66530,0.38766421464384404
66531,10.17721841741713
66532,0.44464451693095514
66533,0.3950041178737463
66534,0.3194073099638367
66535,1.0210774962540605
66536,0.383366937803402
66537,0.24174801799036824
66538,1.0224703491081277
66539,5.338325518412927
66540,0.09075328259252623
66541,0.7884471303505064
66542,1.4942473318968923
66543,0.8909859785551377
66544,0.7592651253806363
66545,1.7680949473985963
66546,1.2761393115682513
66547,1.3184348689192014
66548,0.7987073676181391
66549,4.355621518708964
66550,0.40916013387511274
66551,1.5014850105660185
66552,0.0955496244532682
66553,0.943739781913735
66554,0.5269631074891976
66555,0.03989258199443399
66556,0.19051238839986614
66557,0.29968581522420257
66558,2.9836719902748525
66559,1.4666462191846499
66560,0.005104800861680949
66561,0.06795330559374697
66562,0.3072496429341492
66563,0.3738703771234898
66564,0.23945601611318545
66565,0.6519680421562829
66566,1.5502481604120815
66567,2.541959260989157
66568,1.52100547410879
66569,0.7544130632905169
66570,0.13625776315728483
66571,0.8325162388448728
66572,1.3421204662879151
66573,1.80655050395859
66574,0.39382234100903246
66575,1.464152772241441
66576,2.6820742315914945
66577,2.3179495307497895
66578,0.331468246828987
66579,0.25487651686896423
66580,1.946558986966209
66581,0.4189627185228761
66582,1.274425044859191
66583,0.8247822833564991
66584,0.0840407882927355
66585,3.307840727156002
66586,1.08561938152254
66587,0.15587164682238192
66588,0.9827349256354341
66589,0.0718856687827335
66590,0.7699096210383046
66591,0.7510601110979909
66592,0.37891431650319635
66593,2.071435849650629
66594,0.8981818657619711
66595,1.5554096345586599
66596,2.368870235059639
66597,0.40761347562500205
66598,1.9579298519909447
66599,1.0281032670562968
66600,0.20976045987915545
66601,0.1320438064815274
66602,1.0027050238485804
66603,3.427984715943749
66604,0.8571505419448747
66605,0.033531426105735965
66606,0.7947009119349268
66607,0.31152127185712597
66608,1.7107398599747596
66609,0.3661508911837696
66610,0.424470604963221
66611,2.6811497173397885
66612,0.6128980518973051
66613,1.8697452613442767
66614,0.6394290568517931
66615,1.0579366672716106
66616,2.504816298035264
66617,0.2604046505981624
66618,1.2487391657677045
66619,0.2481396123769503
66620,1.3372863882934731
66621,0.7917078842463219
66622,1.5725156267786344
66623,1.0274591725992213
66624,0.6516467392880376
66625,2.1069873110752515
66626,1.5531884915773786
66627,0.5896466212914205
66628,5.87159324703631
66629,0.753768467009791
66630,0.1921012418491863
66631,0.7835856825493868
66632,2.6737274774850506
66633,3.6670799524381437
66634,0.23941464076677324
66635,0.0546208887875149
66636,2.670547186687396
66637,4.47492691213899
66638,1.4132290451289617
66639,1.1608742385296178
66640,0.614814441783808
66641,0.44042447520989436
66642,0.22833091632696714
66643,0.1635128072923005
66644,0.1484417467011968
66645,0.31855896402302203
66646,0.32711642242582256
66647,1.6749879367198606
66648,0.30902993254078764
66649,3.081465180274669
66650,0.22026053006759644
66651,1.0134992671157637
66652,1.4286934352470142
66653,1.1622578679615856
66654,1.0916222574772576
66655,1.4657245613769496
66656,0.3089701883164082
66657,0.5297785569697823
66658,4.914243130287753
66659,2.380089950447515
66660,0.46009231678996554
66661,2.613086241615476
66662,1.3157272044700687
66663,0.0933886283497418
66664,1.87092726367023
66665,0.8221393277489847
66666,2.356763337956438
66667,0.5627839124087379
66668,0.6085027346692088
66669,0.9068316329411059
66670,0.3871300163685075
66671,0.20929467815240202
66672,0.27200318636973303
66673,0.2850858209118697
66674,0.9349950527102536
66675,0.3105734398649265
66676,3.7380498990115814
66677,0.9613083207679205
66678,2.412717384175464
66679,0.2947135768410397
66680,0.47332821744143466
66681,0.49971071679215845
66682,0.14844226600623298
66683,1.1044322998477547
66684,0.1440373323748525
66685,0.32846692021751744
66686,0.5599747802286299
66687,0.9697624383789533
66688,0.6041079961494937
66689,0.2495263254642534
66690,0.719513648227781
66691,2.331120590235255
66692,0.8491992319106048
66693,1.8710414121828265
66694,1.4186851809667917
66695,0.088021720032785
66696,0.8582968279924246
66697,1.2809933623678131
66698,0.57833456556129
66699,1.2919444720717075
66700,2.7423637038759248
66701,0.060250850534418234
66702,0.5150697742835042
66703,0.01695539926875387
66704,2.308570976359187
66705,0.5040049422706662
66706,0.48657826367043533
66707,0.5248333881018997
66708,0.19933214036791627
66709,0.314627527989717
66710,0.8098952565887119
66711,0.5056261883016682
66712,2.109076480600058
66713,3.1477336814407324
66714,0.43655351378778723
66715,0.5594737274988467
66716,1.7792801922406922
66717,0.39181625820897736
66718,0.13354147825183726
66719,0.18512819306038483
66720,0.859056740054529
66721,1.0302869117453728
66722,0.2852028975975273
66723,0.08214209714382012
66724,0.77988116291978
66725,0.6600828421662561
66726,0.7987021300119286
66727,0.8161287331132574
66728,0.0863935034551156
66729,0.554581645794131
66730,2.4165069420728535
66731,0.30784016430102973
66732,0.16170184768344106
66733,0.6305138077033636
66734,0.8736634691645428
66735,0.43403218678399824
66736,0.22633810014641267
66737,0.22714473447533012
66738,0.4796737080711836
66739,0.08162315831184924
66740,0.7772236628765363
66741,1.5438459365670925
66742,0.5135975285046858
66743,0.050088571569836746
66744,2.0015009363667424
66745,7.140734254407619
66746,1.5151373956564131
66747,0.3318323417822163
66748,1.4394366052041911
66749,0.48042818440030644
66750,0.6067350751476107
66751,5.941106194892058
66752,0.49527105682755723
66753,0.44846661142143623
66754,1.6610123685775855
66755,1.7720462610366698
66756,0.2056272632291727
66757,1.803333080778481
66758,0.21450574849946658
66759,0.2827461427029017
66760,0.8283271878119338
66761,2.411575734894919
66762,2.6761582989579535
66763,1.2219874326190951
66764,0.14716622700556983
66765,0.18437758792319037
66766,0.7822150073268821
66767,0.11068023124157729
66768,0.21945494464834067
66769,1.4664680793832952
66770,0.6124183199890785
66771,1.549676587163283
66772,0.8504284003400386
66773,1.8567729114001328
66774,0.4991904598731085
66775,0.8821552486978433
66776,5.7228057522037235
66777,1.074965327443082
66778,0.7529603134007856
66779,0.38191906392669367
66780,0.8914980146041124
66781,0.9092861198975128
66782,0.07138841688933364
66783,0.05398183398567693
66784,2.2276075222271468
66785,0.03841914302349795
66786,767.8329437183361
66787,0.5778395290039544
66788,0.4575204226931059
66789,1.4871190285067373
66790,0.1104616125319197
66791,1.7461979821983333
66792,2.558156169712813
66793,1.7557155423117536
66794,0.9606344386805779
66795,1.8661232700208656
66796,1.1454730926864973
66797,0.3454230097135539
66798,5.704800055098552
66799,1.5947957975430664
66800,1.7641248802611473
66801,0.7747483728478394
66802,0.18951160598059297
66803,0.4950678664338888
66804,2.525228701153222
66805,1.3893243637707815
66806,1.7200093008855957
66807,0.7277703267794392
66808,0.4914940893080245
66809,0.738641148995272
66810,0.41275813017018403
66811,0.9143334016714084
66812,6.54636514364248
66813,0.24914031476963203
66814,4.415904667558483
66815,1.503518299331254
66816,0.36280063268502083
66817,2.900187639094395
66818,0.9834883149267972
66819,2.5076033738939
66820,0.12878117017763402
66821,0.18736358341932724
66822,2.160340893546177
66823,0.12252546358331486
66824,0.1886914813040169
66825,0.08008876018070818
66826,0.4778356186050693
66827,0.6568022404385623
66828,0.9943527980049992
66829,4.338444853579568
66830,2.2519760937594446
66831,0.19518287075821303
66832,0.08344003577672077
66833,0.21582912229249596
66834,0.33055400052488004
66835,0.7102233905978533
66836,0.5109773272495514
66837,0.28038526409359926
66838,0.5234130021888188
66839,1.7979568667593588
66840,2.8637278647923194
66841,1.3861274197402171
66842,1.7755568231551886
66843,0.16866619770939723
66844,0.26752684700095464
66845,1.949126965462537
66846,2.224339018546634
66847,0.3146767428100571
66848,5.1798257459122965
66849,1.963714929480988
66850,1.5432438060778273
66851,1.2877057370277023
66852,0.5347254866254949
66853,1.1089504870960758
66854,0.4246589313329693
66855,2.06869398535559
66856,0.18094229456311484
66857,0.7526297064926322
66858,0.2962577531105339
66859,3.448088793755007
66860,4.784604698078802
66861,0.17893005545450355
66862,1.3502526445150722
66863,0.3360868240021841
66864,4.800573072289032
66865,0.5508352922339868
66866,0.2797045241509699
66867,5.218426151258647
66868,0.44535058139659556
66869,1.603527460880209
66870,0.49768272961188575
66871,0.07681900994486912
66872,2.0065355278109
66873,0.2913464200492291
66874,0.3261840513128386
66875,4.002782646698155
66876,1.0736718746398506
66877,1.53367136887316
66878,0.7498043855842604
66879,1.8752382552850229
66880,1.0794621623686576
66881,1.24581849605242
66882,1.180345915729465
66883,0.8745168359892335
66884,0.2824235135004741
66885,0.13505527247414442
66886,0.9328400591473496
66887,0.6969711498847918
66888,2.6162498410284067
66889,2.929795396013678
66890,1.0213864653326887
66891,0.833754496529647
66892,0.9455724379608373
66893,0.6813727468216824
66894,0.3477774470394057
66895,1.591971988581397
66896,2.906573396418884
66897,11.975978463738624
66898,1.5715310543916623
66899,0.44122514987751105
66900,0.5417270267748536
66901,0.18815473706091207
66902,2.851651122785225
66903,0.15852348954704087
66904,2.135918958400061
66905,0.6091130661147784
66906,1.725906614202533
66907,0.16951216335714747
66908,0.5940378084969162
66909,1.4192712619756722
66910,0.5429133278406639
66911,1.3716350631679288
66912,2.35011293470118
66913,0.3314820685953532
66914,0.18658149986572364
66915,1.4223442955160164
66916,0.29588600027954354
66917,0.38718222388423024
66918,0.505499846673117
66919,0.43217871984093365
66920,1.0965610994107051
66921,0.31762169566065146
66922,1.2708627047698715
66923,1.044116777490999
66924,0.41191459852267814
66925,0.3660545755008473
66926,0.47822103216363215
66927,1.5693609642675659
66928,2.3549195369022593
66929,0.20830559639546942
66930,94.19608236799486
66931,0.4015369634327932
66932,1.0768308693327184
66933,1.180510002721779
66934,0.3645487446762909
66935,6.343687099474627
66936,1.172294291164485
66937,0.6454725849778501
66938,0.2762172569912098
66939,0.6137047249389666
66940,0.12583950894554194
66941,0.5925797609647259
66942,0.062197065920694496
66943,2.8064123378138297
66944,5.236975864867299
66945,0.45950841479163906
66946,0.23779780905878428
66947,0.21771900742394798
66948,1.1233570417872658
66949,0.03611532634313415
66950,1.1063115207909362
66951,10.256115686888775
66952,0.5429738105757644
66953,0.36443987683939605
66954,0.43613287768453474
66955,0.7777247013287896
66956,0.7954706273964562
66957,0.5747571512985024
66958,0.46636898895066664
66959,0.4691655508882879
66960,0.7287788719716348
66961,1.0169127879588413
66962,0.12933271719187145
66963,0.07833116987770192
66964,23.7401216696155
66965,1.2183179093546372
66966,0.3517932727279317
66967,1.0644706249905118
66968,1.8524208586767603
66969,0.4618931969157023
66970,0.1304757437544055
66971,1.7431675343696567
66972,0.43551151613430333
66973,0.6860685322499912
66974,0.7716516316316534
66975,4.298381193761559
66976,1.1890268102528252
66977,1.1963645370937945
66978,4.9078396256445025
66979,0.4347630402314005
66980,33.28085006909665
66981,0.3271323462442146
66982,1.9883214173283894
66983,3.3110006109073544
66984,1.0290246464381088
66985,0.6675638024199245
66986,0.5688271896930277
66987,0.35586305952345454
66988,0.042428849708185674
66989,0.5306993265490852
66990,4.773580570782995
66991,0.1007924901751892
66992,0.5904588743055125
66993,1.4335532354455482
66994,0.059782075702971574
66995,2.249184277454162
66996,0.3757135031066588
66997,0.112549439257974
66998,1.1123002000755837
66999,1.5547742716436548
67000,1.9892064821705
67001,0.7565460251907346
67002,1.2235136386121732
67003,0.13064428678291024
67004,2.1664375072853743
67005,0.7738855895099093
67006,0.30726368960033185
67007,1.881782888767757
67008,1.0772922380533316
67009,1.7547474680645736
67010,0.3058707393861258
67011,1.077404149280466
67012,0.40224766841516724
67013,8.146498767142727
67014,1.7294692084028198
67015,1.6903817839811588
67016,0.5274156609560676
67017,0.06502150001576823
67018,0.10751342020984428
67019,2.0627244728044856
67020,0.12419263684329344
67021,0.47864553732256443
67022,1.813345453419365
67023,0.583785837548549
67024,6.849087311664133
67025,0.3960989458692545
67026,2.470319039865619
67027,0.10188217819734174
67028,1.264953311732485
67029,0.5057409572174855
67030,3.3565793597532165
67031,1.5087888660961928
67032,0.16652644812359402
67033,0.7067979033563535
67034,6.439626358142179
67035,0.5309168113055892
67036,1.6468027587807563
67037,0.4543517624012763
67038,0.2640605299036098
67039,0.5490826280444266
67040,2.6023997932314638
67041,0.5590433495519487
67042,2.4592815598907705
67043,0.5035453289393392
67044,2.6893749750617504
67045,0.792940627126009
67046,2.3474508824467115
67047,0.7430534503412426
67048,0.5337778171803351
67049,0.3090797918087089
67050,2.2623026375905884
67051,1.989535865774538
67052,1.3262603918802323
67053,0.9033087375723112
67054,0.5999779170257337
67055,4.099850489090676
67056,1.525383739412117
67057,0.4361295533173718
67058,1.340718594539236
67059,0.49628259641194594
67060,0.9930675192185474
67061,4.272043219104644
67062,1.37835268033721
67063,0.0915221384797886
67064,0.012804655635125237
67065,0.6060392982592003
67066,0.5670379429387468
67067,0.4331462454586854
67068,0.415379340439432
67069,1.8765816394934103
67070,1.0022019581473363
67071,3.0152352867525605
67072,0.30402407914311574
67073,0.7969515900364845
67074,5.2116888617507025
67075,1.2134327662101905
67076,0.10577127024345882
67077,0.07066257527807551
67078,2.1482736557940876
67079,2.314864631362838
67080,2.695531773064025
67081,0.2477179684660133
67082,0.6136637253296683
67083,0.6588287737735883
67084,2.77090643979413
67085,1.0060150833390913
67086,0.16573020630256924
67087,0.12968495997338786
67088,1.8057047124596475
67089,1.3224466950139688
67090,0.1202989390684133
67091,1.3390298048190417
67092,3.9008846910552513
67093,0.31635875281237374
67094,1.2889802266356287
67095,3.6207895038164946
67096,0.19363726098597325
67097,0.35580920026430213
67098,0.24363820892032834
67099,4.310221531775372
67100,5.025593817947895
67101,1.31211301542244
67102,0.2420299785303985
67103,1.3221418221007109
67104,0.3357681194958748
67105,0.6027504341733447
67106,0.04539471641570067
67107,1.1803410913513286
67108,0.084268885619258
67109,1.7904363874638474
67110,0.14455222302846174
67111,0.4218610659129144
67112,2.2532041253807003
67113,0.705197673188493
67114,0.5234842100174673
67115,0.174721703488248
67116,0.555781840472613
67117,0.5713879279339239
67118,0.9164299403473486
67119,0.2898443632468692
67120,0.5322619251936545
67121,0.8213271546173325
67122,0.08159424517912715
67123,0.6845328252663467
67124,2.2384254222592923
67125,2.3920141310826
67126,0.584671437930758
67127,0.7748075691511422
67128,1.7808825081469453
67129,0.17943716184046793
67130,0.39098855093337676
67131,0.23479265527769624
67132,1.9182888483389244
67133,0.5640156617179354
67134,0.11063839659272624
67135,0.15027345422649646
67136,6.458097238590725
67137,1.7538964685564125
67138,0.9781167142322844
67139,0.038329319204494235
67140,2.426502375218318
67141,2.599269845875332
67142,1.354165362803027
67143,3.309710323138763
67144,1.3931626319553962
67145,0.35515123395868675
67146,1.4572110860701075
67147,0.04285290969771254
67148,0.5581656598477729
67149,0.25284173706173607
67150,4.260580368075794
67151,2.8701917844429956
67152,0.6034127009896042
67153,0.16447077824093242
67154,0.14314474884272102
67155,0.1382695566576748
67156,0.5792953689111664
67157,0.9613327031430863
67158,0.34989499773411714
67159,0.09157777339546701
67160,0.6619546213707257
67161,1.6582693769671861
67162,0.62177087845552
67163,2.740809441878174
67164,0.07356853193085286
67165,2.7945019050470346
67166,4.972645560280955
67167,3.1426874263435063
67168,2.3050461095478814
67169,0.45092506960577067
67170,0.24572033733526222
67171,0.08195062416371932
67172,1.4023735746432329
67173,1.1902082588414886
67174,0.38682322916445244
67175,1.1646872430504698
67176,1.0769908021530805
67177,3.4598536851330564
67178,0.5320215290667218
67179,1.8094029406475842
67180,2.1117045162719545
67181,0.16066643567620167
67182,0.6348740716959104
67183,1.0378996639566387
67184,0.6051424676046346
67185,0.5736483273327456
67186,0.3937503165729847
67187,2.27124821435125
67188,2.7889261626807027
67189,0.51018893765158
67190,0.2704387672081308
67191,0.7268649748214474
67192,1.2790430290920551
67193,0.2944740739968916
67194,2.511480691285437
67195,0.36868106584838356
67196,0.8284124748692554
67197,0.16363875050468213
67198,1.5786475444069366
67199,0.10527415357771311
67200,2.164766055012322
67201,0.09751856672295031
67202,1.03652035394152
67203,3.3562284340616437
67204,2.4904702535179526
67205,0.6743263445527768
67206,0.41506326236821883
67207,0.12158100804510473
67208,0.44133329515111397
67209,7.228480487544077
67210,1.9875920597868808
67211,0.9766745174051359
67212,1.1868526990141912
67213,0.6722164847923547
67214,0.39717385741967587
67215,1.0155354443155933
67216,0.8232209495435732
67217,1.0748943292779094
67218,1.8010019650034594
67219,3.5099227791928835
67220,0.21135509565049906
67221,6.195272826902524
67222,0.5346612876713588
67223,0.29748076694987285
67224,1.360834393775055
67225,0.22598341179337258
67226,2.008969694422211
67227,0.6024624797967135
67228,0.32906870016618994
67229,0.0903911132766532
67230,1.3515358179832533
67231,0.5604023737154058
67232,3.455685163622482
67233,0.10291138014850673
67234,0.1667553495225759
67235,0.9498088909997595
67236,0.6635185231519369
67237,1.1476498126473573
67238,0.37461257126740366
67239,3.437369812334947
67240,6.2096642279401815
67241,3.0718128276959846
67242,4.535288689295494
67243,0.6474144518543092
67244,0.3028540032605481
67245,0.9499425912371444
67246,0.7430551291496897
67247,0.057175329600765615
67248,0.3824749409043772
67249,5.007666774406721
67250,1.2051722007011638
67251,1.8507650268412286
67252,1.0815823016090822
67253,0.2256142993517743
67254,0.2354939610037627
67255,0.29988662072512867
67256,0.8787056082762266
67257,0.11567950672658188
67258,0.18975509784834232
67259,0.09078905570850412
67260,0.40298170812282097
67261,0.2510391344568875
67262,2.8540141623564206
67263,0.5799976413880679
67264,0.2160212555342741
67265,0.14999867184683874
67266,5.911199248339303
67267,0.4082838022745873
67268,2.7559997307741617
67269,0.8094605912707183
67270,1.0019625302635333
67271,0.292303119395278
67272,1.8065193510977706
67273,3.1655690454914147
67274,2.7993936634287495
67275,0.4961955319645406
67276,0.8763372244651504
67277,0.3557953389543915
67278,0.762713750597141
67279,0.11627998779569627
67280,1.1291294524947588
67281,0.5274116273317193
67282,0.23854179353588614
67283,19.569703775105378
67284,0.7472520803011656
67285,0.2504049167317573
67286,0.46872909541864616
67287,0.4643013422379833
67288,2.6900143588843703
67289,0.90643339594829
67290,0.8465402830503825
67291,0.20375907669120694
67292,1.1103981835262025
67293,0.27816019097896816
67294,0.3271399142316298
67295,0.31494039152994785
67296,2.5312718156749585
67297,1.372433069547209
67298,0.06511688247760669
67299,1.1928974124045713
67300,4.50410306617996
67301,1.4972873055626739
67302,0.22667589200876093
67303,0.8707914793804165
67304,0.1330937422528667
67305,4.279544856843202
67306,0.7996937279258642
67307,0.7471003032982553
67308,0.47930319732200055
67309,1.143952817618343
67310,0.40250535610267146
67311,0.45097431734353216
67312,3.181954231483124
67313,0.5608265296125268
67314,0.07776205334667603
67315,0.45160934212559856
67316,0.2065373538640489
67317,2.5304981047798925
67318,11.376271273528307
67319,2.6888983738265138
67320,0.5827045780102356
67321,3.861322187892887
67322,3.1030648247798815
67323,0.9286125659600786
67324,0.18897318385552292
67325,1.271358582671421
67326,2.347001120010544
67327,1.1450287224724474
67328,0.8069033611305728
67329,1.7645698713258
67330,0.8640178345949983
67331,0.4488427671956122
67332,1.1125095741478062
67333,0.622473735593747
67334,0.8559982008596633
67335,7.755135463721171
67336,0.4771739677697292
67337,0.256966583799614
67338,17.300573056310217
67339,1.0540184786417295
67340,1.0090110566245982
67341,0.6824783766157291
67342,0.5884144442804036
67343,0.16189402215429566
67344,0.4393583129131026
67345,0.33965528628107344
67346,0.5216879341757107
67347,0.129221554657061
67348,0.9981685723652316
67349,1.9906031109133666
67350,0.08715352987013655
67351,1.9583179958286192
67352,1.9819265868461133
67353,1.450182119166278
67354,0.6440334699318279
67355,0.47095206454299016
67356,0.7189386421571381
67357,1.0211698250064267
67358,0.7241444131492903
67359,0.8535870725505509
67360,1.0646103107023797
67361,15.521975162250573
67362,1.840019117240892
67363,0.6705689313257788
67364,2.0764380537954814
67365,0.5943446917430681
67366,0.09063848632956177
67367,1.2576598369663354
67368,0.2929663362015825
67369,2.2316502848663857
67370,4.482639983406885
67371,0.277340894905947
67372,2.3319314471943766
67373,1.366707747387795
67374,0.8452734676812207
67375,0.1766083407746447
67376,2.5632969466059765
67377,0.8230769200937189
67378,0.4552819160514424
67379,0.4451845411070415
67380,0.22691842576628546
67381,0.922403121756247
67382,0.827476274815676
67383,2.492918688844794
67384,5.039740932857649
67385,5.0709260371452425
67386,0.6554192340494983
67387,0.5301011147941823
67388,4.5823108171764
67389,0.33802004754792675
67390,0.04534112209223183
67391,0.9633461070808079
67392,6.196432867915462
67393,3.5964586891788355
67394,2.1561944822918018
67395,2.2467494302278843
67396,0.41597876703626946
67397,3.2765234188417787
67398,0.5238583546106939
67399,0.9407609585494281
67400,1.365807162303074
67401,0.4768435441467116
67402,0.7344408117793143
67403,0.8562595164465399
67404,0.6715613663452535
67405,1.3065242646765103
67406,1.4922767600245488
67407,0.10187668466771027
67408,0.7304535052683129
67409,0.4952764448949223
67410,0.25360182967469636
67411,1.3554267688387407
67412,1.2108159770659934
67413,0.8062128994905378
67414,0.3511455078866841
67415,14.239400306967813
67416,3.9056613174657047
67417,0.1558782335017357
67418,0.15150356716865782
67419,0.49175073618835374
67420,1.1319393301332934
67421,0.530529218153687
67422,2.2539095986083977
67423,2.4983322537253816
67424,0.13631158667513682
67425,2.0370101593959022
67426,0.6175251217888872
67427,1.244884438161478
67428,0.5315320836253936
67429,0.7262614598849124
67430,0.21793704895439084
67431,3.7453940631522156
67432,1.5890289793082866
67433,1.0632718469250972
67434,0.11279486790935563
67435,1.1089663566391779
67436,1.1087847334215746
67437,0.18584687315896048
67438,0.8546475452370192
67439,3.772600568403326
67440,0.5087471205959218
67441,0.37548723892533076
67442,1.1764227062972668
67443,0.7503111054166983
67444,0.6776845888290951
67445,1.1101390877246093
67446,0.8379210489695506
67447,1.097104371384389
67448,0.4251454196070722
67449,0.4504713330203446
67450,9.90841836297146
67451,1.3633894026036666
67452,0.17255480179912808
67453,1.0677673413881084
67454,0.07975730083051562
67455,1.7016331171208405
67456,0.1146616380696501
67457,0.4208850518626246
67458,2.6967049624234476
67459,0.3208779083272364
67460,0.7033531077611259
67461,2.0362769128630243
67462,1.0226996552515506
67463,0.3409245800011522
67464,0.6433858423036053
67465,1.3334286634036379
67466,1.6730511729201638
67467,1.1670526311118414
67468,0.31112499596182025
67469,1.7116626573435894
67470,0.13283462107327795
67471,0.5418197634356499
67472,0.5355892739753848
67473,0.5573561616429269
67474,3.9439060170387132
67475,0.30876520303849697
67476,0.09727243988250671
67477,0.7119139157631331
67478,0.7599521851664792
67479,0.08180805375514491
67480,0.6155801606472039
67481,0.391132633157559
67482,0.9163569322074863
67483,0.24703830474646424
67484,1.042448129078081
67485,0.23300702722268948
67486,0.5441734191918812
67487,0.7844751656896432
67488,0.0678034579370408
67489,0.1169774099848914
67490,0.43183571862965514
67491,1.1822996090034144
67492,1.2116025149048315
67493,0.41182965290151846
67494,0.43137614298608035
67495,1.196339948662123
67496,0.45170606114611767
67497,1.9950358564947328
67498,0.08898102524042059
67499,3.9918828397203825
67500,0.4856674937412866
67501,1.526519030731813
67502,4.179418096924934
67503,3.3549882734806893
67504,1.3071293573322915
67505,0.13012745639937662
67506,1.6188437100991482
67507,1.8335895685907508
67508,2.714781499516625
67509,0.22304990227083366
67510,0.34537349839763587
67511,0.45084478392645655
67512,1.8365549066525333
67513,1.1703957025912766
67514,2.6378784615824795
67515,0.43503727508973206
67516,3.6235478554902554
67517,0.20742621987990398
67518,0.9226124989371304
67519,1.2344858266061438
67520,0.5705012366725408
67521,1.8739904921002006
67522,0.12322924388392256
67523,4.111902877515248
67524,1.1652563350393272
67525,0.9558214906776216
67526,0.31845983157676994
67527,1.2158549495237025
67528,0.2566045518908349
67529,1.202286825395865
67530,0.08538781675067306
67531,1.611505370599741
67532,0.22204344099458265
67533,0.5276803168967373
67534,0.8938191172316028
67535,0.9382371417132863
67536,1.5211248018517203
67537,0.2932934424238354
67538,0.21538939481613623
67539,0.59238459971848
67540,0.8387568106300768
67541,0.5621208062662372
67542,0.19536075502779418
67543,2.7310267212839032
67544,1.0962715700026155
67545,1.2038658281706527
67546,0.3573362870286316
67547,1.1074788083185345
67548,0.0548967901249108
67549,0.32988299906345314
67550,0.4875064090086898
67551,0.07638849396098599
67552,1.2476618382785154
67553,0.22693824330905493
67554,0.9059017784083997
67555,1.7277632038219448
67556,1.2625765974321312
67557,0.08692543271212619
67558,0.28313390692419654
67559,0.7248076780687787
67560,2.1911269937344016
67561,0.3545479761789212
67562,0.4478386341511421
67563,0.5854025817099013
67564,0.3564099326385034
67565,0.11458766045885405
67566,1.0227034102950108
67567,0.7553530858302454
67568,0.21050809067906273
67569,1.2135315901831423
67570,1.0106288379382247
67571,0.8908141206695575
67572,1.604030052176931
67573,0.7028637084494868
67574,0.8992421748180319
67575,2.8450625318594835
67576,0.8671409543676271
67577,0.15252569554190015
67578,1.2562151849990157
67579,1.1250208966414164
67580,0.44358515848294583
67581,0.255263744811355
67582,1.690044908142148
67583,1.795898512503879
67584,0.39874867551165966
67585,0.2897807691676004
67586,0.10650782389470302
67587,0.7632718006131757
67588,0.66821953474856
67589,0.7222582009438272
67590,2.664408318217106
67591,1.9941762971878643
67592,0.109050638726886
67593,0.41030872498229387
67594,1.1425980863009428
67595,4.586763228393859
67596,0.09628176423095539
67597,0.2433390346816516
67598,0.14872608944692148
67599,0.3140487327065669
67600,0.07015232943715653
67601,13.472151132659606
67602,1.0098911458826056
67603,0.07016054482151078
67604,0.8138383963546549
67605,0.8660372155017684
67606,0.26700158673864915
67607,0.6833970780759355
67608,0.294113512794612
67609,0.928319826267001
67610,2.1113829649509905
67611,1.0619929207285461
67612,6.3542281953178605
67613,0.18678113499888171
67614,2.3002814150276287
67615,1.9055873266606267
67616,10.215431715484641
67617,2.047045063371658
67618,0.5562083828870287
67619,3.801213950228654
67620,1.9960742568758147
67621,1.1430804088101851
67622,0.6535080818628378
67623,0.7033391141431885
67624,0.28445417190282307
67625,0.6276170731989545
67626,0.25284118282806756
67627,0.30681772043382416
67628,1.2646114486638922
67629,2.5776665991206578
67630,2.210896109336707
67631,0.4097109608970997
67632,0.9114289920889986
67633,0.17095905348242005
67634,5.4617975333159405
67635,0.38182361436059375
67636,0.5021272942356398
67637,1.216332464977151
67638,0.968299483647176
67639,0.1211216352794342
67640,0.514722187391587
67641,1.4419158854130383
67642,0.4501692694459664
67643,0.11684694552778552
67644,0.7862608850164873
67645,3.1545867036661446
67646,1.3008853828984737
67647,0.9472733762173584
67648,0.659829373619421
67649,1.1215834844097836
67650,0.2661854494875063
67651,1.2150128508561227
67652,0.7180714141579436
67653,0.46014995054594937
67654,0.43238390052779474
67655,1.380518966563045
67656,0.47405931877064295
67657,1.4189919026319981
67658,1.393731453471867
67659,0.41910679776953896
67660,0.6262600275057781
67661,1.8896007445306429
67662,0.9237405830294216
67663,2.3778104517084295
67664,0.3370086449759469
67665,0.583910055673819
67666,0.30400554185510514
67667,3.755425017142024
67668,0.4210325960179232
67669,0.19828642496343268
67670,0.48646360457179194
67671,0.9363371769952094
67672,1.5109667905874258
67673,2.662964204890421
67674,0.3752789914696412
67675,0.266571276044043
67676,1.78662371450832
67677,0.42026245604233337
67678,1.0036739530222805
67679,206.52304450754775
67680,264.6911991325434
67681,0.9763582479665123
67682,6.533872747736379
67683,0.3627332137063294
67684,1.365330877227065
67685,1.1692560960920488
67686,0.9768647227162718
67687,0.9336155145787366
67688,0.9448431776017917
67689,1.3534997583563577
67690,1.1232137492798582
67691,1.4226083888314245
67692,0.3093703880845923
67693,0.6742582805571876
67694,0.10646600769694455
67695,0.3297555110558361
67696,1.5081399476351718
67697,1.0196482712711068
67698,1.0208251128264894
67699,2.1064801265599677
67700,1.7489331865806996
67701,0.17418462532409673
67702,1.090725645189211
67703,0.8468697460343705
67704,0.9671118893113521
67705,0.452138096680873
67706,1.8412892434317047
67707,0.47873247151631165
67708,0.21603697867480823
67709,4.001101160505758
67710,2.8591559854886928
67711,0.40747339499289814
67712,0.0291682809784398
67713,1.9779046961859599
67714,13.624356434420037
67715,0.8333281345410569
67716,0.7863580491158462
67717,3.5703852532322182
67718,0.23207824379350925
67719,1.2075124351224087
67720,1.5668741128005512
67721,0.8271230757091126
67722,1.2791442976246037
67723,1.8397634954602493
67724,0.4565406294979376
67725,0.20018440077218413
67726,0.5819096678203006
67727,2.819205199816373
67728,0.9355209707459394
67729,4.842693064643032
67730,1.2809503081904394
67731,0.4818203750853516
67732,0.363919927648345
67733,0.8066686457654271
67734,0.39643004646725016
67735,0.2236838616306163
67736,0.5078821150752858
67737,0.5842039588980502
67738,0.13617569863672105
67739,2.1849700540681916
67740,0.8175471712382117
67741,2.7772743220511256
67742,0.0798327749682716
67743,0.7594552502092895
67744,0.14600812139947006
67745,0.8298373658920637
67746,0.5336686811748308
67747,1.3393174936553847
67748,2.7769596325408523
67749,2.7660721781398
67750,1.491057729167904
67751,1.0443672581001582
67752,2.610759772230716
67753,1.2155308593650038
67754,1.5275865898314822
67755,1.5010875444662912
67756,0.24040240021754217
67757,0.4723434783212945
67758,2.0498662521240845
67759,0.2901156314646158
67760,0.9309989269996016
67761,1.4299984480934107
67762,0.13302114738186874
67763,0.4242208904383146
67764,0.25619803452691775
67765,0.41403658669740906
67766,1.789478953650222
67767,0.16879474147413825
67768,0.9555678950914585
67769,0.15413961662245898
67770,2.457077256394823
67771,0.15433119206362517
67772,0.47467664553130606
67773,1.8660048457353673
67774,0.6049743632195823
67775,1.542402261948331
67776,0.23875850694491277
67777,1.4010982195712736
67778,1.5037618076876398
67779,0.2776360316977734
67780,0.49638759366304336
67781,1.5255833550253766
67782,5.1457850900358455
67783,0.3175125437717287
67784,1.4598393585398064
67785,0.8220329520057162
67786,0.8908363459884409
67787,1.6519319931645984
67788,0.12703512275836812
67789,2.8255849718737807
67790,1.7960042312449032
67791,0.4834527887807044
67792,0.6841076230415336
67793,4.12776548696992
67794,0.3732160180573767
67795,0.9214063372326272
67796,2.7646733168551925
67797,0.4712459010204161
67798,1.1206197375935685
67799,0.09966769296489982
67800,0.6967033026480824
67801,2.3582795986283402
67802,0.44037184819027986
67803,0.6151742234059812
67804,1.0439987110552604
67805,2.3643931858047997
67806,0.8631666970622668
67807,1.7120340678465025
67808,0.35271380362179733
67809,0.2020025414074399
67810,0.17579420581534036
67811,2.866503806561802
67812,1.1610315517022949
67813,0.1930350555240222
67814,0.5339552319770536
67815,1.0851066300835204
67816,2.6049875124906143
67817,0.16431572820682322
67818,1.7710674590210511
67819,0.05600242096986804
67820,0.6376669800914186
67821,0.3215404910916543
67822,0.40096636539746977
67823,0.2365020013302964
67824,0.737296883114463
67825,1.420598565089885
67826,0.12828636664752835
67827,0.7346164517520067
67828,0.33265508720337683
67829,0.365224943242959
67830,0.7615816994180977
67831,2.1085589722415055
67832,1.9943142831933884
67833,0.1296158267475304
67834,1.123216628982077
67835,0.29832570030669414
67836,1.2151765688678993
67837,2.901320497106326
67838,3.1978634609447636
67839,7.235801911224041
67840,0.4380138141565095
67841,1.7077863576329202
67842,0.26224531070952145
67843,1.9429648730846727
67844,0.2508784353440726
67845,5.197375788692573
67846,0.8198501781886774
67847,0.8114676603995238
67848,0.5637611312139977
67849,0.7047285881112737
67850,0.8365045876720365
67851,0.7794783597258776
67852,1.2851067182958995
67853,0.1997784474443467
67854,0.8214749664954023
67855,0.6398604236554764
67856,1.2850997462377682
67857,0.7286684604890625
67858,1.025048738187957
67859,0.24019715853568988
67860,0.2059432620822461
67861,3.651708550455798
67862,0.705680769292578
67863,0.22523973301308353
67864,0.5357749151163558
67865,0.5250180209853588
67866,0.7292480202713112
67867,0.6915029126575751
67868,0.7348967473602765
67869,0.10351696150668943
67870,0.3483136428634797
67871,0.8968066009659019
67872,2.1807428253293093
67873,2.2027972918910765
67874,2.2789724437755456
67875,0.39599617532401227
67876,1.253459332372835
67877,0.1393738652458851
67878,0.3688450955087771
67879,1.0491421900920075
67880,0.4521165841082685
67881,0.05761693008844784
67882,0.7712215958792757
67883,0.6940020634409044
67884,0.7445072171949599
67885,4.222637705613988
67886,2.141833700298002
67887,1.151652517402432
67888,0.6361748415830272
67889,1.789201131646817
67890,3.3228723700439247
67891,0.4931451305052833
67892,0.19607980802908273
67893,0.7984087217149309
67894,0.5148639770369162
67895,0.31312454973215575
67896,5.6094710492331705
67897,0.41999613239354794
67898,2.9857326412447494
67899,4.8358753581656675
67900,0.11857996496090907
67901,3.380385776699189
67902,0.667283428664597
67903,0.48816635738791747
67904,2.4569097441598395
67905,1.068212301992408
67906,2.4167050940222228
67907,4.047760773970709
67908,0.6563445328074152
67909,1.9726819187038858
67910,0.13994630284160292
67911,1.2863576124808427
67912,0.7454533117248627
67913,1.4601441854542647
67914,0.08182323744698952
67915,0.18956039494389912
67916,1.515248462682442
67917,0.5395585931106612
67918,1.549820814283446
67919,1.3830704201477315
67920,1.4544383640235643
67921,0.5654999223195692
67922,0.4166897493663113
67923,0.9935504818665145
67924,0.04074609711319883
67925,0.5944511473383836
67926,0.10147281484826283
67927,0.40799169553050335
67928,2.2031549446296883
67929,0.3718859584693324
67930,4.096289003106783
67931,0.12529418078060778
67932,0.7329749246861124
67933,0.21402464376631236
67934,1.0851350785732072
67935,0.46876521989039643
67936,1.3317146503442487
67937,0.11296605064868052
67938,3.398522452667098
67939,0.650576054201195
67940,0.38179419637276135
67941,0.352309456198438
67942,1.2170878690003046
67943,0.8758853389839764
67944,0.6031311069151536
67945,2.065489163202875
67946,0.9112268572935769
67947,0.39950733532973987
67948,0.5398006156379485
67949,0.18650157294079744
67950,1.0236221559350227
67951,0.23594620594640972
67952,4.629722171936334
67953,0.46709250115738815
67954,1.0096096681745579
67955,0.37735031636942706
67956,0.3652858569246281
67957,0.15664533796066402
67958,0.09170217961019154
67959,1.709993574735974
67960,2.5288104275342262
67961,0.47937263133923225
67962,1.1333160325802252
67963,0.49573471900202
67964,1.0038452005898648
67965,0.4156318425564834
67966,2.6044637531370762
67967,0.5135292618892965
67968,2.0646642587564976
67969,0.18555358514559522
67970,1.1932434809584462
67971,3.81279456079353
67972,1.8605152906345968
67973,6.006631589111347
67974,0.5456277084879474
67975,0.9413401232973133
67976,1.6140760922472208
67977,0.5699791215964591
67978,1.3781643085211728
67979,0.0726942894188407
67980,1.1964426384121298
67981,1.6646123821398189
67982,0.9544168929682518
67983,0.14545611355018623
67984,0.6717832473539601
67985,0.4160359691767215
67986,0.12428637507730451
67987,0.23617475279908437
67988,0.8040912941144404
67989,3.040229921551373
67990,0.32642624885247584
67991,4.608433747276738
67992,0.825743078105756
67993,3.829691182480503
67994,0.4930174549083878
67995,0.954101922232735
67996,0.4389084349589425
67997,0.7039489747848432
67998,2.188081236030098
67999,2.5113630686793194
68000,4.198813034983166
68001,4.2347806415450755
68002,0.5487816004563708
68003,0.5419574367496789
68004,0.2905026730051229
68005,1.3598265157782201
68006,0.8149704966087532
68007,0.2666818886450499
68008,0.4369842966189124
68009,1.0361490529906714
68010,1.4667611170286308
68011,2.5533433960415395
68012,3.0671552475752053
68013,0.7584988217684264
68014,0.36313421922274486
68015,1.1355885088403241
68016,0.6343309447196079
68017,1.905989572753001
68018,0.8273671681245554
68019,6.096761228693639
68020,0.9451124305336732
68021,1.865591901373124
68022,0.11920985143707422
68023,0.2064958320138401
68024,1.2516512665323714
68025,0.958421541636583
68026,1.886970690077452
68027,1.1732754060831696
68028,0.18516642152969004
68029,3.6323870520945234
68030,1.6539218131913527
68031,0.9439007710454749
68032,0.9594107922211106
68033,0.4754384557736584
68034,1.1917330233001615
68035,0.6424371067966103
68036,3.178575397478338
68037,0.41554008695035843
68038,3.4753794546073506
68039,1.632843332371795
68040,0.051904866068327206
68041,1.0148413235788594
68042,0.48096622225538044
68043,0.2359805885589733
68044,4.338291519018378
68045,0.03266581683629999
68046,0.483635736850909
68047,3.3446710652806018
68048,0.1439422981430697
68049,0.17889307901239693
68050,0.7593221016556945
68051,0.21430155853316163
68052,13.665086686809875
68053,1.0918631198480986
68054,0.7894569023569173
68055,0.8012679377891873
68056,0.7095612674674951
68057,0.34507134935959555
68058,2.170169959457022
68059,0.09232380407069746
68060,2.6748494198899873
68061,2.3053330902756777
68062,1.2593882859434877
68063,0.8796221843709946
68064,0.28681926400350566
68065,0.2550715956437029
68066,3.5867690051069494
68067,1.4851903787627823
68068,0.3145623117650603
68069,0.5442326825282091
68070,0.7180052640395014
68071,8.126221716466745
68072,1.2025121027326797
68073,1.421898114157629
68074,1.9327706604191064
68075,1.9980737862448306
68076,1.1186260155170458
68077,0.39350543918548647
68078,0.01728209703757519
68079,0.6920928695257457
68080,0.09186975558470525
68081,0.28276352424584456
68082,1.357722312002672
68083,1.4794513451763422
68084,1.5023878685657293
68085,0.1922947017788827
68086,0.5642994861176156
68087,0.019910936152079523
68088,1.1756184325064236
68089,1.5809656493244564
68090,0.9956511609722833
68091,0.22634600489517503
68092,0.36810902803587253
68093,0.053895941395718044
68094,1.4777514820858864
68095,0.2496148517021503
68096,2.2023090328785626
68097,2.619904140149535
68098,3.816014628207453
68099,0.29560685912417095
68100,0.1941736695468781
68101,0.34250228303311775
68102,1.3577088379023727
68103,0.07519864753454487
68104,2.3109689938907736
68105,5.137772959753683
68106,0.551248403779272
68107,0.8895352255953983
68108,1.3358426256563036
68109,1.9535409696107309
68110,0.264457203541665
68111,2.2054842984490732
68112,4.936821097763227
68113,0.5265846212058112
68114,0.4880573264402504
68115,0.060333637179508535
68116,0.6056593607563806
68117,5.748757695731587
68118,4.343297179378698
68119,0.39910241428815646
68120,0.3411213306782229
68121,1.4691099188514685
68122,2.8904773456454924
68123,0.10767544852970667
68124,0.7736795776546991
68125,1.9102363252671348
68126,0.11648430088002985
68127,2.2964949990549037
68128,1.085312193343477
68129,0.7118078350465427
68130,2.2995164088296023
68131,0.6891834537118474
68132,1.4051077247956876
68133,0.43531139406370295
68134,0.8820618867173954
68135,0.5186028042033171
68136,1.8839505124877098
68137,0.9629614005589162
68138,3.2932792210098207
68139,0.1420220955045344
68140,0.06967404887460496
68141,3.1012206505484015
68142,0.23654083233288029
68143,1.148493919773832
68144,0.405318692602068
68145,5.944185731021405
68146,0.6995307028109703
68147,7.7484687206503455
68148,0.6149065523886035
68149,0.30482382120768425
68150,1.4853373271957298
68151,1.1963246728712595
68152,0.6411386659514294
68153,1.1516708996237481
68154,1.5055930303290008
68155,0.7631894259210734
68156,5.727711818022603
68157,0.1396707152748111
68158,0.17794580810951502
68159,0.4474856448211074
68160,1.2233061397849936
68161,1.128452601632287
68162,1.267236632666354
68163,0.6318467464715348
68164,1.8285833834841656
68165,0.3034373659863513
68166,0.3177747368843734
68167,0.3973717618371253
68168,0.36690256047536796
68169,0.11966935719930093
68170,0.8231224045013738
68171,0.19112205364937396
68172,0.799958275260798
68173,0.5149880131000772
68174,2.0923731502786396
68175,0.23645060043342764
68176,0.6397770567468279
68177,0.7643909320777453
68178,1.3087575859948746
68179,1.6330227821712218
68180,0.404389081115998
68181,2.8172185561592755
68182,1.2264255803442354
68183,0.4729798105853904
68184,0.556815553652734
68185,1.3106571184706013
68186,3.630090130742132
68187,1.3871533579606001
68188,0.32564677676059706
68189,1.0197788046355833
68190,0.16868595704394124
68191,0.42224207161963434
68192,0.9474425110528226
68193,2.062731608897727
68194,0.4667898868545596
68195,0.6601038701181872
68196,2.0587828701918407
68197,1.3261695659921713
68198,2.311971229001995
68199,2.140586170880128
68200,3.1008986139931363
68201,0.3517567715259216
68202,1.3147563110482385
68203,1.1238687135078644
68204,0.5973925777003737
68205,0.9780857389752049
68206,0.7466820745647743
68207,0.3180223754826902
68208,0.976164710155263
68209,0.3078920865480979
68210,1.1411082831283446
68211,0.585832157119534
68212,0.3869692674538661
68213,6.6758636279127455
68214,1.0615851965210856
68215,0.47291267579417623
68216,0.4298336182392001
68217,0.14426886365811942
68218,1.7117163567547238
68219,0.13365459004623934
68220,0.0927207943032664
68221,1.7461021767923075
68222,1.3547651656575443
68223,1.2742488573920678
68224,1.5429641198860642
68225,10.22896431307116
68226,1.7641368655055207
68227,0.9839518234721424
68228,5.225192294424752
68229,0.16181773479789807
68230,3.6969812204909314
68231,1.874217912728904
68232,1.62114167030582
68233,1.092313388610103
68234,1.1524644318254513
68235,0.7359767527436024
68236,0.6589707582721843
68237,0.9345370527666201
68238,0.8766248583414671
68239,0.29586889785076986
68240,0.04618031693205194
68241,0.4409739645360202
68242,1.0676711031271786
68243,0.35246696686284107
68244,3.3225010961674903
68245,1.1269654245588194
68246,0.30708652467536124
68247,1.4151310620235655
68248,0.5383487434484522
68249,3.7798242819510057
68250,3.089483523011127
68251,0.9510301483118796
68252,0.6826285321668569
68253,1.0159706993247202
68254,1.4059929787583396
68255,0.3527261138773984
68256,13.91091193347775
68257,6.517834662645986
68258,1.2732369696439714
68259,0.7742612599353415
68260,0.5880213185506642
68261,1.0251736144380434
68262,0.3234446891856073
68263,2.5749372130050703
68264,0.7789694700868374
68265,0.4647884087781391
68266,0.2714829767480428
68267,1.5999109366722857
68268,1.518558340735975
68269,0.3401957036463041
68270,1.5800204549737946
68271,0.30811946862319584
68272,0.05541565970671024
68273,0.4949211835395582
68274,0.7219896633615424
68275,4.125514180966591
68276,0.8255786434163915
68277,0.33505726659423657
68278,1.2828993708362062
68279,1.7205147910549545
68280,0.6460992544798927
68281,17.90759216004014
68282,0.497034215937763
68283,0.058624629394161416
68284,7.027218041361796
68285,4.107017323205406
68286,3.1594207506768712
68287,0.2577338144521321
68288,0.7070723368476337
68289,0.6347868109323404
68290,0.2514971682122478
68291,2.2989745059771676
68292,1.0458587461906013
68293,0.34180161800707637
68294,4.446922308856059
68295,0.33256650312046193
68296,3.4963540697257076
68297,0.6374459594608309
68298,1.332370543937668
68299,0.7498280599102447
68300,1.3738545500945605
68301,1.3770447204118326
68302,0.39321814146749345
68303,2.6903661146098177
68304,1.5531699882493057
68305,1.3223738564204108
68306,0.19940614989083597
68307,2.0022644000060055
68308,0.07214544183716816
68309,2.411220609237893
68310,0.5500978581624234
68311,0.5603071529576091
68312,0.9754022491297999
68313,0.44874476496352345
68314,4.369066326692798
68315,0.9268320784847389
68316,2.389645627672813
68317,0.1605313625291001
68318,0.6593349839453263
68319,6.888178153498952
68320,31.98256428534607
68321,0.4637479743207824
68322,0.10256723352898242
68323,0.24683287798408443
68324,0.12313576040661729
68325,2.0942969880136357
68326,3.661271214183676
68327,1.9147906195877156
68328,1.3342928055169518
68329,0.22321832667954233
68330,2.051908579281033
68331,2.3754088368178823
68332,0.46899027411473565
68333,1.334038366800096
68334,0.746501535573217
68335,2.3130445484566984
68336,0.14084653138014375
68337,0.315952236167201
68338,0.09069870720644345
68339,1.484993183314157
68340,0.9734692339054607
68341,2.5456972458041127
68342,0.7808061549307715
68343,0.7043207991052483
68344,0.6322094643459542
68345,0.08341245490213231
68346,1.0420121948080372
68347,3.3368691327167603
68348,0.9109038678432264
68349,0.8995181831843075
68350,2.6174571638247546
68351,0.1387809788260031
68352,1.3550051700080572
68353,0.08232048391144858
68354,1.5730461837381386
68355,1.2485165258327564
68356,0.31087555536623823
68357,1.9271430709398412
68358,2.291066065606563
68359,0.5641652037626875
68360,0.21735142945013008
68361,0.3773675876180406
68362,0.1959982019301066
68363,0.4415080200097061
68364,0.3045152387420823
68365,0.49203656374692367
68366,1.871408704891943
68367,2.0009110530835743
68368,0.8826144890500214
68369,0.267134512840164
68370,0.7585202964916408
68371,1.184926474851879
68372,0.5958798868258025
68373,1.1140014840661747
68374,1.4346693974287874
68375,0.1706170929593338
68376,0.8640195326025184
68377,0.4768149213693208
68378,0.2495932770774732
68379,0.5420995252800929
68380,0.5685884209249434
68381,0.42345886261840937
68382,0.6434866228764933
68383,0.9580647304792015
68384,0.9277195296472471
68385,0.6413642089133169
68386,1.5996743387035428
68387,0.40496601899046
68388,0.20807382133323232
68389,0.9759969805347015
68390,4.757738470008666
68391,0.09086262779509699
68392,2.389708460028817
68393,0.3714372176448838
68394,0.15312929385950183
68395,0.16756450738263154
68396,0.8400040131288501
68397,1.269488752552178
68398,0.22926671627161052
68399,0.548056773607889
68400,0.1287673911204348
68401,0.9653057543434519
68402,3.9684371801466707
68403,2.601784967349271
68404,0.6976830811362711
68405,3.9033230018557115
68406,0.6008185469340468
68407,0.07445703916922615
68408,1.0412003756906518
68409,2.205383784105211
68410,0.20252139307805894
68411,0.3768428647625578
68412,0.34560956803118736
68413,0.3125283988590592
68414,3.3966159381918772
68415,2.717701006860613
68416,0.0965554441155808
68417,0.23156863378870804
68418,0.7908831079089467
68419,1.0820793439727372
68420,2.0707372574147707
68421,0.159452356502349
68422,11.65395055352691
68423,0.4336125437960081
68424,0.8114988157286466
68425,3.5183460629619407
68426,6.112824528526064
68427,0.19684764801266638
68428,1.9886257759692143
68429,1.3284313011711149
68430,0.28779219459452116
68431,0.2987251989877941
68432,0.6699861905714111
68433,0.832010263014708
68434,1.1018218347203923
68435,2.1322797115068504
68436,0.8551308360681434
68437,22.171996832293967
68438,0.4845636443481357
68439,0.5349354765830641
68440,1.8500227411447545
68441,0.16770564860880022
68442,0.8832631036287595
68443,0.6307917763081321
68444,0.18051719773025054
68445,7.056179175954986
68446,0.1666376364292823
68447,0.5134868370944561
68448,3.561206971469163
68449,1.2376306097109402
68450,0.9114511909850957
68451,0.1299132073575845
68452,0.13754539526322965
68453,0.3096071479282412
68454,2.8320079379335588
68455,0.1960849888701011
68456,0.24358474341760933
68457,0.6996304531525974
68458,1.6391377566060825
68459,0.07681346134332336
68460,0.4014700382012667
68461,0.31102843362498483
68462,0.32486403251604135
68463,1.8763304026065482
68464,1.4882368183050598
68465,0.5254138729750123
68466,2.471496925528667
68467,1.2259058078738954
68468,0.808606899239337
68469,0.8495481254389452
68470,0.7187680580222413
68471,2.914722184956671
68472,0.11967777139646851
68473,1.1577324103925475
68474,7.21979072855451
68475,1.3988698096725387
68476,0.6313614538255033
68477,3.243958431475089
68478,0.19282816157009097
68479,0.25931305246226355
68480,3.277828464052575
68481,0.053596362035190234
68482,0.24596472435119449
68483,7.537543428767941
68484,0.222503293377531
68485,0.23912862727634104
68486,0.769308135785505
68487,0.5948116757350559
68488,0.9828779542709937
68489,0.23896645056068977
68490,2.7151339127632172
68491,0.8153514496126892
68492,0.36134566951911895
68493,1.1704957019032878
68494,0.42043136100019496
68495,3.278525899238918
68496,4.644837945544674
68497,1.699063814195733
68498,1.8261419961294687
68499,0.2676685548810703
68500,2.8332172422199347
68501,1.1915606768551974
68502,0.74623263391403
68503,0.12965818783193617
68504,0.5406547417143572
68505,0.3711722122100119
68506,0.07900821119799678
68507,0.1256347606283111
68508,0.9278995966641322
68509,0.43228319699501344
68510,6.446713262756534
68511,0.588331049595956
68512,0.7713924514827616
68513,1.1897916304870044
68514,5.796326473133785
68515,0.1929569734633061
68516,0.13945796261681842
68517,0.7385536399950355
68518,6.250722770259002
68519,1.2079538126870304
68520,0.5819630458070455
68521,2.0163577226960734
68522,1.8308197818530982
68523,3.8366146577381435
68524,0.16287915268331526
68525,2.269145377789824
68526,0.10858730498900204
68527,2.1142778693681845
68528,1.7213966922429638
68529,0.902660541858832
68530,0.8989246376492437
68531,1.2179198458941727
68532,2.9377433346772737
68533,1.2745609603280417
68534,0.8053115614303743
68535,0.08838520697979109
68536,0.04685004213575103
68537,0.16281547418463116
68538,8.519070466889191
68539,0.10952279260493902
68540,0.31082159094302797
68541,1.2791537016976764
68542,0.4081568238347525
68543,1.6109796163236978
68544,0.2715956166067076
68545,0.5534584677629759
68546,1.1838209354899634
68547,1.2721575585327698
68548,0.5545964821157147
68549,2.7651619187029226
68550,0.15946606722470502
68551,1.5103424487614
68552,0.49083576671042584
68553,0.24726683183465606
68554,0.30430964585074655
68555,3.095822219980424
68556,0.2692240751360443
68557,0.5472652042227475
68558,1.7369225164604813
68559,0.2899397072525969
68560,1.7225004877790537
68561,0.4781481190730575
68562,0.06368854417881044
68563,0.23827033492888014
68564,4.557445080537989
68565,2.1191743113966424
68566,0.7564176956189477
68567,0.5425212564829209
68568,1.216434646175224
68569,0.22207165066499496
68570,1.8950315715915664
68571,0.5400743595517438
68572,0.8916483641553922
68573,0.11748433139149692
68574,2.6138366165610174
68575,9.32567992637596
68576,0.7497763708812768
68577,0.22899389321321223
68578,0.39883592220757924
68579,0.4605231136801739
68580,0.6174573940889432
68581,0.5027905348517635
68582,0.5086780041300372
68583,1.0042059279974715
68584,2.4435301568358754
68585,1.1219648363125019
68586,0.5198714046685703
68587,0.42355804714712897
68588,3.97977294144975
68589,4.252890801303272
68590,0.7147826455438583
68591,0.08294811808977083
68592,0.6958501754674249
68593,1.474618582727947
68594,1.2228547179228118
68595,0.2984516320437106
68596,0.4612095714137165
68597,0.4195582614364267
68598,0.3743997492505758
68599,20.60677532666541
68600,1.4767687605949986
68601,1.2095527322329431
68602,0.17554116379017928
68603,3.6833524367533808
68604,1.5049531799301104
68605,0.8841956655387322
68606,1.0081186346585451
68607,3.442069621420559
68608,1.3969452808430367
68609,3.9620521589352617
68610,0.14526423242683284
68611,0.04256070365585897
68612,0.19985991857699406
68613,0.9756518300904531
68614,1.2273195268845758
68615,0.05839758287936142
68616,1.1596865815095154
68617,0.7256980344963291
68618,0.11024459024129464
68619,0.414439294936155
68620,0.21022932501934194
68621,2.992309049188644
68622,0.4610391554966178
68623,0.7922524688332948
68624,0.2462990832761441
68625,3.88160671113575
68626,0.5668708668012945
68627,0.7507708186361663
68628,0.29716393098444344
68629,1.3201069321563599
68630,0.6033808243536569
68631,0.9417981540429253
68632,1.0446446443265827
68633,0.7114579823494298
68634,0.4182537776503581
68635,0.7964412313282342
68636,0.21583407653900716
68637,0.617652504135314
68638,1.5180673712624073
68639,0.4234399556602306
68640,4.964624479323402
68641,2.6928662474556244
68642,1.4411716154447884
68643,1.3177974433921842
68644,4.303865196819849
68645,0.492804377361282
68646,1.9871412318833666
68647,2.6277202461853992
68648,1.3616246843366062
68649,14.359585653665809
68650,1.3209477230812625
68651,0.5438068832916501
68652,1.0356034181416727
68653,0.5234530490669564
68654,0.20022520252159187
68655,0.6210637175897015
68656,2.3174584169918533
68657,1.4147218610647259
68658,0.6633674420230644
68659,0.14668726149670763
68660,0.6341301325506556
68661,0.3301325611454245
68662,3.022787190935741
68663,0.7749041115589075
68664,0.0988053155047333
68665,0.6665549439265008
68666,3.3521954910801743
68667,1.8525104273526636
68668,0.6880939223403439
68669,0.6152228666647612
68670,0.530623097733437
68671,35.280623887101605
68672,0.3571168915809674
68673,1.4633331026382916
68674,0.38666803353693735
68675,0.4773965918391196
68676,0.06488048057480375
68677,7.236773719513085
68678,1.5979293692874732
68679,0.5991653694494238
68680,1.3021929675381532
68681,1.2112186770466575
68682,3.4749442204934113
68683,0.8156318974025212
68684,0.6295759098602598
68685,2.5277551865548977
68686,2.527579540986204
68687,0.11240100145561076
68688,1.196694233273994
68689,1.3755824199425835
68690,0.12879519801522074
68691,0.3371810442307526
68692,0.5737161215286405
68693,0.7825576582355667
68694,0.5234514071895697
68695,0.49473093944302804
68696,1.3553732362199813
68697,1.1153127916328986
68698,1.0807572521972841
68699,0.04855963555557028
68700,6.9848246910150955
68701,3.6620806321033634
68702,0.09174027146549538
68703,0.7236140153599028
68704,0.10169563283533177
68705,3.071034420122852
68706,0.3220964867007367
68707,1.1452076885305966
68708,1.1058860287062044
68709,2.8969621584612137
68710,1.4835977716769153
68711,0.08835727450654747
68712,0.16049492372200713
68713,0.5487819979941733
68714,5.390334723025293
68715,0.4721537576530419
68716,0.6635920924246352
68717,2.5050517836465507
68718,1.1837047687781932
68719,0.532938365003556
68720,1.3404825654346113
68721,0.5926499289250445
68722,0.6182800518309137
68723,1.271066139061116
68724,0.7420998820404368
68725,0.2385722373246736
68726,0.510661919880629
68727,2.366779592421873
68728,2.9209657076013187
68729,0.40358120823639454
68730,0.5072554059088163
68731,1.1264972490241807
68732,0.30598059550658824
68733,1.36597131788086
68734,1.4281712895936907
68735,0.6008998834271477
68736,0.9278979591129963
68737,1.5257359960733385
68738,0.5856142163790778
68739,5.138525720433878
68740,4.545320137606313
68741,0.6082667401316076
68742,0.9167169315033422
68743,7.334575493140273
68744,1.9905327604633745
68745,2.6729360727467446
68746,1.34337580687088
68747,0.9353465771390025
68748,1.656776018917219
68749,0.9059855968798824
68750,2.6311351947863324
68751,0.23520983079118568
68752,0.21363457313612166
68753,0.4610286135424337
68754,0.381754068246551
68755,1.56682832478679
68756,0.30312969780151094
68757,2.769671556594281
68758,0.12784588683705944
68759,1.0804553463038367
68760,0.3514403143067202
68761,4.461033150096714
68762,3.110670928084844
68763,1.6600554159959051
68764,6.1780899065643196
68765,1.9762612850918562
68766,1.9120625597593355
68767,0.17564971504135893
68768,1.9907955093054759
68769,1.4757650706039378
68770,0.18748384685087985
68771,0.13302962492888082
68772,0.783926935740523
68773,0.14718506282551935
68774,0.1881401625630339
68775,2.386782082600032
68776,0.16221912345212244
68777,0.7811154493168788
68778,0.2562777209247576
68779,0.8819980814079312
68780,0.5923226063512603
68781,2.6201512523823722
68782,7.5472312222941635
68783,2.3298928716279277
68784,1.1252110313878587
68785,0.6883238070992793
68786,0.3492481000843412
68787,6.579999834764622
68788,0.0656512287281057
68789,0.3905845940339504
68790,2.8330449425464908
68791,1.4553248034661548
68792,0.5492639272530144
68793,0.35759124587828317
68794,0.45968037089927855
68795,0.8010506417828085
68796,0.59380184293988
68797,0.3950942109636349
68798,0.660305566344825
68799,4.51043464567188
68800,0.9166604730756522
68801,1.9031529073455964
68802,0.25944207381544804
68803,1.7634381347359747
68804,0.46601645768070227
68805,0.08086631536106559
68806,0.8989167099323214
68807,0.973874231473359
68808,0.3104924928557576
68809,1.3128563286575146
68810,2.244462984987317
68811,0.38688239080771425
68812,1.3930877152054728
68813,0.8020574364390654
68814,0.47587610413025694
68815,0.8064967169886097
68816,5.4285022618437
68817,2.2186583024930804
68818,1.4975098476602429
68819,3.393014094205264
68820,0.18321032099072176
68821,0.07613158018881122
68822,1.274696295934371
68823,1.5987789941902744
68824,0.13358146910011887
68825,1.7829503679296417
68826,0.30616957744425466
68827,1.031616263107924
68828,0.37173575318457774
68829,0.15895936794571613
68830,3.957206537167324
68831,0.07055457224628897
68832,0.27296144384915627
68833,0.3947572483801467
68834,0.7134840642639939
68835,0.1170273942134684
68836,14.103014832565282
68837,2.7125019964132617
68838,6.544688730899784
68839,0.26008326816433625
68840,3.649231406350758
68841,0.7158616839928675
68842,0.1297826627676033
68843,0.049498337417437185
68844,0.4036142245564152
68845,1.4046586769668408
68846,1.0723845109402175
68847,1.4796174706772274
68848,1.1569143983040262
68849,0.8913373733910523
68850,0.13493446694505531
68851,1.7280847395184311
68852,0.7702920400231683
68853,2.983266982351135
68854,1.1674707706616725
68855,0.967609477760386
68856,1.9222110771265954
68857,0.9224807630498224
68858,0.7439804489054702
68859,6.620829823662657
68860,0.9912159638054938
68861,0.615042791633944
68862,10.354432260859369
68863,0.35967732398506913
68864,0.24729956089255206
68865,0.267890193863284
68866,0.5887888507131136
68867,0.3323325665363178
68868,0.11819487621305173
68869,3.354338061179222
68870,0.04113391639167444
68871,0.7725803015857804
68872,1.9656081813376365
68873,0.6182885536650888
68874,0.7248734673594367
68875,0.4797650765700689
68876,0.2632291638399517
68877,0.4682444461220868
68878,0.08329341970321502
68879,0.33236392584031055
68880,0.32625101250375105
68881,0.47040428410977586
68882,0.6985386035913919
68883,0.8711080247790729
68884,2.3594096763604937
68885,1.2971259929435852
68886,0.9298667979306624
68887,0.9706546927805166
68888,0.5921781291666535
68889,4.793663021120505
68890,0.1147366028598668
68891,0.23670067597611757
68892,1.5214595732910983
68893,0.2165072097537288
68894,2.055638002712245
68895,3.1003752412600227
68896,0.15397481995447573
68897,0.4323748616349149
68898,4.107491232687409
68899,0.5198766636604514
68900,2.7005033342126237
68901,0.49447608264157955
68902,0.6438197612028916
68903,0.599135253422791
68904,22.71892627604715
68905,0.7201978648231161
68906,0.6842315012301134
68907,0.7131088870967323
68908,1.7787832904865555
68909,0.36848286612348713
68910,145.5047174426416
68911,0.8664734271156415
68912,0.12630709369982113
68913,1.6108575098639
68914,0.6966079672090035
68915,0.701452337068995
68916,0.6855381412316534
68917,0.7724312048019075
68918,1.4286458397373576
68919,1.3975504725811942
68920,2.4992363849539476
68921,0.05024917066373904
68922,0.8125502366688104
68923,0.2072053996866494
68924,2.40351451858741
68925,0.16864218854787077
68926,0.06467884769212441
68927,2.2762482017855366
68928,1.0927598094180608
68929,0.31478669898382017
68930,0.41453312068080034
68931,0.7730863985310146
68932,0.3942117345804121
68933,0.7906375168698057
68934,0.5082178233346465
68935,0.20776999506393762
68936,0.584853199857779
68937,1.2091890424158975
68938,0.9115330806629602
68939,0.8182508803940247
68940,0.1475413657396071
68941,1.0957301875491408
68942,0.8084367111757806
68943,0.2786275631584938
68944,0.6570637743223775
68945,0.6083829542272559
68946,0.6986015660133031
68947,1.4814714686691604
68948,0.06666336626662733
68949,3.7074033358484195
68950,0.22276487061024267
68951,0.26553465981565455
68952,2.2005364403719945
68953,1.2688863300253006
68954,1.074370883369938
68955,1.0917324698566346
68956,0.15514049121668327
68957,2.779842484364936
68958,0.8348850365380626
68959,0.09898556215666288
68960,0.42999959993756637
68961,2.2793266579815112
68962,0.9199143416178439
68963,0.895364472566099
68964,1.8962960273774416
68965,0.18516554579087946
68966,1.4953796800517016
68967,0.45463837322109896
68968,0.02989397692237289
68969,0.42428723516276595
68970,0.08372990207745619
68971,0.16440015702687583
68972,1.109335775853498
68973,0.40029119647140204
68974,1.3112149122524972
68975,0.446415014834101
68976,1.7280253037121716
68977,8.027266812881685
68978,1.5815631911327657
68979,0.425856883040121
68980,1.3552259293958566
68981,0.14083996970305038
68982,0.30245182034202506
68983,0.29787851749307254
68984,1.1863388271983846
68985,2.9869601838770996
68986,2.3579329426821647
68987,1.4582367970770804
68988,5.144464244442881
68989,0.17947243055494017
68990,0.33271371617524065
68991,0.16588473434316325
68992,0.28603554761956984
68993,1.2318958885691105
68994,3.2646166614519254
68995,1.1923855612453997
68996,1.1291946628834724
68997,1.8489892296358605
68998,0.4488677447789006
68999,3.6030718390464838
69000,0.1116298784301801
69001,1.059535768650806
69002,6.804602202597234
69003,0.595747412446944
69004,1.9886957292167098
69005,8.471781628004145
69006,2.7317203148439493
69007,0.5803602647336893
69008,1.2642246421712389
69009,0.1671113946209112
69010,0.2346225017085672
69011,0.6892707623932925
69012,0.498210336951179
69013,0.1834146070897103
69014,0.23983379460676102
69015,0.36190211522976135
69016,0.917960535663199
69017,0.3552674756866266
69018,2.539024983759284
69019,1.8689603361551164
69020,0.5290817445308231
69021,0.11661987527412976
69022,0.5870547946245248
69023,0.9006155333412585
69024,0.2644647411435719
69025,0.12466332614768562
69026,0.14501474659284944
69027,1.6333180572981316
69028,1.1302436389886943
69029,3.3662153107875614
69030,0.0831794545451405
69031,1.7715486918288537
69032,0.48900006751489666
69033,0.6124898941297298
69034,1.0349626464149688
69035,2.120515329824536
69036,0.20750842546815
69037,0.5192214687593396
69038,15.494848948801016
69039,2.1565822952720324
69040,0.1305155215140178
69041,1.1863378308829056
69042,1.0088127233902313
69043,2.417965751333795
69044,2.936910424037623
69045,1.0739867326902555
69046,1.5370570203472496
69047,0.3715766249649274
69048,0.506391194983403
69049,0.6372000967053042
69050,0.35579371813521793
69051,0.12172580412068124
69052,0.7135978650358854
69053,1.1506588848144126
69054,0.37694845938148647
69055,0.1942926703508543
69056,0.11478521713238049
69057,1.67616907860506
69058,0.15872921532980583
69059,1.2553223473809194
69060,1.1526746217034918
69061,0.27985702535238544
69062,0.8969623009465
69063,0.7149943286545762
69064,0.5518035812633542
69065,2.6845637650397154
69066,3.0178440362743064
69067,5.171456092359257
69068,2.8256048482985507
69069,0.0650250380236036
69070,0.25529974324197147
69071,0.4481728755246184
69072,1.5719222864340507
69073,1.5428576613657201
69074,4.184334938136595
69075,4.491446577191933
69076,0.34964060723479157
69077,1.1405395427368463
69078,1.7056611871781793
69079,0.3751782781374916
69080,3.2623875300173313
69081,0.7193146183559486
69082,1.294834224912722
69083,3.536187596610941
69084,0.3799673132895511
69085,2.0893577695152743
69086,0.3761455099487594
69087,0.06717016603019478
69088,0.26479898593720425
69089,1.7554333429229552
69090,1.2542535253512037
69091,3.939164156092169
69092,1.2165645730604144
69093,0.2521204798385319
69094,0.19514259834006925
69095,0.14386251298313482
69096,2.589416076314846
69097,0.2156882630357336
69098,0.44637248709866817
69099,0.18588613855034292
69100,0.39542264018066087
69101,0.06898556540205238
69102,1.1523843434616023
69103,0.23221046755524996
69104,3.3563873602922363
69105,0.30026988849641556
69106,0.4363208806860301
69107,0.07729400946675015
69108,3.4838817642221023
69109,0.04842480625073323
69110,0.6699479157616095
69111,1.177574145164318
69112,3.4988474569869252
69113,1.9433841367447833
69114,0.7896985201761151
69115,1.006306567984255
69116,0.8457158272963801
69117,0.6663394493571931
69118,0.649608401297266
69119,1.1649470728942095
69120,0.5748908272182206
69121,0.34795911407473784
69122,0.7034987636352956
69123,0.1396255569685352
69124,0.2459921344592719
69125,0.21580060036124296
69126,0.077162707056065
69127,0.20016345524409265
69128,0.2746404890169502
69129,0.3466960074513259
69130,0.34826971350827624
69131,0.5127963080275469
69132,0.8751756935118584
69133,0.746247928982133
69134,1.7200654114242253
69135,68.68600736656806
69136,1.297681917053365
69137,3.411918793087154
69138,2.7746706645677652
69139,0.776295533880464
69140,0.9450713938104781
69141,0.6213374415289227
69142,8.94453666815465
69143,4.722364886170319
69144,0.2128662427234056
69145,0.5626163878346923
69146,1.1911213535734204
69147,2.022252362668431
69148,0.7765904701654246
69149,0.09107579891087338
69150,0.9070044149989736
69151,2.357164557216247
69152,0.5016421906405267
69153,3.894670148712494
69154,4.205423699563292
69155,1.2847039532778828
69156,3.038479387664447
69157,0.4527715179356012
69158,1.2373032387828824
69159,1.741190004467101
69160,0.4163593703601649
69161,3.0933897462598696
69162,11.923515777054321
69163,1.1524064617676988
69164,1.1592561960716223
69165,0.1136221879912661
69166,0.40658924300573834
69167,0.1108311182902185
69168,1.616147671695895
69169,0.18140677470516225
69170,0.21396837643973698
69171,1.4034813457515751
69172,0.9342644971473831
69173,0.2769321663912978
69174,1.9153283575030131
69175,1.7114539653371497
69176,2.7937470505648108
69177,1.8515187585970458
69178,2.5190530558454403
69179,2.8908945551566365
69180,1.6641552123171592
69181,1.8238945373345197
69182,2.631849187186735
69183,0.13126165503462345
69184,2.826851939493627
69185,2.7904220769100627
69186,0.7185980714287035
69187,2.0155274048808556
69188,0.7443551562511537
69189,0.04808753170598757
69190,3.5536501947172416
69191,1.2478084693493854
69192,0.7370001907918061
69193,0.9568856915908937
69194,2.4142360386407695
69195,0.9948195838992129
69196,1.5443643878003348
69197,1.0656677740462075
69198,0.3351740895548483
69199,0.147099190381399
69200,0.19453252016730857
69201,1.6190997155041484
69202,0.2079283379605048
69203,4.906466999494963
69204,1.0163653913475148
69205,0.18176008010283612
69206,3.0769040795208187
69207,0.5077952901933487
69208,12.73683884080099
69209,0.3357375161906552
69210,0.8704941860903772
69211,0.0299414452357034
69212,0.2273192649165409
69213,0.8437444350276351
69214,4.8849532698506914
69215,2.035882079716171
69216,0.25035826053605753
69217,0.22706712993136766
69218,1.0619878024368867
69219,0.12247469966128578
69220,0.9020420905271419
69221,0.24212838623855518
69222,0.09107417879891212
69223,2.13766677272782
69224,0.8495952924785513
69225,0.32788638864111114
69226,1.3922403001502843
69227,0.7667433334626874
69228,0.32241142232753595
69229,0.3603929430415548
69230,3.2924373447321083
69231,0.5459375673648893
69232,1.4290496350133566
69233,0.119882491786032
69234,0.21061065866249043
69235,1.5737122677504738
69236,1.5042922350899812
69237,0.8084176815852152
69238,0.4538275900333003
69239,0.06664817179486682
69240,1.9354450894848436
69241,0.9203561742976243
69242,0.3480612097766328
69243,0.4194860019814657
69244,0.23338735284067808
69245,0.3716359370076423
69246,0.26953165394091494
69247,1.5466978136935767
69248,0.6744716018531748
69249,0.26922584971919017
69250,0.6765243243438295
69251,1.1622184804328437
69252,1.1089639774020912
69253,0.16325083573745616
69254,0.33881801265518285
69255,0.5861309680245635
69256,5.361085412681782
69257,4.970312073235201
69258,3.7477955888549106
69259,0.160007507245234
69260,1.2302764819139924
69261,0.36823378651408395
69262,2.792147067796723
69263,1.5124862950003313
69264,0.690653214344012
69265,1.0973275582442503
69266,0.6211272645374358
69267,3.6392482002714903
69268,0.843455255400117
69269,0.1106348745634647
69270,2.01896023382478
69271,0.9381133976920473
69272,0.685756983998213
69273,0.6123028946557073
69274,1.533261580830858
69275,1.4156950907768198
69276,0.09656252813505645
69277,0.37489060303072885
69278,1.9365393419403683
69279,0.4455261941736853
69280,2.861494413796217
69281,1.902008577556843
69282,0.09932065793472385
69283,1.9137647409820784
69284,0.31204647241606065
69285,3.2607135437791457
69286,0.22757110348022097
69287,2.493780554585762
69288,0.7375924599656178
69289,0.8698701302755605
69290,0.9306842437895605
69291,1.2443081006803247
69292,0.10391208084091273
69293,0.9883394686880626
69294,2.015073527690649
69295,0.09173267053218297
69296,0.3076042805906912
69297,0.1415648079140102
69298,1.282550476365303
69299,0.20245798273340748
69300,0.3674120782496426
69301,0.14794194123526533
69302,2.107481827477099
69303,0.25474349607032104
69304,19.573463994875944
69305,0.24758524626289596
69306,0.6112528983886064
69307,0.8249275554370856
69308,0.5804980553793556
69309,0.2638947743102156
69310,4.847659708293758
69311,1.5381799656065005
69312,0.5071528413792179
69313,0.3939388484379468
69314,1.718723067053293
69315,3.74351395586519
69316,0.6223438918335441
69317,1.5449870751501857
69318,0.08156486783793614
69319,0.7844080207077734
69320,0.8720526856513011
69321,0.2938105481645653
69322,0.25337459475137963
69323,1.8067332277455914
69324,2.550688742615093
69325,0.9263475541114357
69326,0.49497551433173853
69327,17.786440426317018
69328,1.8345060608951853
69329,0.8430345301588476
69330,1.8632132073017669
69331,0.7253501688256417
69332,1.2250149041068197
69333,0.662018999547453
69334,3.062693039807233
69335,0.598346116540353
69336,0.845571140009807
69337,4.51648228828835
69338,5.603535468453444
69339,0.1953179850486862
69340,0.856633534763148
69341,0.4840927399495158
69342,0.30860400606795263
69343,2.9217727617223184
69344,0.12721309055059893
69345,2.523889229202857
69346,1.3879343261518096
69347,0.19927347296152087
69348,0.19617397284656735
69349,0.2120940295568378
69350,0.3577761432629239
69351,2.3586434220794663
69352,0.22761704807949842
69353,0.8118018287508258
69354,0.8691876309726553
69355,1.3096885118626853
69356,0.39037417086156695
69357,1.2718155019341981
69358,0.3846736362597961
69359,1.2420524098565904
69360,1.3407170658913183
69361,1.3224729755430231
69362,1.5011187605365512
69363,0.9905337776288123
69364,0.13855120252623357
69365,0.5873469050187146
69366,0.8844016716187143
69367,6.2905832553667675
69368,0.13213234497182536
69369,0.4125901550281213
69370,0.2856649682943487
69371,0.2349495593799366
69372,3.8692033814225195
69373,5.97809755455261
69374,0.338601761166641
69375,0.0978063281951242
69376,2.746819097342585
69377,0.7287303247310105
69378,0.20475173073592756
69379,1.2634679772510111
69380,3.5362642805427593
69381,0.4026211653997398
69382,0.3345763777971737
69383,0.813054623207271
69384,0.11364045247821102
69385,1.6264012746705636
69386,2.2301207071761433
69387,0.22684941457808225
69388,0.19970730664240968
69389,0.8644810427086747
69390,0.3320836354515088
69391,1.2775164821809444
69392,0.11205702380359195
69393,0.8765476053178324
69394,0.11493730660376657
69395,0.7719952275786683
69396,0.06936647675736496
69397,3.294554813587282
69398,1.2818090983296426
69399,0.523000022710545
69400,3.3974466280911853
69401,2.5223971672657504
69402,2.370826190313724
69403,0.42918481024447913
69404,1.978564807118703
69405,1.0314691369412634
69406,0.17978601046807066
69407,0.4065408254621493
69408,0.903064038313167
69409,0.10295157453028973
69410,0.22708485239865636
69411,0.7165396823761984
69412,0.5538445042149676
69413,0.7897621344953163
69414,0.6060969289080728
69415,0.23175860320620748
69416,0.9615757575114235
69417,1.3671939995537998
69418,1.6071223781723314
69419,1.1103038412284447
69420,0.983968734125395
69421,0.13029442356199392
69422,3.2158902914077743
69423,1.2182160244471203
69424,1.960256348617859
69425,0.2184070575901265
69426,0.8607043314231152
69427,1.0788878317803
69428,0.12948465515786456
69429,0.6282538088972613
69430,0.2328074555604947
69431,0.5759920340528145
69432,1.5981372719378677
69433,1.8626564280719076
69434,0.647112094396908
69435,3.1012503424141094
69436,1.4594532845970887
69437,0.7081706503576125
69438,0.8976455510775482
69439,0.3630954954222313
69440,0.32617666664073364
69441,1.9207328895013926
69442,0.35048196606751925
69443,1.7554386505696158
69444,0.5814455403280279
69445,5.00803809813844
69446,0.13750029240185158
69447,0.5400355473628754
69448,0.1695442127477762
69449,0.1546444386751411
69450,2.665730618375753
69451,0.6403633405446134
69452,0.3564892846749964
69453,0.47781368923552187
69454,0.6284322705565146
69455,0.48230854329981626
69456,0.46530495667035554
69457,0.6090458170346608
69458,0.6193337459937627
69459,0.18381966977426073
69460,0.5494813990045571
69461,0.1528844294590354
69462,0.8937611493185978
69463,0.7815912014214468
69464,0.18811471852293613
69465,0.2236437084925322
69466,0.2683318535466542
69467,0.9703550627614246
69468,2.691318464207661
69469,0.08123196624367277
69470,1.8977561530861369
69471,4.36143243315775
69472,0.12364220797284349
69473,0.5547653762183522
69474,1.0504398867960119
69475,0.70834519503041
69476,0.8199112521832213
69477,1.0852540238545407
69478,0.2389687724332602
69479,0.9048249564866858
69480,0.31870071716640946
69481,0.9381539643255227
69482,0.8222081645636897
69483,0.30102983584890575
69484,2.770225984459013
69485,1.214782281809976
69486,1.769809223739369
69487,2.3308261801780454
69488,1.073978103391178
69489,0.25775406036861287
69490,0.2168584680789613
69491,1.552716411839334
69492,0.6999292326560015
69493,1.2220827081848205
69494,0.3168324320263095
69495,1.946659518884937
69496,2.028441237303732
69497,1.84632064259957
69498,2.4773901170318817
69499,0.30297651622701655
69500,1.4683431463767418
69501,1.2883913565453198
69502,2.446865196340159
69503,0.25075314443081476
69504,0.9458657408671389
69505,2.6989490041366477
69506,1.5894979618220098
69507,0.39643051717519023
69508,0.05773122893956402
69509,0.6877859988142496
69510,0.8922190210581485
69511,0.43562753285691225
69512,2.1867578297657784
69513,1.1435044599229847
69514,0.9806511029188557
69515,0.6454339943297371
69516,0.7549887855420848
69517,1.1826705293484023
69518,0.05176227820988853
69519,2.691304998333709
69520,0.18170446566669954
69521,2.3656389920727996
69522,0.13852226671768858
69523,0.18824008356367616
69524,0.3574897053118379
69525,2.393152763194121
69526,0.10173808753438224
69527,0.5531020096303807
69528,0.1601271903251086
69529,35.2843043674912
69530,0.7145110678729854
69531,0.22236567946833888
69532,0.6404162138829133
69533,0.6361659914059713
69534,7.371885557969363
69535,0.3772475969552095
69536,0.09740913606635634
69537,0.7277820012775229
69538,0.5661963465477146
69539,1.593230204438914
69540,0.5982331606259033
69541,0.4951679599251814
69542,0.20587575104845404
69543,2.1133649764168143
69544,0.968216198668238
69545,0.058705926263307506
69546,0.7805620909981152
69547,0.028750857346360383
69548,4.057689938962955
69549,0.5963810492983531
69550,1.4426662362254288
69551,0.8823060490328101
69552,1.4807091062676996
69553,0.02962423708104918
69554,1.2458936538596415
69555,4.751697306614852
69556,1.339365778967856
69557,0.22226863656429233
69558,1.7523443014857414
69559,0.5309186697006663
69560,0.5400299979759443
69561,1.3291617149670962
69562,0.2976678497123654
69563,0.43555279058328
69564,0.8961963441227577
69565,1.7312706419806871
69566,1.9509005799328296
69567,0.265369288398632
69568,0.8893721565496727
69569,0.4700517614603749
69570,0.7812679675187821
69571,0.07475951986412076
69572,1.7023082360118127
69573,0.30795895309421295
69574,1.2397794818579655
69575,1.8619805568884078
69576,5.020907374696515
69577,1.9002298765730814
69578,1.5646284873016931
69579,0.03024911729062722
69580,9.867395193919204
69581,0.10668664552666346
69582,0.30723698464341864
69583,3.9128201558655373
69584,2.1744134961891284
69585,0.12108900036458833
69586,0.11056380957792379
69587,0.6854373721816618
69588,1.2156559855576041
69589,0.11250617351723487
69590,3.6305379231426897
69591,0.8833236745968124
69592,0.1743656025125574
69593,1.2272572851088581
69594,0.7115475945369238
69595,2.326388418284354
69596,1.4725469502381887
69597,1.3887260888307194
69598,0.8808547148167476
69599,0.07123102349248668
69600,0.3304144787041392
69601,1.9350275828311507
69602,2.199211037511521
69603,2.315181720848644
69604,0.22632863312533763
69605,0.9029426938910299
69606,0.9166599470407684
69607,0.0942071984396763
69608,0.7474106859303108
69609,1.424602292990183
69610,2.739005464495968
69611,4.678428425293987
69612,0.8715991888413459
69613,0.20297241049908962
69614,0.2234885782963743
69615,0.3063014666870845
69616,0.38354464378527675
69617,2.0232127004224045
69618,11.018358803187565
69619,0.6514477997872072
69620,2.3281305245623845
69621,1.5305565026166017
69622,1.7461062996862324
69623,0.9605370705137062
69624,0.17347071160029723
69625,0.134577268667362
69626,0.6730683238263306
69627,1.900114563936101
69628,0.4176051604104126
69629,3.5511659404953817
69630,0.645165078340154
69631,0.3655570682992923
69632,2.0002695722004726
69633,0.19652387220543413
69634,0.184830211543593
69635,1.0472046856450448
69636,0.3824152420800269
69637,0.14117105945943412
69638,0.05839033986206446
69639,0.49200753203205283
69640,0.1290741975180051
69641,0.8138553054561926
69642,4.582892197911098
69643,0.33893768726607104
69644,3.048263092099927
69645,0.2760991507646103
69646,0.135437828043053
69647,3.162011656482842
69648,2.2328894865163726
69649,0.8080355186875962
69650,0.2989351637460144
69651,1.4359369670068416
69652,1.1866217431412733
69653,0.4818628554626396
69654,2.6636920700185187
69655,4.312758491250108
69656,6.148805233017571
69657,0.104290516687032
69658,0.3405189871681425
69659,0.2794026157926916
69660,0.40804323020321376
69661,0.3143176842899796
69662,3.1828063743117077
69663,0.0712217232309068
69664,2.3855433450166643
69665,1.6909166104270885
69666,6.0290083158310805
69667,0.12279048482032778
69668,1.268742307734887
69669,1.7267171686219793
69670,0.9791731243578737
69671,0.12073904875531952
69672,1.3104235442891028
69673,0.21248747860046419
69674,0.14545971353219556
69675,0.16731841132561112
69676,0.329359529188292
69677,0.9238216686036759
69678,1.2796065549793207
69679,0.19741059773469183
69680,2.3147037871491114
69681,0.0618699276423013
69682,0.7802555249681262
69683,1.2508528664299052
69684,0.1682766066991448
69685,3.409787978036256
69686,0.8393671480601052
69687,0.7552452579232383
69688,0.918853941780536
69689,1.3517245199461387
69690,0.23341681916860105
69691,0.3043411954586159
69692,0.8061452131165114
69693,2.982317387138209
69694,0.267727794956917
69695,0.9032121421714179
69696,1.4529102880969
69697,0.34672060062268045
69698,0.09504077038381141
69699,1.4279218230769892
69700,1.7977575269115436
69701,3.851917117153932
69702,0.6359131645286074
69703,0.034158046968713864
69704,0.4561916356675419
69705,1.2594995712405082
69706,0.1190023921323408
69707,0.7064848816876308
69708,0.8564191198751634
69709,3.9576403731810483
69710,0.510718423978791
69711,0.7265166789556541
69712,1.3493684229847374
69713,0.1642661419070148
69714,1.1198963672146836
69715,0.760725246908912
69716,2.1398736379397474
69717,0.09459315958736099
69718,2.583581621467827
69719,0.10203390176439293
69720,2.189358122262733
69721,0.8369125891834851
69722,4.409587322036418
69723,1.7275102335402635
69724,1.455694766874219
69725,0.18056814135111987
69726,0.4062497379225969
69727,0.5999190714613882
69728,1.2296344400483843
69729,1.5132260604809007
69730,0.4451216648870522
69731,0.803988822185195
69732,1.0790516259825695
69733,0.651030942834697
69734,0.9981373346675515
69735,0.6988430964528289
69736,2.180461763361333
69737,1.0587228964571231
69738,5.656055283883309
69739,6.586008240645446
69740,1.1247823294913972
69741,1.8967117660626776
69742,0.6643538674682132
69743,0.6931244404668306
69744,0.6818556615596945
69745,0.2846502378807103
69746,1.1251285008998129
69747,0.47421800693180505
69748,0.27587437093268835
69749,1.4352301606299769
69750,4.686199207800071
69751,0.7815340087133573
69752,0.4168375414509408
69753,1.391233510396873
69754,0.3184267662935392
69755,0.24343377064481908
69756,0.3546187514921356
69757,0.47526040901512756
69758,0.43752004118016735
69759,0.6257709546296848
69760,1.0848059494269533
69761,0.5086627763521239
69762,0.9536161344675604
69763,0.7066706707526031
69764,0.3903729941807967
69765,1.7015760612443107
69766,6.529328896453222
69767,0.6378951269574368
69768,0.27113383015868164
69769,0.9350089015441334
69770,0.20235488487946246
69771,0.9274481348931591
69772,1.9167338648557475
69773,1.6610210539487011
69774,1.6338440700145334
69775,0.7179887372285572
69776,0.10346978593847121
69777,0.831253986485854
69778,1.1249076397337834
69779,5.645756823435059
69780,0.3029610799467383
69781,0.0976852492000761
69782,0.4085758883095986
69783,0.18577941709760426
69784,0.34111377998334735
69785,0.9754090966537088
69786,1.322980296581513
69787,0.24580103997662742
69788,3.68947647388588
69789,0.7678731284742999
69790,0.8888889437429932
69791,2.3267102439658145
69792,1.5343021908513403
69793,0.4902576675141368
69794,0.522889340600537
69795,0.2365634904239559
69796,3.1010567238883415
69797,0.17980383081538417
69798,1.0175329887318723
69799,0.445411036833378
69800,4.747819696758281
69801,0.22611397639012154
69802,3.7906208463586544
69803,0.7399106584256497
69804,0.5721804208964938
69805,0.11581905651496259
69806,0.7399789244825773
69807,1.6416008508789584
69808,0.08448119269077133
69809,1.5847534949883675
69810,1.0446700213420113
69811,0.27735172415186465
69812,0.23277996010825758
69813,0.25608851312699366
69814,0.5643266779088644
69815,0.987311106289604
69816,0.5537300663635746
69817,5.130495031027374
69818,0.25007141160026214
69819,4.520754523145944
69820,0.5272951503552552
69821,3.3549668483441573
69822,1.9425838054170255
69823,0.13114244621151988
69824,1.6647079103671143
69825,0.08843919929883755
69826,0.5061790953441779
69827,6.728710222225341
69828,1.538400587768004
69829,0.6548924127627538
69830,1.7489687243950771
69831,0.3233259036894188
69832,1.4149067447713124
69833,1.9067367839458664
69834,0.19432487678563334
69835,0.24977833663604207
69836,0.5630705642827656
69837,0.13777676666753885
69838,3.628009829764179
69839,0.0902047764308883
69840,2.0995251833330597
69841,1.9755736658630325
69842,1.5307788746321123
69843,1.3934474374282155
69844,1.4059897642854842
69845,0.11986720224402789
69846,2184.627031398952
69847,0.28380041625249147
69848,0.5731774427777786
69849,0.11728289089285457
69850,1.1786460352611035
69851,0.5239109729211655
69852,2.2712021793611434
69853,1.4291764206720452
69854,2.7875027522910716
69855,0.7038817260179473
69856,0.1674445780033272
69857,4.499905926355025
69858,1.7638143238172337
69859,0.22890731762838637
69860,0.30078383179710366
69861,0.19821963570076584
69862,1.301954122042753
69863,3.470377440446407
69864,0.1547831187869626
69865,3.01772484544763
69866,0.5881555737790118
69867,0.982565902408713
69868,1.8573893854380954
69869,0.2387130010503975
69870,0.6944978468357165
69871,1.585939898520536
69872,1.256875358626182
69873,0.09307312221123572
69874,2.215523561259856
69875,0.3325644707715687
69876,0.25782482398810525
69877,1.4526269825935598
69878,0.15409966172821607
69879,2.292720220918957
69880,0.1595594792162722
69881,1.0909549841841217
69882,0.9769971050626161
69883,4.767784864779079
69884,5.073026602211983
69885,0.2620650118962337
69886,0.20742083177349419
69887,3.4030605515285353
69888,1.747153455855026
69889,0.1518806056379706
69890,4.631254031033359
69891,1.1699511475875097
69892,0.07837325072634163
69893,1.4316525760246173
69894,1.5554692479186714
69895,0.3254235502673716
69896,0.3745589312384359
69897,0.9034698554041499
69898,0.16501406220378742
69899,0.5142609896539985
69900,0.07463085444466455
69901,0.28458067481846455
69902,1.7042565148096946
69903,0.22528676795252442
69904,2.956534499748176
69905,1.1389583866208866
69906,3.346678905474149
69907,0.08888163203016367
69908,0.2987067010946943
69909,0.19010281073984467
69910,0.3431450944414704
69911,0.9573308804626183
69912,1.0727063990283414
69913,0.7493946215232775
69914,3.1133523074067857
69915,0.8899280028911211
69916,0.49367929022496326
69917,1.5212709491608305
69918,1.4456712505895153
69919,4.563989293892017
69920,1.0873082906809373
69921,0.9271976706416046
69922,1.2909085106733331
69923,1.167583820255987
69924,0.4869403104440806
69925,1.2841482213618591
69926,0.1639535168546064
69927,0.18951357585703205
69928,1.0686908225770064
69929,0.25718345206867255
69930,0.5185754579632922
69931,0.37891742393678846
69932,0.1756276144736117
69933,0.622444603856266
69934,0.7102885145329092
69935,0.20132908630186053
69936,0.1979086633507393
69937,2.8574536157364014
69938,1.1384030777236431
69939,4.690012200265754
69940,1.8998217640528687
69941,0.4859884465126876
69942,0.13066949957843613
69943,0.8268714965259077
69944,0.6162787184948878
69945,0.24881994447043582
69946,0.3942388857843703
69947,0.974867244908878
69948,1.2239215421907674
69949,0.39813620575163744
69950,0.7712744227906361
69951,1.21176670720697
69952,0.5773958168936305
69953,0.5404994925125723
69954,0.13233888204279923
69955,1.141190074342477
69956,0.4439681101372367
69957,1.044112122046542
69958,1.8799737465508906
69959,0.15037889007318697
69960,0.9742431941406499
69961,2.6055383997201624
69962,0.14848523440042177
69963,0.7135241657978515
69964,0.12247980446102377
69965,0.8536753717061113
69966,0.3346556518308237
69967,5.7186596814097355
69968,2.7810116073488893
69969,0.21436628744299535
69970,0.47771481935087856
69971,0.895271345135311
69972,0.21203541142645776
69973,0.9568570548878865
69974,2.953139862494201
69975,0.16584360175894317
69976,1.948941515860267
69977,1.0662093025142254
69978,0.673982624014988
69979,10.01672175285282
69980,0.7107084522411431
69981,0.3129626984356506
69982,3.2931851268872334
69983,1.5454426186615162
69984,0.7309829530031936
69985,0.49891582275798463
69986,1.431319101240353
69987,0.133450129327817
69988,0.41095020451912206
69989,7.141697537786293
69990,0.32365944365370325
69991,0.4330440037406327
69992,0.550621445402616
69993,1.0766634413449732
69994,0.912995105311785
69995,0.1759361196273322
69996,0.455524582371466
69997,0.7478664207405245
69998,0.5992956101029767
69999,0.37397909867318435
70000,0.47098195182368796
70001,2.317543653528045
70002,2.1817261727061665
70003,1.011048450491774
70004,0.6464489182781962
70005,3.07199933024663
70006,3.1353811168151955
70007,3.5559971036477456
70008,4.947893393723489
70009,0.523821358711322
70010,0.06617165189398577
70011,0.27481817980876444
70012,0.44283515930178186
70013,0.422124062642692
70014,2.864991337075508
70015,4.307249533939283
70016,1.371935623681716
70017,1.0743863647637202
70018,4.841344822021672
70019,1.531288208532752
70020,0.7481305433221555
70021,5.9534572192711765
70022,1.060913426646277
70023,0.3258841766872869
70024,0.44376188882324347
70025,0.6185681204084081
70026,0.5532331852585894
70027,0.6101198074283076
70028,0.42087583244973703
70029,1.1408971040975167
70030,0.526277346668088
70031,0.7723627588752481
70032,1.5946582350916851
70033,0.17828248656599674
70034,0.309896167440871
70035,0.11145679209700766
70036,0.4289520874782627
70037,0.4054544739318016
70038,1.6076184631388066
70039,3.8440014883731086
70040,0.11281578285188766
70041,0.5809844321526261
70042,0.8006769078805844
70043,0.2979296181553201
70044,0.38517490878560234
70045,0.08265962601901253
70046,0.09519135175736142
70047,9.216779637980498
70048,0.30807533008086657
70049,5.876745724975749
70050,0.284294301225703
70051,0.38503663904327357
70052,0.08494160848969105
70053,0.481881752430373
70054,1.4001671476250872
70055,2.117498999099955
70056,0.718051216178906
70057,3.2831059069337982
70058,0.280847499135188
70059,0.4254973860985349
70060,0.5989755923667269
70061,0.09785154398348496
70062,0.3406961884699362
70063,0.8533213675428313
70064,0.14073590784468157
70065,1.2721874761283085
70066,0.3083869210893125
70067,9.273766330381672
70068,0.41882875923401003
70069,1.7297528625434107
70070,0.3809904257398191
70071,1.1802054310685446
70072,1.1969354303801165
70073,0.18309442485994895
70074,1.1665091212644862
70075,0.4819208003900842
70076,0.6990681024473663
70077,0.2060635347390935
70078,0.8730933523182463
70079,0.13381145004956438
70080,0.9739129887890825
70081,2.2814169599642105
70082,1.0984869522747864
70083,0.4516500075819142
70084,1.0965572809319546
70085,4.092103087235802
70086,0.11039318998952813
70087,0.5650702244632773
70088,1.240132367237282
70089,0.30504246475708646
70090,0.25042658636285053
70091,0.1337187518794119
70092,0.2493137696978067
70093,0.19673702398258663
70094,0.2908022394107285
70095,0.49299567641149034
70096,0.19418971428381324
70097,1.1499648667180162
70098,0.8832540177515388
70099,0.42604517867014824
70100,0.7481655798466085
70101,0.24453565811893246
70102,1.4272985589432494
70103,0.08225513474015712
70104,0.6173394085902765
70105,0.3980962183476599
70106,1.1805120539898601
70107,2.2866511098508706
70108,4.084607196846253
70109,0.5394765938390417
70110,2.6872594211608423
70111,0.3030057166873921
70112,0.6171439739867668
70113,0.7568634001732221
70114,0.6954076549036619
70115,0.9114935197713547
70116,0.7644945758387849
70117,0.44557437800203625
70118,1.6027801328166564
70119,3.4572809774458153
70120,1.1096154332888002
70121,2.2759207509637576
70122,1.0612307824385634
70123,1.15529483199038
70124,0.9906298222091404
70125,0.20052450093562896
70126,0.4698091541291029
70127,0.7121404790826721
70128,2.9449614448816597
70129,1.2748624818458099
70130,0.7807593232191239
70131,0.5739683968490011
70132,0.4903110179086507
70133,0.7965739215419331
70134,0.25065255756025984
70135,0.3931623043625986
70136,0.057627484816553685
70137,0.7044338117005531
70138,1.1109947799708286
70139,0.11553758610185536
70140,0.1519698016531405
70141,0.8531417283812612
70142,0.43752424884943886
70143,2.430420268656442
70144,2.718830787891979
70145,2.675254002461638
70146,0.2880233090339142
70147,1.4962998115218196
70148,0.48777789186798437
70149,6.424893446563415
70150,0.42586782518094546
70151,0.49944604639892193
70152,0.4461342506475289
70153,0.41229302538511353
70154,0.06381961078459264
70155,0.4531582629248093
70156,6.977636572293276
70157,1.2782851498523369
70158,1.1067257700504385
70159,0.4726438375895972
70160,0.35011692991253207
70161,0.8373146717256836
70162,0.45494743465236887
70163,2.86667087862826
70164,0.14200807840289625
70165,0.19272445031795477
70166,0.5625173585672232
70167,0.6298059599568081
70168,2.1687147278937324
70169,1.22347478665694
70170,0.15386836160403172
70171,1.785825895807549
70172,0.39954552288538947
70173,2.5146677926633356
70174,1.2426599462891272
70175,0.8937857969080324
70176,0.19639577925580148
70177,0.6665175973781091
70178,0.2473154792360471
70179,1.7790024729783829
70180,2.227337230938563
70181,1.053687321064679
70182,0.42569834808829604
70183,0.8465829076355442
70184,1.206666991616782
70185,0.4401119198754272
70186,1.9947695495827913
70187,0.3017066646324681
70188,1.1017696508158041
70189,0.3199709723350924
70190,0.51572096688117
70191,0.9928402418355678
70192,1.1664195490230336
70193,0.47657342702516253
70194,0.6880283387831002
70195,1.2703161834793915
70196,2.045939486291989
70197,0.5489615089793004
70198,5.870760037130496
70199,1.0295058235353627
70200,0.9597060964852668
70201,0.15408806045904536
70202,1.794757319627846
70203,0.36282096816804726
70204,1.1558112903782591
70205,1.4547604734627102
70206,2.678804744470989
70207,0.4938186357690502
70208,0.6007584235907105
70209,0.040306672890661574
70210,0.11877729265990228
70211,0.19981813422783085
70212,1.0490766445261088
70213,0.24187166305321345
70214,0.14138238682058699
70215,1.7478132556038224
70216,0.22819774355344208
70217,1.6875154180467282
70218,1.6229438856634404
70219,3.0717696668696406
70220,0.21748692114190946
70221,0.4318341495471614
70222,1.0331831824947986
70223,2.6582072960854513
70224,0.9873162384691851
70225,0.2546244902612279
70226,0.48268116052607757
70227,1.8475113415748012
70228,0.973563342363477
70229,0.6696323385266386
70230,0.40435851178447973
70231,0.35898910676028745
70232,2.3620794516132335
70233,0.906980359927857
70234,0.2540814016092617
70235,3.5735652911761786
70236,0.12846176382682492
70237,0.038281578209380086
70238,0.5437706996547136
70239,2.080107025189463
70240,0.23860370023838523
70241,0.5118438851507783
70242,2.4018728198928887
70243,1.815231443896089
70244,0.21797279772639624
70245,2.591429083317868
70246,1.2316831445972354
70247,2.132268546844207
70248,2.732843276486937
70249,0.43725744100925473
70250,4.250865601946557
70251,1.7908242091733502
70252,0.5061278263150728
70253,6.750735984647926
70254,2.6682116544331005
70255,0.9081280196352286
70256,0.8609954919346714
70257,0.28608471533295554
70258,5.726685723664913
70259,1.432956957722624
70260,2.1385362025648305
70261,0.6752015204218927
70262,0.13817966557534325
70263,3.6243703476754634
70264,0.19475271772843997
70265,0.03662577335725673
70266,1.52894405696754
70267,2.986674782168239
70268,0.16874922003822024
70269,3.490402445594101
70270,2.7061663942324783
70271,0.8900006915817871
70272,0.043608559014505006
70273,0.9513938735063605
70274,0.15683445214679662
70275,1.2716905969005743
70276,0.12152847523607496
70277,3.010916762632594
70278,0.10543587101625376
70279,0.7729604946074569
70280,3.3259385020497785
70281,0.2457373022790325
70282,1.852376019579999
70283,0.3541121398301614
70284,0.9582926322689822
70285,0.3419769252299568
70286,0.4383018055451712
70287,0.5416752378954022
70288,0.2796478723552696
70289,0.3071941103926432
70290,1.8300703928061401
70291,0.13891267351960213
70292,0.18478558590023444
70293,0.5332968545327237
70294,0.8340437225205041
70295,1.6747057125545057
70296,2.0367233241402793
70297,0.07790910170177787
70298,1.7308688790486957
70299,0.6332495046027954
70300,4.462512122080209
70301,1.6953645408900677
70302,0.43349138638405627
70303,1.3173550766596505
70304,1.542979188870612
70305,4.343123723561088
70306,1.1181824182815525
70307,0.1257066347249037
70308,1.9539258908318982
70309,1.225892638201954
70310,2.225414431938512
70311,0.12105345533075357
70312,1.1483632206118461
70313,0.42591272230435956
70314,0.555055352333852
70315,0.48943036863181866
70316,1.1304111606429268
70317,0.41999482030158103
70318,0.3171593702349948
70319,2.5579321561563213
70320,5.552940881942188
70321,0.025592406328113826
70322,0.4228248585649338
70323,0.9260862416611573
70324,2.829187055870184
70325,0.5114684782507278
70326,1.048498344870185
70327,0.10627579641502834
70328,0.7767989481441446
70329,1.5842936317542264
70330,0.9019549986249468
70331,2.435674352392153
70332,0.8647021444490078
70333,0.22871486302562619
70334,0.4102231746669751
70335,0.44271078769862154
70336,1.504088162482957
70337,0.24538651303935147
70338,1.3354828940604389
70339,1.0545125010381229
70340,0.47338597038043656
70341,1.8761438280842202
70342,1.17681653231889
70343,0.8164080349378101
70344,1.3573438329993937
70345,0.21482597060729655
70346,1.4383669226260587
70347,5.733728910577047
70348,0.28380384121956026
70349,0.4087042779279267
70350,2.1116191642042934
70351,0.49398084658360947
70352,0.6985623333060395
70353,0.7255188458237976
70354,1.7747718899141895
70355,1.425307122913359
70356,0.2866802187949909
70357,0.6775772491845928
70358,0.15275006124560553
70359,1.9102453809804594
70360,1.175346843659847
70361,0.13296387145266778
70362,0.09951388190587848
70363,0.15897762870396812
70364,0.06626804151994345
70365,0.4236758870427812
70366,0.24819489973560468
70367,0.621360407816723
70368,0.5393562538303355
70369,1.2031497079845521
70370,2.616267413759864
70371,0.4255008103603394
70372,0.268794704613788
70373,2.9137116757927926
70374,0.7604648290409733
70375,0.9896238566154919
70376,2.202523855588963
70377,1.1039649881550802
70378,0.09153645268974207
70379,13.444607895228941
70380,0.5641014906393201
70381,0.5812748313406165
70382,1.9604604233178329
70383,1.305145918129975
70384,2.4072006657751794
70385,0.7186685343526645
70386,0.26846990926369424
70387,0.737051663556413
70388,5.252551121786795
70389,0.31652945514647035
70390,0.5207445244316128
70391,1.2268687621144025
70392,0.6561830418571427
70393,0.19696458509840362
70394,1.6684563000779864
70395,0.47548323700871425
70396,0.6063194023261572
70397,0.4208788451069006
70398,1.5922465770990382
70399,1.0256238179980517
70400,1.7581873951539606
70401,0.21028794946504234
70402,0.13838006291547544
70403,4.638198918910882
70404,0.2231421343744859
70405,0.20449764653881106
70406,0.4309351110900651
70407,1.8899329485448733
70408,4.355457725016914
70409,0.4173215794928047
70410,1.3198166775004572
70411,3.7869984508525762
70412,2.098968157593576
70413,1.6539976848316222
70414,0.3721820017671268
70415,0.2957287218548253
70416,0.036835151458302996
70417,0.07471333903629726
70418,5.074678001626305
70419,0.42778380491017576
70420,0.6773506862431993
70421,1.1010909090511174
70422,1.265651301109733
70423,0.09589347853811661
70424,0.1629405963931895
70425,3.32769068946896
70426,0.4866847869678784
70427,0.20257911156095093
70428,0.5977054223760077
70429,1.3201789446391154
70430,0.9410783807787418
70431,0.287853292993913
70432,0.17940723328089014
70433,7.836876015461278
70434,2.809314447391974
70435,1.524763203015023
70436,1.3111327627833935
70437,4.348939050304774
70438,0.21754738825761238
70439,1.5883418182664346
70440,0.40170845587265847
70441,4.400787865501501
70442,0.09968966427093616
70443,1.515704214649429
70444,0.44870941951549037
70445,3.064406220315566
70446,0.15380891389765314
70447,0.1441182553486849
70448,1.7270716058735054
70449,0.1087948622582796
70450,1.7748813539255215
70451,1.1044019031929913
70452,0.15822057648102705
70453,0.5494560566754543
70454,0.868516641099271
70455,0.2426973285520151
70456,0.6360631987875709
70457,0.23609698854512326
70458,1.6207114894825774
70459,0.6696060909272141
70460,0.7031930799796087
70461,0.7615102180581004
70462,0.315803512839094
70463,0.4487773528101473
70464,5.868020069966907
70465,0.9628133099893644
70466,2.976260976423829
70467,0.3769505989865605
70468,0.14352879509516275
70469,0.7929938731436604
70470,2.80721708076068
70471,1.7388382848630606
70472,0.1468347297536222
70473,0.2795670390420694
70474,1.0699562224359667
70475,5.11975995442263
70476,2.9182753488439745
70477,1.409920739803865
70478,3.2216175917449603
70479,0.11393025263970594
70480,0.19154726898490232
70481,2.8896437498441307
70482,1.375378501100917
70483,0.5102460261576949
70484,1.8927801792141081
70485,0.14696404365069507
70486,1.2043362441582208
70487,0.2617911276064822
70488,1.453600775719446
70489,0.24225120264280448
70490,1.0104181866457902
70491,1.8370702588113839
70492,4.1908090252812285
70493,1.3036382640406057
70494,8.151815380250348
70495,2.0257220496222863
70496,1.4296936881057805
70497,3.647608313869526
70498,0.7786947273471418
70499,0.5485493467695796
70500,1.8594494185081016
70501,1.8364739336668996
70502,0.5584148663977611
70503,1.3764364131258846
70504,1.5310473038296177
70505,1.4379986808311653
70506,0.8061223884546836
70507,0.2557704403860619
70508,1.9275818799318292
70509,0.5911982970406329
70510,0.3167636642455353
70511,1.2981990078516952
70512,0.12391212486282746
70513,0.39861942581384546
70514,0.578608389648367
70515,0.7342990843945748
70516,0.04005083470001754
70517,0.8897459423412482
70518,0.22011526288369054
70519,0.7782551902382343
70520,0.29402339492442997
70521,1.181836122938254
70522,0.5090900893749991
70523,0.24381821689393318
70524,0.4207700916775361
70525,0.873461180965448
70526,0.5013606615399508
70527,0.10406586750499629
70528,0.8383597427372013
70529,0.11908118100989674
70530,2.2337117674646523
70531,0.2943843859792493
70532,0.47613737601960426
70533,5.957850173137578
70534,0.29902751953460843
70535,0.9248221489135603
70536,1.0937037104652785
70537,1.9699815789604715
70538,0.3724524927102387
70539,1.8763855571784973
70540,0.13559987227021952
70541,0.675409088736461
70542,3.5719778730889886
70543,0.9475152416470025
70544,0.2185678186662828
70545,0.8561001623232896
70546,3.7206475474785754
70547,1.518068544794126
70548,1.0738439221819345
70549,0.18528626566259168
70550,0.6476884155334728
70551,4.7566034535496575
70552,0.7161030610583872
70553,0.024226698075489723
70554,0.3478169115342677
70555,1.9974593271003722
70556,0.6801082942805892
70557,1.5939470485582543
70558,0.1404890884086204
70559,0.8315131939746438
70560,0.13686235187396237
70561,0.31366911737599745
70562,1.5102722431360027
70563,0.1087056498565954
70564,0.3520200466673823
70565,0.09799946720332545
70566,6.402127642880125
70567,1.3588823715685365
70568,0.6475451826370074
70569,1.5209729312083857
70570,0.8113009362422683
70571,4.877407546805615
70572,8.895306416943146
70573,0.1933214944902803
70574,9.026616502596276
70575,1.7419767828875172
70576,0.7740092376953496
70577,0.7489067964282075
70578,1.0290273232473728
70579,2.228435558131535
70580,0.9468191996085915
70581,3.268497424743045
70582,0.36527377364446556
70583,0.18273067706815843
70584,0.4259926289644724
70585,1.2279074830002679
70586,0.306492775436414
70587,0.09061060218062932
70588,0.5785019087500274
70589,1.1338114900668916
70590,1.4355751863307813
70591,0.24047012292403275
70592,0.33909603722674925
70593,3.051227548270086
70594,0.6541562114304993
70595,0.5688108342800764
70596,1.5815787959235383
70597,2.1528704115035358
70598,0.40879449978963517
70599,1.3801708448139338
70600,0.3892222485079891
70601,2.415576931370672
70602,0.533677488436581
70603,2.654163609373702
70604,0.5871811549494104
70605,1.4943387940731705
70606,0.26792250842707716
70607,2.4632441520521944
70608,0.7699805988791577
70609,1.0726887015155804
70610,3.5251226073968382
70611,0.2763866146178674
70612,0.17288103668887272
70613,0.09971708016775245
70614,4.289643036967914
70615,0.321278617840616
70616,0.6382754881475922
70617,0.6508002000093582
70618,0.558969961835931
70619,1.1165796097512244
70620,3.0332308565980197
70621,1.058833600161619
70622,1.0236970154518055
70623,2.527581982053669
70624,0.7192082860350718
70625,2.9397017454736827
70626,1.879013692635752
70627,0.6104169915711966
70628,3.846466884402514
70629,0.21745298029971039
70630,2.698021253978506
70631,0.42058019903638566
70632,0.16520271706810347
70633,0.20871728144606683
70634,0.1209910749355446
70635,2.0321320365514723
70636,1.1827469638708663
70637,0.32366159601945277
70638,0.8390142124025501
70639,0.38331741657523244
70640,0.20434346461448652
70641,0.04855364273916488
70642,0.5086525257842855
70643,4.416098729609953
70644,2.287396846283722
70645,0.8053622454412079
70646,1.459402276001989
70647,3.5004311956479257
70648,0.8231117542480678
70649,0.8443909112396194
70650,0.4125039501552022
70651,0.5056060896580803
70652,0.727825568945578
70653,0.8773540514428432
70654,0.03651889925058323
70655,0.9196949858067363
70656,3.0589355968627276
70657,2.0146126557146715
70658,1.289194316126208
70659,0.4274887574337467
70660,1.7712887973735434
70661,1.9304841880323542
70662,0.06334507128702282
70663,0.49569128221697384
70664,0.2922088356387358
70665,0.36669766264675885
70666,0.7538140686335889
70667,0.3124212331681228
70668,0.6976725594900267
70669,0.5195921238666494
70670,0.520398769308334
70671,2.3987550356901632
70672,0.6821021451166607
70673,0.0745969137271066
70674,0.05193458352735527
70675,4.451946406502817
70676,0.08187857045609999
70677,2.6879804224162602
70678,0.07879952370045146
70679,0.35836085695992664
70680,1.4844601231233272
70681,0.9865342013762461
70682,0.19554726848625992
70683,1.839571783079745
70684,0.23480205565870793
70685,1.8818592367180487
70686,0.14812627255979421
70687,0.5828056141968748
70688,0.9803356950516499
70689,0.7173044786188414
70690,2.802063968886863
70691,0.398526391153941
70692,1.7658204961956114
70693,0.5694334046197933
70694,0.5846975819152408
70695,1.3696251481381188
70696,0.6020799179948667
70697,1.3112101645681493
70698,2.3360490343796094
70699,1.0909982717514803
70700,2.9845143107206273
70701,0.16351589710920927
70702,1.3438773786953129
70703,1.36422893938681
70704,0.2146552152525401
70705,0.14356632980404252
70706,0.6542167557116703
70707,0.18552578445154805
70708,1.3393605537865283
70709,4.68229872114224
70710,0.578479328209571
70711,0.12338591490325551
70712,0.7412394689605379
70713,1.902276834923112
70714,4.527438877490768
70715,1.12517607906475
70716,1.7926691514788466
70717,0.747384039405543
70718,4.568578875446374
70719,1.1636898627346284
70720,0.7490332335881469
70721,0.8884086758922969
70722,0.3202182888647959
70723,0.3848904219181944
70724,0.5688525058491198
70725,0.08095608263449379
70726,0.37644971144631983
70727,2.1099873113762317
70728,0.918473893866703
70729,0.7755938112405464
70730,0.3017608417956253
70731,0.7846066029707025
70732,0.47092701111741286
70733,0.09550689025401828
70734,1.5018685874528932
70735,3.001779474311078
70736,0.7658165730665746
70737,0.2447868101595862
70738,0.9494250124953655
70739,1.7268604703239199
70740,0.9361014992489425
70741,0.200336906981758
70742,2.5050938294694713
70743,1.263420616473628
70744,0.9469594234486903
70745,4.074936105986892
70746,0.3625793714862962
70747,0.04623512717854054
70748,0.4461269719568623
70749,0.15729532291635318
70750,0.2568361173218945
70751,2.7097476703928747
70752,0.9489691319735972
70753,0.3648695851522782
70754,1.0715810615391193
70755,0.40016240529321256
70756,2.588144504604145
70757,0.3435180087142433
70758,1.0167901110896829
70759,1.6354483808778988
70760,5.336894303227832
70761,0.22229341665988264
70762,1.0559905203651032
70763,0.885800285957404
70764,2.176569382405233
70765,0.1933815151578413
70766,0.8970880394776665
70767,0.5012053164994965
70768,0.7748745180750136
70769,0.5370427350967324
70770,1.9573619638349047
70771,0.42672197587174404
70772,0.6196904581947399
70773,7.188714179097143
70774,0.14171512827566624
70775,0.14824404147033682
70776,0.15883546706672305
70777,0.4785529628672857
70778,0.7002533163334352
70779,2.504489392248216
70780,1.3239184245970537
70781,0.8300924971273136
70782,7.25164578429504
70783,2.0009877562522607
70784,1.4365397736657386
70785,0.9536430452208229
70786,0.25510018003158025
70787,2.5628343375051057
70788,0.33422716028518556
70789,0.7069190001241531
70790,1.319725176509546
70791,0.5948669137246297
70792,0.22834985066627278
70793,0.2230085576342737
70794,0.6968762165116881
70795,0.19981169726929038
70796,0.25161213028941787
70797,0.9834487206030653
70798,0.624227729348689
70799,0.9314623981577062
70800,1.6423916328203083
70801,0.9462256006597395
70802,0.20711216356802487
70803,0.16227344628487173
70804,1.7649194652797846
70805,0.4039848045190368
70806,0.119414140935586
70807,1.0735662364095095
70808,7.651794423169806
70809,1.4678473461572303
70810,8.064443545314388
70811,0.8751647367856826
70812,0.12758394388717847
70813,0.45740515589975295
70814,1.0334237305649
70815,1.4910198736398859
70816,1.2483077956044804
70817,0.4565927168274553
70818,0.26439717193462386
70819,0.9203396571201508
70820,0.36347433064454654
70821,1.7392805885063651
70822,1.8604874771916178
70823,0.4284404935589815
70824,0.12665569440034502
70825,1.0199488790009887
70826,0.42932542471998275
70827,0.9017493523417025
70828,0.4960417111511672
70829,1.4026560007779338
70830,0.8962208284845219
70831,0.7200878960097765
70832,0.5039906173445047
70833,2.6785206841643205
70834,1.122787696039804
70835,1.7830231815377298
70836,0.40136782344094935
70837,1.5120179803117493
70838,0.14240485819973647
70839,0.552551710928668
70840,0.15038905909280903
70841,0.32986931114055684
70842,1.518669045128166
70843,34.828438659806245
70844,0.8219373024269977
70845,0.4042167473437789
70846,1.3273839734151844
70847,4.63939639029119
70848,1.2058227417343061
70849,0.07752385329011402
70850,8.286009955293194
70851,0.20717945803774482
70852,0.6566082731116134
70853,1.0581694931444956
70854,1.215286537429273
70855,7.5869969836816615
70856,0.33175214309472273
70857,0.6669142194911496
70858,0.5436939397081983
70859,2.2588779217152584
70860,0.2926655368087352
70861,0.5062290262814813
70862,1.7345677447980818
70863,5.325773814464864
70864,67.27948925841997
70865,0.9450697341983818
70866,1.1242182213469698
70867,3.5087422467064306
70868,0.0952909691387539
70869,0.5629413091064397
70870,1.3623789245601823
70871,1.0984236379711008
70872,1.6541891296521936
70873,1.4030125528848545
70874,0.6386034547840329
70875,2.0682493929563783
70876,3.8693545154570055
70877,0.5609657285380103
70878,1.168593738864497
70879,0.30656329023321727
70880,0.6350137250518261
70881,0.5170850529353869
70882,0.3092404296572281
70883,1.781101613979803
70884,0.3804880119681671
70885,0.7406441859465778
70886,1.350698980511726
70887,0.06605825965877922
70888,1.3374553729856624
70889,1.9262570897403835
70890,1.1605740922599483
70891,0.5160256126860207
70892,1.1780548260553545
70893,1.3477507860997933
70894,0.363368759633619
70895,0.28576111414547917
70896,2.2808612779255437
70897,0.5172285257529984
70898,0.19700440398073865
70899,1.2674198120012077
70900,2.8985469919439986
70901,1.0863571760695618
70902,2.9055298687047566
70903,2.0136110299644505
70904,0.6003114022931989
70905,0.408770938487775
70906,0.496494871181355
70907,2.2830219158093548
70908,4.8164791463163
70909,4.878450187143381
70910,1.1119473132452122
70911,0.05357580733394253
70912,0.08079699571137056
70913,2.0738223561600755
70914,2.0802176582880776
70915,0.27761907183675905
70916,0.12870706045026264
70917,0.5416633158843891
70918,0.16681862187734306
70919,0.9910486338855068
70920,1.2918947133628655
70921,0.9336931147035467
70922,0.46837375854378066
70923,0.6349588728407074
70924,1.5760224651489065
70925,0.2611331974204315
70926,1.53516661772509
70927,2.3887592414142262
70928,1.0002322397425911
70929,1.0962423844786795
70930,0.21018078508278026
70931,0.1530934784000887
70932,1.1141948395058585
70933,0.8384896918871999
70934,0.4178913553499519
70935,3.4112496924978473
70936,0.359143489976746
70937,0.8053723080368145
70938,0.4360798219849894
70939,1.621748002595417
70940,0.17517128119935493
70941,0.42336799873416453
70942,2.513767463741575
70943,1.203613104908242
70944,0.6542903099720503
70945,4.706139507259402
70946,0.3800358485591937
70947,2.0397328462165696
70948,0.7872897353513022
70949,1.0784147709617362
70950,0.48102800811905
70951,1.51177768766796
70952,2.0449120779168743
70953,1.7576771391356072
70954,0.3097528501884835
70955,0.7614771965167038
70956,1.5831485806107297
70957,0.449460815068226
70958,0.5049206748009241
70959,0.1297980998967188
70960,0.4972425047682092
70961,2.157120881475972
70962,1.7258116181631808
70963,0.3852676755486035
70964,0.860375027398758
70965,0.523977073423348
70966,0.778933203166323
70967,0.5890981864904589
70968,0.9041137540943975
70969,0.7797399475411777
70970,3.294023026703415
70971,1.9797001580177744
70972,0.7506748493161937
70973,2.3428334269814295
70974,0.20012826159180677
70975,0.3041997026111662
70976,0.14839264423692725
70977,3.0932154909192597
70978,0.22835253547536943
70979,0.23190811253184304
70980,2.711164504120915
70981,8.77493234173001
70982,0.7595136789263421
70983,0.08257202268579737
70984,0.28820740210711415
70985,1.7625694770754263
70986,2.3276384163554447
70987,1.4107377017744835
70988,0.8345497823564092
70989,0.42448359243650524
70990,0.505297358127752
70991,0.4715941956596776
70992,0.18877433110951528
70993,0.4851173341331754
70994,0.5200063198548985
70995,0.14699737149933326
70996,0.8621944534594911
70997,1.8916732590950252
70998,1.23302539936607
70999,3.1112632140529453
71000,2.145256307685022
71001,0.7727345994727046
71002,1.797336137175847
71003,0.9717317498773299
71004,0.43790406902733797
71005,0.5427880191849076
71006,0.36518782251543225
71007,1.2674389407859097
71008,0.19562737871321448
71009,1.4093016087911092
71010,3.7589801191954253
71011,0.2556226079489705
71012,0.16078247884716212
71013,3.7467972506593687
71014,0.19987358209776793
71015,3.0976441819744496
71016,0.587233071554076
71017,3.1376667893185366
71018,0.8245602729269332
71019,1.7804640311153064
71020,1.1447446290957302
71021,1.275402054511086
71022,0.47512704221211044
71023,4.917067641336164
71024,2.032801589194205
71025,0.8620924450424459
71026,2.6856702873093745
71027,1.3170128053745969
71028,1.07788240033942
71029,1.6795065683419204
71030,3.8019567258056157
71031,0.9579551194424738
71032,0.5566234468348078
71033,0.44852705363921297
71034,1.1335187786383214
71035,2.433236066161809
71036,0.282240839784052
71037,0.5791686367714157
71038,0.609916834420168
71039,0.4455673418034329
71040,0.3530290993946705
71041,0.18746298548975895
71042,2.6657825718954355
71043,0.40084276169668354
71044,1.0779889484138034
71045,1.0820151138571785
71046,1.3072657994738972
71047,2.715393434297332
71048,0.48361072211054185
71049,0.05191207149340672
71050,0.31753873784142067
71051,0.1702330915249751
71052,1.2372404122171814
71053,0.42651220607631224
71054,2.9230885458486147
71055,0.9988903033187403
71056,0.08342664556465175
71057,14.30677198740501
71058,0.3577634746110162
71059,0.4522989113230506
71060,0.05437726786158718
71061,0.6110384703079227
71062,1.1709987534075896
71063,1.6972823026927215
71064,0.3711718841675082
71065,1.821930953442294
71066,1.798773097412015
71067,2.4066083766253934
71068,3.659726658505909
71069,1.125777663367047
71070,3.8918726995810795
71071,1.159745368757923
71072,0.47030456949671184
71073,8.05358411599863
71074,0.34448264238330606
71075,0.3860842242263587
71076,0.3829495834925569
71077,0.2983812021832241
71078,1.0162640558376492
71079,0.10906830055685668
71080,0.3523483565215021
71081,2.8915679273923387
71082,1.458932433263116
71083,0.6026741568852699
71084,2.2683291274292294
71085,2.9376795200881114
71086,3.188384641334877
71087,3.5845673509888707
71088,0.2954453699689303
71089,0.843985515232436
71090,0.2999156666945816
71091,6.217570270904896
71092,3.4767065642297017
71093,0.7495719150668843
71094,0.5689094133617008
71095,1.7444918041221067
71096,0.08595707983398228
71097,0.2512346561530946
71098,0.3134956131167278
71099,0.14220489968082742
71100,0.9301547940981818
71101,0.7067832809773478
71102,0.3687487673013123
71103,0.6818762214128362
71104,0.6005824454635585
71105,0.12486325459765467
71106,2.249687416621215
71107,1.8680296973142227
71108,0.486648732838403
71109,0.40853924832622457
71110,0.6883307584232191
71111,0.8323465445097072
71112,1.9217038753982028
71113,1.039045100774937
71114,1.14240337965151
71115,2.1321677523862017
71116,0.7537819136534948
71117,0.5668807906445436
71118,2.7568939767957734
71119,0.7691787312125409
71120,1.7479134706681212
71121,4.696853904254327
71122,1.5696056848009012
71123,0.2842758463030739
71124,0.5249582165172134
71125,0.02937350541255294
71126,1.4283147188129748
71127,1.3934335144770489
71128,1.016546670060958
71129,0.9286720094843229
71130,0.6401844611052717
71131,0.09885247485309041
71132,0.5591215241211608
71133,0.5131793376215136
71134,2.1228187635187563
71135,1.2440397069489322
71136,1.1864755951741655
71137,0.2872067918589538
71138,0.14285950436969233
71139,1.947073053418834
71140,1.2782059812277313
71141,0.08771985004714844
71142,0.3824452409478384
71143,1.0815953358254755
71144,0.38273020878642805
71145,0.6512944094873576
71146,0.0628915249900413
71147,0.2816069973437173
71148,0.2351145903073723
71149,1.2976147159163485
71150,1.9275993680164132
71151,0.26244600384290695
71152,0.3215054522512729
71153,0.9495099479273892
71154,1.6729124182954964
71155,0.717481896211732
71156,0.6140337043842755
71157,5.581069894247779
71158,5.454479837273772
71159,0.9191061275274445
71160,0.0639412671283879
71161,1.1073496381397807
71162,0.34940801974338326
71163,0.22916866409098685
71164,0.9408694135831979
71165,3.073684943895008
71166,2.3448309049550935
71167,0.3350720846508423
71168,0.4587512866866117
71169,1.4871399794485654
71170,0.5469238612201057
71171,0.7494298670667707
71172,0.20591037391086434
71173,6.6253707275802896
71174,0.461047438217596
71175,0.0644980610165663
71176,0.29870570264084795
71177,0.8026842928703466
71178,0.32586496393691156
71179,2.671187316155728
71180,0.13225294023470932
71181,0.6403825013630084
71182,1.5888374201644708
71183,1.240812800165679
71184,0.9149262231239319
71185,0.6239167571485715
71186,0.36767640385024386
71187,0.9285279519179873
71188,0.7461306280255365
71189,0.656362334621681
71190,0.8341085244659737
71191,1.598026068111226
71192,0.13055062015065888
71193,0.16184242594991266
71194,10.784525600557005
71195,0.7417908678873721
71196,1.4504363257104353
71197,1.3686112915310005
71198,0.1387621102558258
71199,0.062236495722182004
71200,0.18737812762166908
71201,3.0105061858621056
71202,0.13711895952453845
71203,0.21737424881857292
71204,0.9656842542103081
71205,0.15967417112608928
71206,1.435391684775135
71207,2.199144304282124
71208,0.3696580669946069
71209,2.5398776241828056
71210,0.47708087172962427
71211,2.0853064965373553
71212,0.6964645110514387
71213,0.6660956914061461
71214,2.972050022100056
71215,0.488388323206177
71216,0.4627990253385307
71217,1.9986460272335798
71218,1.5751765184920312
71219,0.8373034495617127
71220,1.4678616725688476
71221,0.7704274198815013
71222,1.9110406932134911
71223,0.1236338618371757
71224,0.10891475582324107
71225,0.4748929401804736
71226,7.471575483779234
71227,0.5104320166990155
71228,2.2143403367896424
71229,0.7009925017835148
71230,0.8122359288478351
71231,0.42871636868901664
71232,3.8482272242319886
71233,0.26413829485083573
71234,2.4979494593804596
71235,0.4682869893987245
71236,1.1063476096107911
71237,0.5019399451925722
71238,1.0639172641444357
71239,1.5584397151738794
71240,0.6047114833247539
71241,2.3224102592639193
71242,5.247756553390594
71243,0.2922648226286078
71244,1.4706897612007543
71245,0.5737897805702614
71246,0.3670214484230002
71247,0.649785158589596
71248,1.0386775730556952
71249,0.5839963046150813
71250,1.7692492934483848
71251,1.3886557824576358
71252,0.09735013338441141
71253,4.545356024960452
71254,0.2953788286870422
71255,3.145254175132492
71256,0.19985196830397883
71257,0.4842295038814296
71258,0.8812116379086162
71259,0.624905392473495
71260,0.525263772972052
71261,0.4506456919250667
71262,0.7995740013640131
71263,0.4257429124832969
71264,0.13745667244208418
71265,0.04513959763350449
71266,0.5320661159009451
71267,0.9757669677007924
71268,0.3597994174991401
71269,0.45179469320755067
71270,0.39496008992186904
71271,0.3042017616522042
71272,0.8780211141161768
71273,0.43351803810916145
71274,0.12081630723204478
71275,0.7111108003191557
71276,2.1785518106468187
71277,0.6521774344997223
71278,1.138845745596484
71279,0.9925237645257763
71280,0.253325706746218
71281,0.17618590771666745
71282,0.3626575834824934
71283,0.06483489610176013
71284,1.0135741643177272
71285,0.2722019958689299
71286,0.2696940298229749
71287,0.3531901344487191
71288,20.28988945315018
71289,0.09544979812408995
71290,2.843062083445514
71291,3.2342887778401046
71292,8.778899305083522
71293,1.554120140896265
71294,0.43180593928558664
71295,0.24328570549907352
71296,0.8400694853888
71297,2.619179510120839
71298,0.7230753206979303
71299,5.75716524753115
71300,0.6039226438553155
71301,0.8799598120941927
71302,0.42143181337046287
71303,0.42242524699658046
71304,1.3140062200103526
71305,0.6474629323915082
71306,0.8409453079722548
71307,0.3025276648661022
71308,0.2831405515367394
71309,0.06500154648652083
71310,0.8296435346099933
71311,0.9591347912461813
71312,1.7477141450709226
71313,0.5522778816360381
71314,0.06652549873589313
71315,1.7430809236239102
71316,0.0348756339870245
71317,0.24213251177753398
71318,1.3552908257647134
71319,0.4536967487139063
71320,0.18107173466766763
71321,0.0798343721491618
71322,0.6410097401306871
71323,1.7052070142014102
71324,1.5133497642219051
71325,0.3576431928941294
71326,0.461548144826468
71327,0.43495348617054497
71328,0.3136647632236184
71329,1.286314351123712
71330,1.168749562192633
71331,3.5937197621693855
71332,0.4773276586400561
71333,0.19096448866333546
71334,0.8057315572380883
71335,3.043837326974753
71336,0.793456199517951
71337,1.1197136941556147
71338,0.09387022190443489
71339,0.1718999721778925
71340,0.7072519042890018
71341,0.17978596071722242
71342,0.24582142799867218
71343,0.7241775706627119
71344,2.051353380987725
71345,0.24347300873346195
71346,0.13923407126704332
71347,3.2689946513062305
71348,1.181718422333955
71349,0.12032286917136277
71350,1.1268603369128303
71351,7.936723596221358
71352,0.31771617803584673
71353,1.9607050109402917
71354,0.29315032689752735
71355,0.12349786303245196
71356,0.2991350220159664
71357,0.5580329371189666
71358,0.3318597979308844
71359,0.2566843196320005
71360,0.06673371247530864
71361,0.10942637554412699
71362,1.1604223015476454
71363,0.17262654663309007
71364,0.22490582670460296
71365,1.5210630079316396
71366,0.12311021377873964
71367,0.1369727202069433
71368,0.11321345385009621
71369,0.3695563465006227
71370,1.6501614946480472
71371,1.3098280413982797
71372,0.2933057000081454
71373,0.8548778359740622
71374,0.9861818769785757
71375,0.5805498444180075
71376,0.14278361330000755
71377,0.5931275082706826
71378,0.5340331504876242
71379,0.10776862027539477
71380,3.700800220885705
71381,0.8215142585757707
71382,2.807490167744929
71383,0.08304699258030214
71384,0.05349129317690225
71385,1.1007076369855937
71386,0.5318543848000679
71387,1.4764152519057714
71388,4.480724645632001
71389,2.8907361733070314
71390,0.40288607001524196
71391,0.10782853217070813
71392,0.8161204315516132
71393,0.3209900250469122
71394,1.2915316631271165
71395,1.456119188466085
71396,0.22131820195052054
71397,0.6969891151608479
71398,1.8029086548197188
71399,0.4297879189852186
71400,0.13722123394448704
71401,0.43994374245265916
71402,2.111061127110659
71403,3.8389231036423537
71404,3.409178073165925
71405,0.968316341932563
71406,2.8379323773241802
71407,0.25266848701793737
71408,0.18891366751659794
71409,2.4067729255263592
71410,1.763139709733667
71411,1.5574076393431644
71412,1.7015649181297399
71413,1.1701183363906538
71414,0.9448724751900586
71415,0.7036123446226604
71416,0.28836913474379866
71417,0.30959007954976314
71418,1.1078215787512353
71419,0.8429949655967076
71420,0.47014358149804586
71421,0.45530081125528854
71422,0.3719381143360465
71423,0.3801693998497945
71424,0.6141379740577289
71425,0.9247152937795886
71426,0.26023084282677805
71427,6.620782397906641
71428,3.066103357318565
71429,1.3504458852264274
71430,2.091182002077138
71431,0.27340538219667204
71432,0.35814208991623553
71433,0.6166553738500603
71434,1.2390641092527164
71435,4.294765198786769
71436,1.6234172475653534
71437,0.2951153727433733
71438,0.13008068141850976
71439,0.3301180926970735
71440,0.26432392999470095
71441,0.9328073916656275
71442,0.6263618544725146
71443,0.449790153612509
71444,0.36077586885683377
71445,0.4855359228522668
71446,1.3439403690754643
71447,0.17975533505568772
71448,11.149909148485918
71449,0.5438527622838452
71450,8.357494656241515
71451,3.6533923677243854
71452,2.092018600223619
71453,0.4137448515946808
71454,0.7625643148032607
71455,1.5916003795593474
71456,0.3594873846295409
71457,0.17326891994032073
71458,1.7383599756108774
71459,0.3991260334857194
71460,1.9104581286921145
71461,0.7894825204899562
71462,0.25435950390390016
71463,0.7867698317358945
71464,0.46802414222156496
71465,1.5427719139406657
71466,0.22445752472483976
71467,0.3947441572964895
71468,1.57251006423003
71469,2.2152933213467527
71470,3.8606068627259673
71471,1.3494966318436274
71472,1.3957650785170803
71473,2.5396654825275755
71474,1.4420199922395547
71475,2.230080247591909
71476,0.8668416906022334
71477,0.3160956947597231
71478,0.8056174779641032
71479,1.1437819995928498
71480,0.5011480546434463
71481,0.1725358790948185
71482,1.5424821101797557
71483,0.15498484013884084
71484,0.29011543444974697
71485,2.7961748988076494
71486,1.5805142858367405
71487,1.5318861219315427
71488,0.8355181978184726
71489,2.9460287075378053
71490,1.1798511428279093
71491,3.382266414610257
71492,0.2350279038128203
71493,1.9038566617804513
71494,1.6639358624091427
71495,0.8629915169851297
71496,0.33048687291114226
71497,0.7937177785011134
71498,0.4736451183585345
71499,2.2674002293285622
71500,0.5713063399304089
71501,0.4720196153096398
71502,1.3117582378347967
71503,4.57790189660106
71504,4.458880971963465
71505,0.3202303685375781
71506,1.6624291764555161
71507,1.9807817334833802
71508,0.3561243059649726
71509,1.1203151712497166
71510,1.488078993379691
71511,2.0180360150714933
71512,0.6041740132016403
71513,0.07958824634624836
71514,0.3280993128632669
71515,0.36013498811433836
71516,1.3259060906202593
71517,1.68285752526195
71518,6.142246575055923
71519,0.5652012621319038
71520,0.2841231810597811
71521,0.8456097754241021
71522,0.7567265430837742
71523,1.0517128082935996
71524,1.3635721131091973
71525,0.3243937417166402
71526,3.1339061738143346
71527,1.788444668350625
71528,3.459633088723063
71529,0.14534076724273337
71530,0.199229603332466
71531,5.388913946389926
71532,0.2708847307974484
71533,0.8584068270627307
71534,1.285122838900815
71535,2.0077986148053646
71536,1.184980272055844
71537,0.6699324465438594
71538,1.4245736944548073
71539,0.8295971147920117
71540,0.3377900434897106
71541,0.21121669791852066
71542,2.7935064275681007
71543,1.4200488458344092
71544,0.18245582608972005
71545,0.3460464984911041
71546,1.4292854316254806
71547,0.21550231660832725
71548,0.20630397401791414
71549,0.10196103858499106
71550,7.441197418816459
71551,0.3599041484660372
71552,0.4936321942755431
71553,1.3347492839680446
71554,1.4934448129773907
71555,1.1988527053257343
71556,0.7715638238599986
71557,3.5344664539426818
71558,3.6184458127030217
71559,0.3237306168885914
71560,0.6485465867516557
71561,1.9400240517064482
71562,0.5349309382406126
71563,0.07067822961395888
71564,0.5277180156552563
71565,1.1132707644512034
71566,0.2576008136415274
71567,0.7141902892066289
71568,0.3539322492257863
71569,1.963621267922868
71570,0.8032742650642691
71571,2.864081797393295
71572,2.2348357312231264
71573,0.5133921003739758
71574,0.2475345951225827
71575,0.38377725071440544
71576,0.07817035579078892
71577,2.564448258406345
71578,2.786383429597733
71579,0.4924138612935789
71580,0.23199005726197539
71581,3.2214496003908293
71582,2.27077973727697
71583,0.165345128759561
71584,1.7082111105625422
71585,2.1841776306892293
71586,1.2876251407592683
71587,1.3786545108130284
71588,2.295177189964418
71589,3.5482129565090648
71590,0.11251028575534602
71591,1.9675763858989899
71592,0.21200636815773233
71593,1.2556725705334721
71594,0.5879197233068543
71595,0.20117240355313157
71596,0.5471718377830583
71597,0.9227544672766064
71598,1.195183777822534
71599,0.05921276177193704
71600,0.5716859934660014
71601,1.3447744231726935
71602,0.2419243185790782
71603,2.8104497298191524
71604,0.4607694075563693
71605,2.79617520895081
71606,1.2491866849185318
71607,1.4051565293508985
71608,1.1209169978917015
71609,0.24318458129435294
71610,1.6337069978710839
71611,0.21718607602985435
71612,0.5727914987587397
71613,1.73378478077961
71614,0.20870776610017322
71615,0.15562891508322588
71616,0.5112318819636448
71617,0.24412340421059384
71618,1.7011674986080474
71619,0.5806674660890493
71620,2.802682001992994
71621,0.3210530848144441
71622,0.7182916910191871
71623,0.18834691337713033
71624,1.288527442461513
71625,3.18638673207501
71626,2.676531196221149
71627,1.9835275839279523
71628,1.1576912769710028
71629,0.7977515217779587
71630,2.156668000456244
71631,0.8044435533810078
71632,0.2682169809081412
71633,0.07583439932199827
71634,0.35670475573716326
71635,0.935425652991895
71636,1.2747058181909563
71637,0.3792151805625149
71638,1.642137488324837
71639,0.1438515779919045
71640,1.4334028103049627
71641,0.9837976970283587
71642,2.345929136833173
71643,0.6802636589922676
71644,2.1272759239024768
71645,0.6471540052473408
71646,0.17798670972416175
71647,0.04430033204726724
71648,1.5596028268542201
71649,0.5883231337377531
71650,0.05696328552070725
71651,0.40606552987041317
71652,0.9453900385744088
71653,0.11594095453690985
71654,0.30439065054516584
71655,0.7694099254418302
71656,0.725621422992169
71657,0.4081516529964751
71658,0.7179509824913157
71659,3.8554896409794415
71660,0.5137521296310786
71661,0.31969046519316774
71662,0.35179174968074756
71663,0.13459003836566497
71664,0.18783277383528046
71665,0.05263145720492583
71666,0.1304527408678603
71667,0.0830533344915688
71668,5.767641030715659
71669,3.166874065696999
71670,0.1990347246533819
71671,0.273785955634476
71672,0.6012241044783725
71673,1.4669591506456967
71674,3.468639430660746
71675,0.7153894259864506
71676,0.4960039953413598
71677,1.0789103920956056
71678,0.2240732494443123
71679,1.1528886305164632
71680,0.07113655555541586
71681,3.7342215728349473
71682,0.21358592048987837
71683,0.56560953743379
71684,0.46900921029880127
71685,1.8115554089642547
71686,4.026568699854506
71687,0.11876632941964498
71688,0.34914179583078675
71689,0.27564959053898014
71690,0.3176919716424182
71691,0.15457068949996744
71692,0.7627550900320885
71693,14.999406454895096
71694,0.21241297170228024
71695,0.2847614453486641
71696,2.9289787215462844
71697,2.119306337409747
71698,1.654653004236699
71699,0.40372452974992445
71700,0.15967312687953594
71701,0.08768734775172762
71702,0.7103475848262087
71703,0.5938368411122954
71704,1.718389219040844
71705,1.8363577235244923
71706,12.43247654252697
71707,0.35396535866891804
71708,1.3425622674476834
71709,0.6122751784226659
71710,0.2049742118450309
71711,0.1191240398216852
71712,0.3546744650869472
71713,0.43770594070062696
71714,0.5476149226229903
71715,1.4266505212714506
71716,2.9410194587185248
71717,2.8490394890981037
71718,0.4056256393873461
71719,3.3659793199974737
71720,0.7615193513157903
71721,0.5312009639960845
71722,0.24322953182534024
71723,0.6948750584963085
71724,0.20181575873467036
71725,0.1394850748940725
71726,3.2401331295178424
71727,0.601000504756949
71728,1.2787129723378514
71729,1.1588271948318218
71730,0.5725639457675881
71731,1.0813570816369855
71732,6.902861061950549
71733,0.20713802625217914
71734,1.507324682789811
71735,0.6320630939749362
71736,0.42236470346161226
71737,1.1016988805723908
71738,0.6299357652374155
71739,0.6164751727586326
71740,0.28072350989894734
71741,0.2331888454805428
71742,1.5424587790448872
71743,1.1563412286662569
71744,0.1522322651041868
71745,0.3744606457931176
71746,0.36885634784654403
71747,1.3810327926396648
71748,0.9156022155384372
71749,0.5889243956828291
71750,0.9268253280597115
71751,0.3553494663105859
71752,0.24937403057991409
71753,0.9790822596603016
71754,0.4197555712709392
71755,1.2566984001673493
71756,0.3643970783300855
71757,2.923207390687205
71758,2.6998348409752624
71759,2.4548626448603743
71760,2.1964205344349144
71761,0.9132168759985201
71762,0.48499913516196247
71763,0.03448067211691447
71764,1.8365152448263384
71765,1.4740214488436207
71766,0.4946787913589586
71767,0.409855602574112
71768,0.21268775372172752
71769,1.4627198855771517
71770,0.3951583858356985
71771,0.4025464321828285
71772,0.7443605787248259
71773,1.5620031154242
71774,0.3249697121900114
71775,0.8552969653478655
71776,1.4288565690049435
71777,0.1529025382315021
71778,0.40393958475522623
71779,0.9095390890047297
71780,1.0714043317953659
71781,0.5816948888129512
71782,0.20982570701275385
71783,2.6805882818379025
71784,0.37343536686495765
71785,1.8824908244905139
71786,0.24194489541406253
71787,0.3544592024821348
71788,2.1449419728231502
71789,0.102347926887554
71790,1.4202595793568227
71791,0.3033348631402665
71792,0.6160171551742177
71793,0.10915051258107557
71794,2.2098026464942877
71795,2.864154354926929
71796,0.1645208299485152
71797,0.18036609731002168
71798,0.03400950662258048
71799,1.1954645143433897
71800,0.38401354933556614
71801,1.8349750707093169
71802,2.5925705304215114
71803,0.7749426164367059
71804,0.7560709314021999
71805,3.8502355169132794
71806,0.9814210280817646
71807,0.28150524883058187
71808,0.8788167493827619
71809,2.9245334823563427
71810,0.7686846892517764
71811,0.2623748353902345
71812,2.2539641183161816
71813,1.689392659304693
71814,0.9217473194928907
71815,2.2217735725005268
71816,0.035283560580095435
71817,0.21074509521994378
71818,5.103990191913191
71819,5.1150344038966225
71820,0.08654810452443604
71821,0.42739231327370153
71822,0.3456463206890445
71823,0.5448099365352272
71824,0.33175595921192474
71825,0.18612291540417183
71826,1.6259315613745933
71827,0.6320462854168758
71828,0.3607842009143565
71829,0.8251971804910541
71830,0.38514092448520654
71831,0.18816644748680778
71832,0.35034066926860796
71833,1.1044086653233582
71834,0.07219848471146133
71835,0.07829894249876243
71836,0.898108767772628
71837,0.43508264919960415
71838,0.6783300122884361
71839,0.4683441345312302
71840,0.9762547643659675
71841,0.4213501200977492
71842,0.34062779352805805
71843,2.6657072334362293
71844,0.10344313006836779
71845,0.679061639716916
71846,0.5580312654200946
71847,0.11056246034518656
71848,0.0980311993828878
71849,3.2587484173556525
71850,1.1037518318051436
71851,0.172131298210475
71852,2.043225030793871
71853,0.636483092582088
71854,0.40411262341169313
71855,0.9511865720802307
71856,3.235504370615045
71857,0.5389604497457248
71858,3.2261717766676545
71859,0.1294440049090694
71860,5.166694588013263
71861,0.7449933136212494
71862,0.2894945886520048
71863,0.09333568403151268
71864,0.6922614270307641
71865,0.1864371438081454
71866,1.2657252165185806
71867,0.5512205395916885
71868,0.2620711376381995
71869,2.388494312766743
71870,1.1208825265844624
71871,1.1830274904603697
71872,0.5958142046082379
71873,1.3551634722614563
71874,1.327237401166807
71875,1.2904464313201078
71876,0.710034723852551
71877,0.9455946776971124
71878,0.6570740062707475
71879,0.9812949899350254
71880,0.33928147877302794
71881,0.6995378782667948
71882,0.5704655673905907
71883,0.35305065295626264
71884,0.492736996216587
71885,0.133056907976496
71886,0.7261105215792238
71887,0.07385033847086585
71888,0.624795532552605
71889,0.15598142172721352
71890,4.443408058359143
71891,0.21436426485000828
71892,0.21148608774771646
71893,1.712725686482791
71894,2.0487783663812946
71895,1.0388259095825796
71896,0.560676053083473
71897,2.307910926337545
71898,0.5719026205074158
71899,2.640702758099188
71900,4.364908873510002
71901,0.07642745745152103
71902,0.9011819140380509
71903,2.011531518409326
71904,3.178570842675068
71905,21.730468148341153
71906,0.4145778464769698
71907,1.5042775464741154
71908,0.42987163086042063
71909,0.7434377367123858
71910,2.19045747235993
71911,1.177013809776972
71912,1.7262753572017064
71913,0.716464675371325
71914,2.2288035815563534
71915,0.2926229313148554
71916,2.393832647806158
71917,0.03435350822083084
71918,2.18617617142772
71919,1.3644428916647453
71920,0.1243383857016071
71921,2.3644780218363843
71922,0.6058000664479735
71923,0.6965978994594078
71924,2.1858177057975214
71925,2.344979189519052
71926,0.6358291060255589
71927,2.0584393537196144
71928,2.7246181718671916
71929,2.10446426757234
71930,0.45173781581759026
71931,1.2534195432990274
71932,0.331337625420858
71933,0.8204114089995577
71934,1.949500718077892
71935,2.2197224703017406
71936,1.0456979339246668
71937,0.15079103363317142
71938,0.30644961644936486
71939,1.3700909754854425
71940,0.37642683449659015
71941,2.043395255144649
71942,0.49778362922072833
71943,1.4273984872380046
71944,1.3471644383860553
71945,0.14030923634683623
71946,2.839039495513618
71947,0.3344805175753149
71948,3.151808748508347
71949,1.1412031640009843
71950,1.5665666978420028
71951,3.496422430981572
71952,0.17750943948806036
71953,0.39210696217081153
71954,0.09447386966703458
71955,0.9008878445698928
71956,3.662807120450858
71957,1.200028905343457
71958,0.8720882072394405
71959,0.19735290825489196
71960,1.4186305453502492
71961,0.5577944316437714
71962,0.04610969242644748
71963,1.0095395410424703
71964,3.4570901347320584
71965,0.6097306052642282
71966,0.8965950349576245
71967,0.22014592130733193
71968,0.23823313671601223
71969,0.520360872405
71970,1.9922507212827139
71971,0.11359034585093014
71972,1.1481455018172124
71973,0.7209086216318908
71974,1.1138152770175351
71975,0.3965330009566572
71976,4.400793585903255
71977,2.3559764527290743
71978,1.9091645854669417
71979,3.6467750821438116
71980,0.04239909942091028
71981,2.788681930398042
71982,2.2654574351702297
71983,0.4603322860188017
71984,1.7092631293088665
71985,0.4434235673773349
71986,0.6741677626421317
71987,1.634640614404494
71988,1.2772920432579764
71989,4.48444994683615
71990,1.3350273204974963
71991,0.8848804242053314
71992,2.843896520934626
71993,0.40467843632993933
71994,0.4828375205301684
71995,3.02737562135963
71996,1.5690402220639255
71997,6.101839872481989
71998,0.2508300498865354
71999,0.35285163716774187
72000,0.8521336626028642
72001,0.24654441185357678
72002,2.841205913080349
72003,0.1677624249471342
72004,2.214358579728975
72005,0.20727832648697153
72006,0.9892389802843591
72007,6.030918747969098
72008,0.6774739876493515
72009,0.7449280897334457
72010,0.24936945193266405
72011,0.6937753600819239
72012,0.29075434176270537
72013,0.7924625583617567
72014,1.206168642671419
72015,0.6351001077855646
72016,0.16712821665364277
72017,0.5950572196475261
72018,0.1875697188079953
72019,3.178530523786935
72020,0.6599957319272464
72021,0.9456934359585902
72022,1.2722954387419785
72023,1.4993943512949535
72024,0.4356394907051747
72025,1.36809316231024
72026,4.149722855919982
72027,0.7145407154445664
72028,0.6902711961111242
72029,0.8024076167716333
72030,0.03844063759164864
72031,0.3496119614065235
72032,1.7389316991380688
72033,1.6130583485729408
72034,7.382418687269234
72035,0.5605072893485932
72036,0.32955580539544244
72037,0.7204858124703066
72038,3.9521620275702256
72039,0.696999307514531
72040,6.497683343750086
72041,6.287563596024093
72042,0.1481500582156339
72043,0.4049819105188105
72044,3.0120625544773523
72045,0.34480127135575594
72046,1.0725363006127695
72047,0.08804016391189297
72048,0.060552407734743734
72049,0.5918725931162276
72050,0.663889795654999
72051,0.5234452492937104
72052,1.29240532876421
72053,0.5634843173449977
72054,0.1315751264126342
72055,0.8539144812151608
72056,0.9539062367788804
72057,0.10214980378050796
72058,2.2487780505784793
72059,0.29228043251149843
72060,0.9504228569782752
72061,0.762753334330852
72062,3.629012624053815
72063,3.8390396952935273
72064,1.200244694828466
72065,0.356694349688544
72066,1.082266002202059
72067,0.32362144057649034
72068,0.2960306762497805
72069,0.8215246607703761
72070,3.8313336250068715
72071,0.25435318883656305
72072,0.311156507525923
72073,0.40008495513982717
72074,0.9023429808657627
72075,1.7566967654293764
72076,0.21697152829116678
72077,1.2577031338547968
72078,0.44093303119308047
72079,1.3537495008528648
72080,1.1493674368084439
72081,1.6370020815051223
72082,0.7384101450810228
72083,0.9931638313336235
72084,2.351157826896693
72085,0.07018447174042261
72086,0.21023716493118813
72087,0.20901820235100116
72088,0.702281737271492
72089,0.3034285379944074
72090,1.021706220861352
72091,0.7784156546804919
72092,1.2184851675176984
72093,0.3447652992560554
72094,0.3234627489782323
72095,2.016588198785279
72096,2.1938156276024556
72097,1.30204219150485
72098,0.09615733271348771
72099,0.3008507739027539
72100,2.6265689839051305
72101,3.3538030584735403
72102,0.042360182916091664
72103,2.6705774701545653
72104,0.7881514996911202
72105,1.4301957614768508
72106,0.3552222045922963
72107,0.47007395100998606
72108,0.19342453226925005
72109,0.09057726775495825
72110,0.413035565873269
72111,2.6295685439955876
72112,1.1890624675509205
72113,0.2417509114808163
72114,4.235183218890633
72115,1.6258700415238112
72116,3.121400825962608
72117,0.2288780119344393
72118,0.7986063076956208
72119,1.689440620717242
72120,0.10062232909222667
72121,0.15021143315358626
72122,1.49038074950579
72123,0.9378158558238666
72124,4.47613482849174
72125,2.3416478302232373
72126,7.834092746781561
72127,1.3381823432770938
72128,6.9961737820453
72129,1.1558414138192794
72130,1.2843097432944268
72131,1.0525394498867795
72132,2.3474708404423863
72133,1.051593068420764
72134,3.551746554146742
72135,0.6549542149630408
72136,0.7182360383515491
72137,1.9255581292322173
72138,2.620267458075171
72139,0.9286354975167526
72140,0.5046918350398368
72141,1.7736612235998939
72142,0.5761714546191478
72143,0.675336080480244
72144,3.4159382042223188
72145,0.0731098742583956
72146,1.3450246592328243
72147,1.392275512709776
72148,0.4887477651491377
72149,0.08423389588936027
72150,0.7763898081480473
72151,1.0884281604940627
72152,0.28697891901419703
72153,3.174495285092447
72154,0.42747444436208454
72155,0.2992011147236414
72156,0.15673586003812323
72157,4.554664979724464
72158,0.16740065118867956
72159,0.4942835914189807
72160,0.35220181603222933
72161,0.09126193570472504
72162,0.8492225986420434
72163,1.0167225019307744
72164,0.11901559340865146
72165,0.17297938941452118
72166,1.1473093762696944
72167,6.015726116487444
72168,1.3605573570429421
72169,1.945976394994445
72170,0.3686831255278918
72171,24.037424607487747
72172,0.4983146196290393
72173,0.7529919737369344
72174,0.6523014422541139
72175,1.196462796361096
72176,1.6887540787682047
72177,0.4459027744775643
72178,20.040317806097885
72179,2.0284640300889896
72180,0.4349740239300667
72181,0.26498670439855176
72182,0.3305449951964636
72183,0.4868451553019346
72184,0.11890078249261214
72185,1.412681170553806
72186,0.6872125966846525
72187,0.1503793466796628
72188,0.5411568441119351
72189,0.5698838221988384
72190,0.5666883219240444
72191,3.735040801606399
72192,0.5675378713940306
72193,0.7333506010753781
72194,0.8074416620415786
72195,0.7368874128377592
72196,0.2578271785010512
72197,0.08196426210929622
72198,0.2970219193314425
72199,0.9746607749679662
72200,1.8375407250208715
72201,1.3951941944419408
72202,0.9624729039526495
72203,1.1300171479730647
72204,1.2349515539672682
72205,5.061149075951122
72206,3.6895104946149466
72207,1.619570513809607
72208,2.0963134234564524
72209,0.13987282320585193
72210,3.7905185400239243
72211,1.2284494765722482
72212,4.546944162817847
72213,0.5079209235256468
72214,3.563630811308241
72215,4.109719915667888
72216,0.39449984207370203
72217,12.242736777495496
72218,0.5773667561905186
72219,0.9725935700395058
72220,0.36930072539951264
72221,0.9158055359175319
72222,0.6286199953641315
72223,1.057773012697344
72224,2.0015846772621986
72225,0.08429628780215673
72226,1.3769846893636781
72227,0.3812601563365628
72228,0.48534790001218453
72229,0.5067296643577252
72230,3.1369316207012616
72231,0.2372860140376759
72232,1.3105995762080949
72233,0.7323002107313071
72234,5.172474687613997
72235,0.4692376818439259
72236,0.8804904284176567
72237,0.17922733819254133
72238,0.6856968692528641
72239,0.6416199265542909
72240,0.0823350993975707
72241,0.07798789498111751
72242,0.08449483235743137
72243,0.5806910568480018
72244,1.2571024179337846
72245,0.44572966263884095
72246,0.2955688618728265
72247,1.9047369633954914
72248,1.3988647844754076
72249,0.41991067719630304
72250,0.4870827037154302
72251,2.121901041644499
72252,0.07361559799489642
72253,0.4103957987962073
72254,0.11398933895678219
72255,0.5016186759137009
72256,0.6063354472922253
72257,0.3254326415366627
72258,0.09913728585695247
72259,0.09106722477855753
72260,1.0065442820745958
72261,0.6979720820242459
72262,2.097149715800827
72263,0.4507614871373941
72264,4.6633842708778666
72265,0.2796758996082294
72266,0.36038072527730725
72267,0.16278018702382846
72268,0.6286694676539807
72269,0.2030560151232786
72270,0.2342715173351215
72271,0.30650352705390216
72272,0.6328367073302995
72273,0.738135420385285
72274,0.5624067156913662
72275,2.0138159136317952
72276,0.6665054090836937
72277,1.5248784720104724
72278,0.14537281900009663
72279,0.1631392174975464
72280,3.9929339478886137
72281,0.9035650140212604
72282,0.06660847753527344
72283,3.153265210703744
72284,1.5801821636953743
72285,0.2332451318195468
72286,0.6887298897901143
72287,0.8255412359699672
72288,1.5405059428743961
72289,2.9911706652487315
72290,0.41152892231820193
72291,0.6821709785114138
72292,1.288274844036197
72293,0.14889233302210855
72294,0.49171972973647976
72295,4.715980387404241
72296,1.5558530633276464
72297,0.3219143009555376
72298,0.5364406638100851
72299,0.4689364909081789
72300,1.1529957823579795
72301,1.5376987107958877
72302,3.8875092105137936
72303,0.058986575156149336
72304,0.09461474708778551
72305,0.37034410434659176
72306,3.213181976305509
72307,0.49952237594165083
72308,0.9383733331389625
72309,0.7050436872259425
72310,0.3103348712103897
72311,0.31272635588270303
72312,0.2946332785539606
72313,2.339716270403528
72314,1.1601707091377076
72315,0.6131157036946862
72316,2.62360241507542
72317,0.5595996551917012
72318,0.7390737819443158
72319,3.6035020680287446
72320,0.8269039579621625
72321,0.8363530290916649
72322,0.4455977618564314
72323,0.1783132415045743
72324,1.686397760711923
72325,0.8494677975157763
72326,2.9228386787255527
72327,0.16315673272391124
72328,0.18198849280855878
72329,1.724815615068094
72330,16.777440016979565
72331,1.331124369450525
72332,1.956504579526788
72333,0.5790139154879604
72334,7.804664289427077
72335,0.131334478284604
72336,1.4780197837483418
72337,0.6944190258086888
72338,3.2061925682051773
72339,0.3820303458910529
72340,1.6457453135629945
72341,0.03353857428909109
72342,0.598738385803454
72343,0.3007620467584541
72344,0.6703489086875706
72345,0.4614691724409559
72346,1.1855237990697698
72347,0.4277308431905396
72348,2.3421286128568477
72349,0.8780968183986058
72350,1.5889257998736317
72351,0.47582026565658536
72352,3.0161988469962977
72353,1.8362402962169573
72354,4.836678392702932
72355,0.08119028403564643
72356,0.6792527912605022
72357,0.4306671548092685
72358,0.3644492733805124
72359,0.5939133916995109
72360,0.9662315225777263
72361,0.10933110158023869
72362,0.8119086107965788
72363,0.4277778607196238
72364,1.0563358310386695
72365,5.001410362073076
72366,1.0788626859502526
72367,0.14098906904297637
72368,4.084581461756747
72369,1.3276239048364473
72370,2.659461995010694
72371,0.1598809340114682
72372,0.7118576666995053
72373,3.0369558817356324
72374,0.1428331383867352
72375,1.7996322400054077
72376,1.1260679444796535
72377,0.46365410934828655
72378,0.39669739563210576
72379,0.29032285597118546
72380,0.9800551625972954
72381,0.05849645755472006
72382,0.21596011101690762
72383,0.4335195609604644
72384,0.8204831825517762
72385,3.682105026162441
72386,0.8992031681666237
72387,0.04027971693149189
72388,2.9581006539954915
72389,0.16391090007977843
72390,0.0429692809539076
72391,1.2006980404758434
72392,4.394549574674276
72393,0.4773536434650019
72394,0.1499520666970749
72395,1.4978855246660183
72396,0.49669846352497177
72397,0.481465143239743
72398,0.908908230130839
72399,1.709837773230236
72400,0.1878575235816344
72401,0.9155905923680807
72402,1.7770053974759215
72403,0.3306184262495066
72404,1.8876768405867483
72405,0.47105567002082854
72406,0.29780176495428734
72407,1.8332189447307587
72408,0.9013495533646438
72409,0.34758605076422394
72410,0.2466659439076809
72411,2.016727883785929
72412,7.292031078963119
72413,1.0217576279834906
72414,0.5759517514423749
72415,0.1467838761185694
72416,3.3310525417529826
72417,0.6731126040860711
72418,0.04287563024482077
72419,1.9529605953701432
72420,0.4056779624349204
72421,0.260832287641056
72422,0.07608713067904166
72423,0.17143928895029464
72424,4.50943105124593
72425,1.7245466044379074
72426,0.2040266319837141
72427,0.3430572662868154
72428,1.8440390623591985
72429,0.1294472008844273
72430,0.33722891538086136
72431,0.40671019283869825
72432,0.6727999549400078
72433,1.2739612789497907
72434,0.20206399858973492
72435,1.3127292846808138
72436,1.0334217519699724
72437,0.9397881706646095
72438,1.610475207307278
72439,3.2561954621388294
72440,0.6620024976201233
72441,1.6589606227895035
72442,2.934332770059811
72443,0.3830660140694412
72444,0.2993047912635229
72445,0.5774783098320346
72446,0.33654714914594747
72447,2.3975820547389155
72448,2.3155192933905684
72449,0.06079378732105012
72450,0.3918584303535093
72451,0.8958852149993225
72452,1.0076693984779987
72453,2.5845416952968923
72454,0.3421342283619316
72455,0.03808073284395328
72456,2.9552133919705605
72457,0.20175545936706177
72458,0.3037802301335875
72459,0.4082149034900428
72460,3.9303136233069838
72461,0.3368523490432248
72462,0.19553585217208996
72463,0.2837204970706398
72464,0.2231291304267772
72465,1.416462189009616
72466,0.9908891190892345
72467,4.854688949693677
72468,0.8652088333177932
72469,1.8067617768130206
72470,0.0868848370008234
72471,0.13916429490193352
72472,2.1013839277753528
72473,0.3701605914764625
72474,3.1159482224152457
72475,5.262896695724886
72476,1.8162372900915251
72477,0.15550808626610235
72478,1.115005912070303
72479,0.5982571383216184
72480,5.216521999509179
72481,6.59814775365873
72482,3.428051771554545
72483,0.9145437020755168
72484,0.6175630069976401
72485,0.7534902883820508
72486,1.4660915155255316
72487,0.2400688526968462
72488,2.0224347051739966
72489,1.0420323768787931
72490,0.5046003003170756
72491,0.5125423156247528
72492,0.68502343318437
72493,4.968986794570688
72494,0.489397099906949
72495,0.8301130032638708
72496,0.6504971545656704
72497,0.3993258849147041
72498,1.5707610017779643
72499,0.41615962546590507
72500,1.4663805737459252
72501,0.27487183382553654
72502,0.031510227966757696
72503,0.7572871562407247
72504,1.2109059666238706
72505,2.1474693915173617
72506,0.4309985622893629
72507,0.19897051125140996
72508,0.310337346368461
72509,1.2482782146964335
72510,0.1864187027807341
72511,0.05521727809129079
72512,0.5703866277492246
72513,6.664812987640216
72514,2.037828614313284
72515,1.1504863639515523
72516,4.395139248663065
72517,0.7921267720839585
72518,2.888320344124648
72519,1.573777247030178
72520,0.10836261897187989
72521,1.4400149874461174
72522,3.6100718275115846
72523,0.22233830536191584
72524,0.053717884233464616
72525,0.6466884200624253
72526,1.5329341275665025
72527,1.0020743137997021
72528,3.218702735903412
72529,0.7335615480664064
72530,0.7364903419133677
72531,0.9695607568816169
72532,1.5410705633687194
72533,4.430801036138638
72534,0.12190350091893365
72535,0.8184721685657962
72536,2.862069942796941
72537,0.6712047960405717
72538,1.128692541846902
72539,0.7699309930542624
72540,0.4450374081667727
72541,0.5541786955493387
72542,1.6065835897820409
72543,1.3553604402141821
72544,0.09570664367124339
72545,0.20158515555935064
72546,2.3661224727900017
72547,2.3384551176432926
72548,1.1352095268962206
72549,1.1506059948247642
72550,0.13994185505409384
72551,0.09518691571718547
72552,0.3498505427497367
72553,0.06232167013401605
72554,0.2002755073189286
72555,2.919248995569815
72556,0.4328952957494795
72557,1.2340752063353622
72558,0.70235280924541
72559,0.649166294982837
72560,2.424801576119353
72561,3.553132412637702
72562,0.958476421191299
72563,1.7138457193418364
72564,1.3278081549570793
72565,2.1712980518806466
72566,0.33099287643602887
72567,1.6657728149516788
72568,1.2424683288652594
72569,1.3112030161874453
72570,1.7367469520965164
72571,1.362600744161779
72572,1.7627002108216578
72573,0.7388815944625162
72574,0.3217416267272565
72575,1.4564427172241945
72576,3.736442789043677
72577,0.5958855029380492
72578,0.8929597525276103
72579,1.0859012004897861
72580,0.24205546840467607
72581,2.418783843317569
72582,2.232383048739324
72583,0.7391517898978504
72584,0.260895537722896
72585,0.24818679386032277
72586,0.5380668251356409
72587,0.3023356256725362
72588,0.3875892749533864
72589,1.2723543475347379
72590,0.07621278037430282
72591,0.12471095356813687
72592,0.049952092659651864
72593,12.598752690023508
72594,0.10280799259908004
72595,2.9147906277587237
72596,0.13251481104875842
72597,0.853437762231002
72598,4.684956446900264
72599,0.23219296767684583
72600,6.279929079896177
72601,0.6791417530206697
72602,0.3745501929924747
72603,0.47523689102355365
72604,0.6779258958330678
72605,0.9924641686326652
72606,1.2266760092774045
72607,0.41607705091609093
72608,0.09718373814053498
72609,1.0742615381536027
72610,0.1321289074044343
72611,0.3340216533152925
72612,0.5366565214610525
72613,0.5340889595653641
72614,4.74995360613774
72615,0.8646514924840846
72616,2.154466205142126
72617,3.085422557699735
72618,0.16851004342864714
72619,2.130383930933753
72620,0.21018085307179854
72621,1.4732949349172633
72622,0.5094998700595705
72623,4.717361257468972
72624,0.4820700417593321
72625,2.271971325341297
72626,2.0798114911621473
72627,1.4150847218930398
72628,0.8330497410971539
72629,0.4719993349445828
72630,0.9543885862407795
72631,0.31131541452926625
72632,0.7053435109106607
72633,0.5259908116804476
72634,1.0071405166856295
72635,0.3614472171700328
72636,0.5947381921950332
72637,0.36569102014029475
72638,2.296783881555112
72639,5.491810166913902
72640,0.4249142184227549
72641,0.21404525246339526
72642,0.19118478645160764
72643,2.1393079171300777
72644,4.631603471492238
72645,1.31621348034881
72646,0.2014128925111826
72647,1.127815426155882
72648,0.318256384504442
72649,1.623956567872197
72650,3.3006832623080182
72651,1.1527742406694157
72652,1.2220171010326875
72653,0.18795203126500937
72654,0.6780077525238635
72655,0.521882389519414
72656,0.24288219001667194
72657,0.6893422387537039
72658,0.4279052895042925
72659,1.9163632187704727
72660,1.4927485835242038
72661,1.2318217011174721
72662,0.033584262705959614
72663,1.1731656057045305
72664,1.9253814526123734
72665,0.4722914786469459
72666,0.3475374756534486
72667,1.4383504244154057
72668,5.158656138920972
72669,0.4055367810781994
72670,9.610024167951494
72671,1.6329343612519291
72672,1.0444288928347512
72673,0.28220871262433134
72674,1.0708837264957907
72675,1.9401238606287066
72676,5.112630714122373
72677,0.4926347743980824
72678,0.5913807087168
72679,0.998802024288186
72680,0.4572960693828023
72681,0.8197792085874519
72682,3.5984468291574556
72683,1.497287836978577
72684,0.20345070514784075
72685,0.5899511920259101
72686,9.180317488681982
72687,0.27828664696307875
72688,0.23422603351264284
72689,0.5388486413913738
72690,0.9998527809936587
72691,3.091670370594226
72692,0.39789441126691083
72693,0.3384113375635598
72694,0.5843380930890053
72695,1.5877135749084297
72696,0.6952319905781489
72697,0.5774906641494545
72698,0.985539734092226
72699,1.071924375096654
72700,0.25520486216379706
72701,0.17460165780649078
72702,1.3493343987614
72703,1.343965539216642
72704,0.11161426240383439
72705,0.43911482338973656
72706,0.4457233777461581
72707,0.5900528799540901
72708,0.8452277952347983
72709,0.260798510997026
72710,16.946567082077717
72711,0.7404160284938063
72712,0.7379606323526522
72713,0.1771075400810353
72714,1.0407979674770853
72715,1.491589981854416
72716,0.06555329814972241
72717,0.17548797317005307
72718,0.2825294404657115
72719,1.889466313875986
72720,1.5572268052413814
72721,2.0212617590254633
72722,1.9870683973564678
72723,8.762182001222998
72724,0.6036064045323494
72725,0.7795895522119047
72726,1.1528134264907417
72727,1.9695923703078628
72728,0.7537562749691087
72729,1.1943277293686885
72730,0.16322382814266356
72731,0.1355225781230266
72732,0.5113273249712339
72733,1.0968013649594512
72734,2.878321132971246
72735,1.5919284813901569
72736,0.3949676697399667
72737,0.23615191677085864
72738,0.17905963030953775
72739,0.5285246333022892
72740,1.6431432393486323
72741,11.745370140362436
72742,0.4489881412677673
72743,1.1196667007481018
72744,1.51873521045381
72745,0.6623903481968481
72746,0.8679559576313994
72747,1.5275179511100867
72748,0.19913763153537536
72749,1.2003770693139961
72750,1.869401432207948
72751,0.0726410444811274
72752,0.30248913439458247
72753,0.18408260490756434
72754,0.11557721201352654
72755,0.27675113169746735
72756,0.525744488319718
72757,3.4716141918028103
72758,0.671447940484654
72759,0.3991201312993143
72760,1.8198926852393755
72761,1.8837248768158417
72762,0.519736613320785
72763,5.159467097369391
72764,1.1557569445976534
72765,10.997147113215323
72766,2.159107508819533
72767,2.1894235060282496
72768,0.9363226007422073
72769,1.1550223998427105
72770,0.07055368626690858
72771,0.6156041074970928
72772,3.4469445890664785
72773,1.6337038149337395
72774,2.1448006304085614
72775,0.5186480788445363
72776,0.22475759272805496
72777,0.12080397497747508
72778,0.7943300213200608
72779,1.2046480807268567
72780,0.17848030793898112
72781,0.2901509457616641
72782,0.21741232719146852
72783,0.04603114726416679
72784,1.8465193878890194
72785,0.6076793212625956
72786,0.6674021959418455
72787,1.6327224541584144
72788,1.622055423003919
72789,1.3488647919803378
72790,0.17735673298545204
72791,0.8202229447357708
72792,0.37416343677393177
72793,0.12699178524433158
72794,1.219270847093894
72795,0.5531395947148063
72796,1.335369699347563
72797,0.5851382306310858
72798,7.56177572153942
72799,1.0487417987706191
72800,0.8679754103497407
72801,0.10184574161121301
72802,3.4139848822625556
72803,0.18925410473596135
72804,3.216777744266927
72805,1.822039145190443
72806,1.9049272342734769
72807,0.09110825130847941
72808,0.1027501930428707
72809,2.9983242116861955
72810,0.3362030600152225
72811,1.1882748994310581
72812,1.212940165470601
72813,0.12022597548069917
72814,3.5647923153950183
72815,0.20256038060100912
72816,1.4438640496930084
72817,0.244532394225213
72818,0.7957900349763016
72819,0.36106209688033425
72820,0.21491495210886555
72821,0.27494102683991944
72822,0.6986616034446379
72823,0.7461221728892093
72824,1.5602476178951095
72825,2.607100746668993
72826,1.0196567334378703
72827,0.179613250301881
72828,0.9217084031084789
72829,0.7987650303081766
72830,1.9795892085716613
72831,1.0147440479778915
72832,0.9944005034396302
72833,0.2719863094670468
72834,1.6955030102177904
72835,2.692158551785901
72836,0.3269230178204097
72837,4.931028779262988
72838,0.33362717176278467
72839,1.7583777344238907
72840,0.2614337650621519
72841,0.9873118347970409
72842,1.4417797977208318
72843,0.8942580157661696
72844,4.320073566135629
72845,3.744461138805161
72846,0.9814424879385745
72847,1.9579672400220005
72848,1.4767823692124544
72849,0.31829086611248153
72850,0.24995085603115041
72851,0.9835102353764997
72852,0.5095115412816424
72853,3.498489665277476
72854,0.7075476406150951
72855,2.645247467960533
72856,1.5791045693114325
72857,1.1445533495518945
72858,1.8309015905020425
72859,0.23711177960933943
72860,0.9200664315170044
72861,0.4005698755892262
72862,3.224223604845024
72863,2.1934144971841985
72864,2.5289583888502087
72865,4.656866258710682
72866,0.40450652930741743
72867,1.1047717455466135
72868,0.353857910282308
72869,0.09727092424239692
72870,0.5391011507407167
72871,0.16198735416176424
72872,0.25440748926954276
72873,1.1019024467515444
72874,1.9212414487475076
72875,0.12052032971157535
72876,2.271654788481128
72877,2.188748309602693
72878,0.8831067761158667
72879,0.4740157426368711
72880,0.07657619025751534
72881,0.3793151556577961
72882,0.3444411677506515
72883,1.1698453180726882
72884,0.21476759153593386
72885,0.987433101497465
72886,1.0803593392962516
72887,4.7025451339641045
72888,0.121131553854567
72889,1.1278791607767582
72890,0.1686974456020426
72891,2.548770111223153
72892,0.5825378688017377
72893,0.9280734700040647
72894,0.6553580793288454
72895,0.589900793635014
72896,0.3892823023092035
72897,0.8410678765235887
72898,1.1935332610301324
72899,0.902892674615316
72900,1.421436653702616
72901,0.23777956086245736
72902,1.026510514599002
72903,0.20872699269884298
72904,1.2243659827591458
72905,1.5770174774806196
72906,0.3011732679717114
72907,1.171894596061068
72908,4.099371744746128
72909,1.1354746191646052
72910,0.5983203093921547
72911,0.05768834007652225
72912,0.24202959833027404
72913,0.15771742253061577
72914,1.570527972640877
72915,0.2526396996383721
72916,0.5224985951344159
72917,3.193735777345601
72918,0.3921403849106082
72919,0.43230624233334836
72920,0.1929146397737895
72921,0.6599126459659546
72922,0.8222428736800829
72923,1.164295392341052
72924,1.4263880703340805
72925,1.3581519136618487
72926,0.14492449789059245
72927,0.6006233771747459
72928,0.41884902247014694
72929,0.3694890148462708
72930,4.351384035684675
72931,1.1556698817234492
72932,0.5438937969796478
72933,1.1352417246920166
72934,1.105010500252046
72935,0.1442501189834341
72936,1.262568122809682
72937,1.7052532710505703
72938,0.07285287687971834
72939,4.215192943383801
72940,0.8941314201604683
72941,0.4267680504523439
72942,1.227380996896962
72943,1.4446035223004468
72944,3.63595187885348
72945,0.2650266941212919
72946,0.20791948093513798
72947,0.3084055516677226
72948,0.34155160294288966
72949,3.5279476849532942
72950,1.5334069676287707
72951,0.2762813083482663
72952,0.7382454207269527
72953,1.1852141180510543
72954,3.434926940143412
72955,2.8695080760777008
72956,0.09298508340820401
72957,3.4091362243697407
72958,1.2232474909279778
72959,1.4816496520603408
72960,3.615262409306188
72961,0.5717775364457817
72962,3.165109553794597
72963,1.2958388002205523
72964,0.9032652419669347
72965,0.17901042340939544
72966,0.3260146476788905
72967,0.2700483356716543
72968,0.09284392076295706
72969,8.576260237655916
72970,3.552744987325162
72971,1.719520072284267
72972,0.050871274151189146
72973,0.7083456989498529
72974,0.21102299747165937
72975,1.0657315872839348
72976,0.8183086139353766
72977,6.336837846996872
72978,0.18334706329105396
72979,1.414784785990329
72980,1.0193240291552423
72981,0.3870888330727849
72982,0.4970527067171945
72983,0.058957477065739165
72984,1.138066031495756
72985,0.10095738401653179
72986,0.5489501848345445
72987,0.7912954626441175
72988,2.0786014067023286
72989,1.3806546014641075
72990,1.001979929989319
72991,0.5567934856359058
72992,0.7632492669281168
72993,0.6738023206285131
72994,1.6201752959442932
72995,1.0088088749179969
72996,0.4404877065298024
72997,0.7980464056019468
72998,0.5416336435609314
72999,0.4951738112926971
73000,1.832372841884896
73001,2.6795793811145643
73002,0.7715360946504841
73003,0.09873079645280802
73004,0.1478737389471476
73005,0.6485448403412636
73006,0.41606988695098834
73007,0.12557139750691082
73008,0.7608992832894814
73009,3.6533449231793362
73010,0.32362390920467754
73011,0.6762081526804482
73012,0.11654967859093551
73013,0.33364198466480166
73014,1.0702548637627523
73015,0.6763631127554603
73016,0.1992763433205402
73017,0.31723869492410994
73018,0.16734132926819303
73019,0.24245621728936084
73020,1.781702827086998
73021,0.6730659564789789
73022,0.13195827373448402
73023,2.991721741812227
73024,0.3193313056906866
73025,0.9478838305635069
73026,0.18059341659825476
73027,6.66745986829344
73028,0.9146793267616694
73029,0.13742150285243818
73030,1.2107622584037045
73031,2.1302982319146433
73032,1.4794312074726605
73033,2.312454142304895
73034,0.3796919344120769
73035,0.13858785974754678
73036,0.05752666132172567
73037,2.6727646698340077
73038,0.8318667204952528
73039,0.3615414391113455
73040,0.022887946160884222
73041,0.834595534446895
73042,0.45066430709785665
73043,0.2024465000542762
73044,0.6236221513975965
73045,2.1543440526980824
73046,1.0906035174111748
73047,0.20831024890826966
73048,0.11141492811359952
73049,1.3847244541275008
73050,0.5410520648222398
73051,2.002973701436684
73052,0.2936285859433529
73053,0.28309831703514904
73054,0.11853881205084804
73055,0.31204580952687144
73056,0.43673433436669074
73057,6.546859005122845
73058,1.2623521354036202
73059,1.239033182696683
73060,0.10636006791282866
73061,0.7273753298263455
73062,0.26051578380028917
73063,2.1464389040148277
73064,1.0909231733748281
73065,2.275176604807439
73066,0.6613608725800584
73067,1.6843965045608549
73068,0.4960858257335067
73069,0.07383399361390633
73070,0.05960197581901689
73071,0.4860970028160948
73072,0.8906273999773942
73073,0.08868119926934277
73074,0.4876283786273945
73075,0.19694444111345508
73076,0.9213499406587012
73077,0.2618474347099952
73078,1.7870742976724372
73079,0.28488860131811955
73080,1.9415736728062
73081,0.5902410393229416
73082,1.539846892228411
73083,0.11050401425445927
73084,1.181551720744172
73085,1.030943463653681
73086,3.4309584586456063
73087,10.221336910395845
73088,0.07915574658538423
73089,6.967627264959691
73090,0.46719551036348217
73091,1.4999650613200408
73092,1.0222513127010844
73093,0.0842500824910016
73094,1.4846372633201264
73095,6.6406861827636945
73096,0.09178429425978808
73097,1.2767398337996743
73098,20.05579744883933
73099,0.3924435516859474
73100,0.4596340351172965
73101,0.29711117306831114
73102,0.49523761360719076
73103,0.44451448846286196
73104,1.0953379782095203
73105,0.7706305715149834
73106,0.11833004449434768
73107,0.3689193157421337
73108,0.13047276054257312
73109,4.160314558893678
73110,0.08467140575006399
73111,0.3644786395245637
73112,0.6945624178663719
73113,0.7035159349815407
73114,1.5902541494968103
73115,1.238545714103063
73116,0.42144597368335734
73117,1.0521231035433405
73118,0.6741152387541531
73119,2.325379419420499
73120,4.241738870248478
73121,0.2897632928745377
73122,1.2333162915469225
73123,0.9002415430327149
73124,3.924761418130769
73125,1.4964807192121483
73126,1.5207425020741314
73127,0.3517312776354855
73128,0.40896328160004647
73129,0.16938439384938622
73130,0.06874057458886751
73131,2.0741726823541176
73132,0.7557244275887812
73133,1.92702618285844
73134,2.1989117916909073
73135,2.512382821753053
73136,2.3406846492669686
73137,0.43603178848537094
73138,0.3388787134166303
73139,1.2113166816181695
73140,2.8593442320914004
73141,0.2720238499810858
73142,0.11906608042409221
73143,2.0707943687754393
73144,0.21653598191502493
73145,1.6291397573446806
73146,1.0843783173730304
73147,0.6322039881315004
73148,0.7063545193580403
73149,1.5048187287706538
73150,0.06829571377780855
73151,1.8766801103983266
73152,0.27474831749778783
73153,0.34587305162116044
73154,2.1980417282720874
73155,1.1481574381004809
73156,0.21442940587527648
73157,0.06880662608181644
73158,0.4986463163080241
73159,0.2552473035360577
73160,0.1713733823746385
73161,3.5329561006423313
73162,0.12311651263464692
73163,0.1550890626674669
73164,0.12080667027818895
73165,0.9227546432723286
73166,0.1501014195947395
73167,2.4375457814711576
73168,0.6428635149752167
73169,0.21238105021222395
73170,0.23595158355252274
73171,0.3237968924452168
73172,0.152997706830674
73173,0.6435425746679542
73174,1.7946869700391228
73175,0.16247727914771676
73176,0.25334156163556554
73177,1.1284390762394119
73178,0.5716953349047034
73179,0.35404328861072687
73180,0.5239625046791148
73181,0.9725190171400641
73182,0.9825836857823732
73183,0.5249475698220657
73184,0.2664247280738822
73185,0.3891698073867164
73186,0.32459913191696865
73187,2.836662386051766
73188,0.5862297674467268
73189,0.22419877749205863
73190,2.496377738929664
73191,0.14448020604136624
73192,0.47114168491939
73193,1.048333811088776
73194,4.86191829063899
73195,0.28043690173654057
73196,0.2395362907999991
73197,0.5096945294321223
73198,2.446517142750283
73199,1.4497288719503312
73200,0.9860507634012557
73201,1.824723959936896
73202,9.647323260315979
73203,0.8134445801162864
73204,1.0303009122184585
73205,3.1517414238699066
73206,0.35532428117009257
73207,0.15574227466809135
73208,0.2343046609611848
73209,0.7098632834648579
73210,2.034025823821305
73211,3.1008675633308354
73212,1.175163142070551
73213,0.48913213161606284
73214,1.3000953928835395
73215,1.7117697535514314
73216,0.09497465987507386
73217,0.9034379599070115
73218,1.2722321573190032
73219,0.8532917201776964
73220,0.8772404782832895
73221,0.18610323581029672
73222,2.8671451254710703
73223,0.1942395794534153
73224,0.5689621123460954
73225,0.4997968827172099
73226,0.25946740008348296
73227,0.3199981039360165
73228,1.3035289107671373
73229,0.21879704274849857
73230,1.2121874586897772
73231,0.4864291501244568
73232,0.20883226212536776
73233,0.17438415029328502
73234,0.3398378563704193
73235,1.6888075146154589
73236,1.0039614048582903
73237,0.7177513733734198
73238,0.17287493709785132
73239,4.687384713703757
73240,0.7618337589586083
73241,0.2641547891782913
73242,1.2759737971550213
73243,0.5924014669818504
73244,2.29807769219439
73245,2.551367100646386
73246,24.614434364768872
73247,1.015262931758688
73248,0.4284433656628065
73249,2.8477262835448562
73250,0.1323830419352773
73251,0.049806206763133486
73252,1.8275921227807186
73253,0.35583224089718163
73254,1.3335154467766257
73255,1.4624393544710195
73256,1.583705651012797
73257,1.3323516638398172
73258,0.21832623215338853
73259,0.8106818085929148
73260,0.16903181115698754
73261,0.6426445930065119
73262,0.028582351173398204
73263,0.08071867830305646
73264,3.380371235808429
73265,0.39405639313459284
73266,0.05823225813356685
73267,0.33827740559730224
73268,0.969845539807855
73269,0.024430431998790813
73270,0.2269671268662201
73271,5.975838987607537
73272,2.696982385108722
73273,4.034484335939039
73274,1.138717953020984
73275,1.3786519686629637
73276,0.5377297463369196
73277,0.7575179185365233
73278,0.17972888275605842
73279,0.6235129818679871
73280,0.27126501005435283
73281,1.2964407017270576
73282,1.0423796682518454
73283,0.5607395393381186
73284,3.216857769849416
73285,0.27485663481630873
73286,4.800562332525715
73287,1.2184822304736511
73288,0.6841373880791026
73289,2.3297685959996355
73290,1.7254263925593138
73291,0.12190662208694222
73292,0.47224698637808565
73293,1.0489434195001583
73294,0.7655373711866574
73295,0.7921657908313415
73296,0.0938731174709603
73297,0.4472234743808267
73298,0.05751282488344526
73299,0.820282005811425
73300,0.38904944605154296
73301,0.8108109366275357
73302,0.10314037401648617
73303,1.8491397257811184
73304,1.313761187411203
73305,0.5689883712748331
73306,0.2144602156728772
73307,2.51252233690498
73308,0.07574616614096612
73309,0.26855533165532103
73310,0.9005746985477348
73311,3.504521612112981
73312,1.1858820881169934
73313,0.8563107723032674
73314,1.1738687936635164
73315,0.47251177676638567
73316,0.4847576736406367
73317,0.36679710871927645
73318,1.4003798021635319
73319,0.893594695176163
73320,0.47381893231254285
73321,1.5441344660000587
73322,0.38055433368687414
73323,0.9583878557553864
73324,0.21560810637662162
73325,1.2469619511871706
73326,3.506336330842024
73327,0.33081234506176416
73328,0.1775548826288033
73329,5.909890774428344
73330,0.11469685732177425
73331,0.348186114653222
73332,2.8687954277345318
73333,1.993166229496285
73334,0.12185141219301424
73335,1.1414763168234787
73336,1.0922731006326578
73337,0.428757574198451
73338,2.6231823698808023
73339,1.1208892484577924
73340,0.17262602526594947
73341,1.428825694148174
73342,0.5939113656084357
73343,0.2024203237087389
73344,1.7554623162211707
73345,4.936363431064816
73346,0.7953590345445126
73347,1.99166614167504
73348,0.39860466295133
73349,0.5473249178310756
73350,1.4878024404327155
73351,0.13548695796722524
73352,0.39259421717137943
73353,3.0306856628660155
73354,0.11293037332208893
73355,1.0307311222064346
73356,1.2196625198069049
73357,0.1743564423229747
73358,0.4448798824674681
73359,0.6163837343831113
73360,0.22983240564866
73361,1.511571772630986
73362,1.3295163950800075
73363,0.2648444095806141
73364,1.562942721444761
73365,0.7312589984131175
73366,1.3814391410270555
73367,0.09378251045268764
73368,0.31907335554911187
73369,1.3373797697889889
73370,0.8609179520801883
73371,2.035225099913002
73372,0.2153474935481446
73373,1.0167711540292903
73374,0.2353728074398736
73375,1.0798855587970315
73376,2.0818516828415854
73377,3.332263854758287
73378,1.3424963507578533
73379,0.8273487907161376
73380,0.9287357731458519
73381,5.860395124663777
73382,5.220255379957845
73383,1.4618642384859863
73384,0.4090608485896426
73385,0.2197360546188555
73386,1.294016921092443
73387,0.6673081192358989
73388,0.09081746281220084
73389,3.1606030412814414
73390,1.181244335397537
73391,0.5686515383662
73392,1.0627704028549165
73393,0.130890710717687
73394,0.7052803103596552
73395,3.0480869529660697
73396,0.08721508050302948
73397,0.7970430741447289
73398,0.30950382512944585
73399,2.6182754606130296
73400,5.128579220741555
73401,0.11069543564613511
73402,2.5801957543474616
73403,1.8765379842495205
73404,0.36149511120557715
73405,0.6465803219805211
73406,0.2020521834247788
73407,2.045493588697838
73408,0.07460434241735661
73409,0.5594996111128218
73410,0.9825622489506228
73411,2.5307692423219237
73412,0.1634415618678462
73413,2.11578465072172
73414,2.946787095173066
73415,0.5552552922494589
73416,0.8105045120226371
73417,0.5813455211058041
73418,0.16923679762346136
73419,0.44409669714657635
73420,2.039403752046252
73421,0.7666323106107005
73422,0.49750787378941136
73423,0.18788521643251743
73424,2.4483622549496635
73425,6.616484524159231
73426,2.2739565663713384
73427,0.8684383178888861
73428,0.7116160273237618
73429,0.2761438984535364
73430,0.26046951769450044
73431,1.058622166339859
73432,0.21788525255575394
73433,0.6231640665969962
73434,0.2733512538166111
73435,0.3973312116737975
73436,0.2462722506345072
73437,1.134370601586412
73438,0.7126826558609503
73439,0.2594623137034911
73440,0.3359157800894959
73441,0.2104725541912117
73442,0.7740167606253562
73443,0.9276769161829281
73444,0.12286258337359661
73445,0.8281217412207253
73446,2.640163696881377
73447,2.791820848754554
73448,0.15126804596978405
73449,0.43950062431236675
73450,0.8781970843271938
73451,0.6964359158636646
73452,0.05532008796207018
73453,0.5368104797319957
73454,0.9688807499108685
73455,0.5376608638173966
73456,0.4160096320791581
73457,2.549836311285458
73458,7.717820968546885
73459,0.28764854116797367
73460,1.0730693432153526
73461,0.5140806089131744
73462,0.4211845327678135
73463,0.6664407071032847
73464,0.8245695414610501
73465,0.8607497255806635
73466,0.07633058075750546
73467,1.2126918348776876
73468,0.20417458888126747
73469,0.9783892784153941
73470,0.22765706080199094
73471,3.032369958673095
73472,0.7731523164880223
73473,0.185494773076856
73474,0.3932400358260863
73475,0.3590663858238421
73476,3.063086838536655
73477,1.3487056779731723
73478,0.2523257060060661
73479,0.6924339892461785
73480,1.0342270514967695
73481,0.1303523541497854
73482,0.3068695092015698
73483,0.6750297874764142
73484,0.3683062411685598
73485,0.6528257955742738
73486,0.4612420122744189
73487,0.46966652195935593
73488,0.3783328901544095
73489,0.953296280115628
73490,1.7230390189783926
73491,0.5457472356215981
73492,0.33514878701283246
73493,2.07592468432871
73494,0.29328251880993045
73495,3.5464180723553254
73496,0.4095920769037467
73497,0.14936316008533443
73498,0.09419513010389385
73499,0.4428368455447238
73500,2.6645824289421842
73501,0.36330693837525596
73502,0.42598685240720124
73503,1.0795976430934042
73504,1.5088100546092813
73505,1.5321526247535533
73506,0.8853250205138331
73507,0.8045460860394893
73508,0.5696303447083317
73509,0.15259591058005614
73510,0.15799630468490583
73511,0.05004128525565522
73512,1.035029363537869
73513,0.11782466630293759
73514,5.545807646885805
73515,0.5757885359209776
73516,0.1733135656781271
73517,2.0151278825822927
73518,1.404758846575239
73519,0.14983367267718564
73520,0.5771748890235485
73521,0.7571077615078958
73522,2.29600788330089
73523,0.835989809615479
73524,0.7672646124246427
73525,0.36313016869661063
73526,1.3171490811648252
73527,0.09292335822558802
73528,0.29570449324709897
73529,3.621629959278257
73530,6.922485152067417
73531,3.93255076952991
73532,1.2131758113667541
73533,0.7045447679162454
73534,0.25444843504707526
73535,0.42590343192416336
73536,0.09827663166041818
73537,0.4901832845145588
73538,0.0613023012092253
73539,0.1517133993019596
73540,0.2036890940013006
73541,0.21371520485720813
73542,0.7937237856190335
73543,3.95336978118917
73544,0.3723236542333148
73545,0.7572990193819535
73546,0.19232243195884793
73547,0.04629189984258171
73548,0.3168602029442075
73549,0.7160225783901248
73550,0.11559370316335968
73551,1.5195262149360484
73552,0.07769006296072102
73553,1.6606941319299018
73554,2.4018305708201715
73555,1.3056910604526508
73556,0.36372256472478054
73557,0.07247416704737772
73558,0.2451789225510279
73559,1.6933701228019815
73560,1.776927186076619
73561,8.74445506010801
73562,0.1739082425397614
73563,3.799592850168132
73564,0.9900672734779893
73565,3.0262277113995886
73566,1.5658068295262597
73567,0.2710481572829957
73568,1.1088280099920729
73569,0.6300651169549468
73570,0.17704888969554472
73571,2.1459337532464042
73572,5.596576064893328
73573,2.1151176197112367
73574,4.646962391248077
73575,0.09387409656799797
73576,0.5297120452304337
73577,1.5978603643011593
73578,0.47887769725737206
73579,0.1898568858337486
73580,1.6368925198691893
73581,1.5784218611582912
73582,1.0325436238366736
73583,2.7292478615481928
73584,0.1075556656308018
73585,1.928181163019388
73586,1.0262658090437757
73587,0.7267395786542062
73588,0.6773523633063844
73589,4.14839176938326
73590,2.143140431943101
73591,0.4545166288832753
73592,0.4602563231874767
73593,0.12428870312861949
73594,1.181555699736909
73595,0.6439334164594129
73596,0.3029710092409417
73597,0.3942609593365825
73598,0.06877659670915903
73599,0.7415757671820333
73600,0.07442824481365982
73601,3.834166260124574
73602,0.251672875822701
73603,1.0200727829883658
73604,0.6299394237249382
73605,1.1227807878937686
73606,0.7462361303473798
73607,0.8088544029780045
73608,0.2915784086549701
73609,0.31419928193433383
73610,6.497582827015684
73611,2.326331553166442
73612,1.008900720672509
73613,1.22494974945699
73614,5.71132763471034
73615,0.848952648469984
73616,0.7674476412996468
73617,2.192631917322764
73618,0.9291029758244091
73619,0.6081609110273913
73620,1.9131578236142839
73621,0.5676249563029578
73622,0.6968009127696865
73623,0.17639781625423145
73624,0.06693165386067021
73625,0.190117398420527
73626,1.458320056572131
73627,1.2849467065465052
73628,1.1675039395294304
73629,0.3550680190068809
73630,3.428334437655492
73631,2.729301045772694
73632,1.9769371635307953
73633,0.3856213054670278
73634,1.195985607825315
73635,1.676902223326398
73636,0.6083416371051911
73637,0.14579104295922263
73638,0.08738831640143219
73639,1.475209801523952
73640,1.8502167764193356
73641,1.0223034282210461
73642,0.23563960348698734
73643,0.5761886617491877
73644,1.729780566506258
73645,0.4275635941413511
73646,1.5506648189430101
73647,0.23402630102105143
73648,0.9861602149286997
73649,1.1228359766784481
73650,0.020611812669016967
73651,0.7013989621744009
73652,0.20819141073396583
73653,0.9013848483552136
73654,1.7950869319966225
73655,0.6348080720929933
73656,0.3712067937094279
73657,3.8926174043567765
73658,0.043280504297795695
73659,0.5959834291064252
73660,1.085710416812256
73661,0.32644326101523063
73662,1.2830599529521538
73663,0.36764384804669986
73664,0.7506197025462644
73665,7.887674719421225
73666,2.469586616885417
73667,1.4779348261598941
73668,0.4121131210449911
73669,0.23590905810686758
73670,6.60353963920377
73671,0.17960447525295892
73672,0.18261891827581667
73673,0.23038134521306142
73674,1.645431920972615
73675,1.0332613266785984
73676,0.39524330836319516
73677,1.0055930615865611
73678,0.27802919127766557
73679,0.5102593551988075
73680,0.8273585309959747
73681,1.7702715834052687
73682,0.43407817132641086
73683,3.287084934152896
73684,1.4042166920027848
73685,2.6220477050420414
73686,0.2443543529439956
73687,0.24271871037022974
73688,2.6775602254059003
73689,0.7560013649755799
73690,0.756776543445479
73691,1.5490536630780616
73692,0.822332203031962
73693,0.1961046684233089
73694,4.704679149004378
73695,0.6137386746311813
73696,2.473019072735137
73697,0.5012501217722884
73698,0.3298727518290501
73699,0.18783873513242488
73700,1.846093887677869
73701,1.3517932626511315
73702,0.38054132234113586
73703,0.3064680264388004
73704,1.9081784229695176
73705,0.13383509830552723
73706,1.2633950010001964
73707,6.628791255874283
73708,0.10809490428416275
73709,0.5075672518500545
73710,0.3813656585913962
73711,3.978164699921393
73712,0.7523519601327687
73713,2.8163946497900616
73714,0.5699135242087958
73715,1.5265079445451155
73716,3.442059761922541
73717,0.16287775533041038
73718,0.5895245687600268
73719,1.26457943004834
73720,0.2043763303485155
73721,0.367511868840952
73722,0.311072330588622
73723,0.43092611663247554
73724,1.321608993802899
73725,1.7537353420162405
73726,0.686105614119531
73727,0.3022497563479787
73728,1.3520119540098032
73729,0.12143679596028609
73730,0.5861274236739684
73731,0.8300027672958314
73732,1.0972557080359433
73733,0.29138685951787463
73734,0.7154278296741895
73735,0.7768402069957537
73736,2.927696630602626
73737,0.9013342075398663
73738,0.1708810903859893
73739,0.3052744408518676
73740,0.772476450226069
73741,0.22202507875625416
73742,0.2452167400211982
73743,0.10706667505235659
73744,0.030272401041573693
73745,0.4183248500557702
73746,0.307807181315496
73747,1.1897852497536772
73748,0.9550084418580995
73749,0.5675266049885834
73750,5.0520893083808955
73751,2.520908729607053
73752,0.36686569553601217
73753,0.3192107170254105
73754,1.134128740493207
73755,0.281721213746175
73756,0.21565217875377407
73757,0.03795235880935283
73758,0.4580975043617643
73759,3.775023865348961
73760,0.576532471201122
73761,0.4845145803509238
73762,0.17888395347478964
73763,0.2656546380363477
73764,41582.254270305355
73765,0.7615441386967574
73766,0.6894354925334805
73767,2.1622189493577775
73768,1.227753656102079
73769,2.145317288046512
73770,0.3416545091307043
73771,0.23932466225117113
73772,0.69640299127214
73773,5.562358724496889
73774,0.14654125756590677
73775,0.1581927307063078
73776,0.46625030410542595
73777,1.0525546193758748
73778,1.5179204600425578
73779,0.690731754417526
73780,0.11042691740130259
73781,0.8167858612388968
73782,0.17152762908505165
73783,0.9888865239398541
73784,0.9827371682260834
73785,0.2775195550596652
73786,1.7566045630781149
73787,0.5352695475080889
73788,3.1160135393573483
73789,0.18845218007222314
73790,0.630532245299278
73791,0.22650331305792962
73792,0.21367454346102857
73793,0.21504232330438874
73794,10.603489358802014
73795,1.131716116000877
73796,0.8443016737963746
73797,1.6335656284831446
73798,0.3169782231001769
73799,2.4239914861630525
73800,0.2562207303353081
73801,0.15214724947221991
73802,0.14126555856993017
73803,0.07758970422041124
73804,0.5903981572402432
73805,29.623138057389948
73806,0.22545711604217214
73807,6.124677091317647
73808,0.9942113799814815
73809,0.23583320597979635
73810,1.0524435105417815
73811,2.152416603681271
73812,0.6896188694690912
73813,2.8723417192171405
73814,1.7972921993995843
73815,0.30148266986804695
73816,2.272706731100995
73817,1.6203770098253267
73818,0.4757014127621823
73819,0.1355375022124132
73820,0.7396456105617698
73821,6.751998718266498
73822,0.08919327084904438
73823,1.3701360350013956
73824,0.8036126649937926
73825,1.241600792013946
73826,0.9856616818723671
73827,1.29491354121828
73828,1.8863719871084559
73829,0.43215152064738516
73830,0.3957668958034542
73831,1.3542310978350784
73832,0.5421321575430375
73833,1.7581115877582771
73834,0.20499477842590003
73835,0.17119557124891918
73836,1.09357771009255
73837,4.844758215787758
73838,4.35471551057211
73839,0.6635038642674915
73840,2.450939725067689
73841,0.085623937408591
73842,1.6907193198587995
73843,0.3366546271390781
73844,1.5039301114288346
73845,0.4756427102504992
73846,0.29448939287030707
73847,1.908915221156088
73848,0.5540232567921816
73849,0.3046568728923662
73850,0.662729170757666
73851,0.4559686454931613
73852,0.05863380427099598
73853,0.6237137336986439
73854,1.3598266226342692
73855,0.46820528625677105
73856,1.096289464104551
73857,1.5089681178299186
73858,6.5907047911698005
73859,3.077045134100207
73860,0.48688769698894135
73861,2.6446066979306444
73862,2.6822122484894466
73863,0.16182846459056424
73864,0.2769886335435925
73865,0.22580061374479635
73866,0.2501902674455133
73867,0.23898720217544017
73868,0.08899921172156969
73869,0.18182449088771335
73870,1.123305633910803
73871,0.6530141384936139
73872,13.603106453506266
73873,18.77622761371043
73874,0.5039661499483572
73875,0.1893105715592155
73876,1.029682968857618
73877,1.307007128301431
73878,1.0981481092999685
73879,0.9862835910960288
73880,0.3599814201476585
73881,1.4975092717387481
73882,1.9818750725430845
73883,0.06650539488285506
73884,2.0262545644131453
73885,1.48304398226365
73886,1.236427670794527
73887,0.08789708151692192
73888,0.5022845190017403
73889,0.5515859879588048
73890,3.4817726692925213
73891,0.1633819248728293
73892,0.9097470513117378
73893,0.5008637527071212
73894,0.21108666717411345
73895,0.9660223932427063
73896,0.4921093748576204
73897,1.086193837027815
73898,0.0938308673858108
73899,1.864101814152037
73900,1.0180836473074384
73901,0.5530668673201522
73902,0.5504236584186416
73903,2.849172679496135
73904,0.17035029933985182
73905,3.820453357457946
73906,0.19857100497837582
73907,0.3150299556573919
73908,0.4143409893158492
73909,0.1611059706025092
73910,4.810664953242471
73911,0.40171923675077337
73912,0.8268829649117817
73913,0.00967524364177883
73914,0.7648449301163256
73915,0.3135889155658327
73916,0.6907543017725188
73917,0.9947913204631356
73918,0.5948348457906004
73919,0.08386428358757865
73920,5.203057856753053
73921,0.2771176043977109
73922,0.4016792593438437
73923,0.16311161825141363
73924,2.9738511783896318
73925,1.1946867911941517
73926,1.4738758419341305
73927,0.8043410403774232
73928,3.0245260182416525
73929,1.1612781749996812
73930,0.06773303202950695
73931,14.769246858580566
73932,0.2128114491382115
73933,0.38623941061768824
73934,0.22726416389605492
73935,2.5308169326522263
73936,0.7537578814192031
73937,2.1463984929139133
73938,1.1090738388767976
73939,1.5367938967113588
73940,1.6308781355376993
73941,11.397370934101708
73942,0.13229847275121698
73943,0.42478229888644903
73944,2.0603249781760247
73945,0.26530731038732497
73946,0.7090914606249351
73947,0.25225432278316967
73948,0.994771929655304
73949,1.0350727377577482
73950,2.510112448619762
73951,0.7315802748587181
73952,0.911616163088236
73953,0.43074990688040027
73954,0.5016900416105271
73955,1.406884273491975
73956,0.6259283663623713
73957,0.11707949211278366
73958,0.6430077380309743
73959,1.3814691037423104
73960,1.2325547607222984
73961,6.39748566891587
73962,1.382428949140919
73963,8.500750876093699
73964,1.28140654721596
73965,0.6207271378068289
73966,4.441210081209689
73967,0.5464254701209177
73968,1.829503252961478
73969,0.10241792892056668
73970,2.0107295974607586
73971,0.2350455413151613
73972,0.7804497284043759
73973,1.9018781589720533
73974,1.222719802072504
73975,3.1657830747562543
73976,2.6154267554940946
73977,4.524077981096876
73978,0.24521531408150116
73979,0.8771775530914645
73980,0.5262747717693399
73981,0.7930880061726628
73982,2.4089671443963643
73983,0.8993162126452625
73984,0.3879755494399717
73985,0.7759977155741447
73986,1.1544025097272939
73987,1.6383078978221732
73988,0.5591184240198881
73989,0.5717665765569677
73990,0.11471265420670484
73991,1.198018317449843
73992,1.0672653793002407
73993,0.9955312490075515
73994,2.6485331821265348
73995,2.4234590577799118
73996,6.129580348239818
73997,0.34946982097864704
73998,0.8297855221780716
73999,0.4523437885577616
74000,0.7251128868857653
74001,1.0817937683728873
74002,4.604051987021806
74003,6.696078208421739
74004,2.5299845741062583
74005,1.4201635347371164
74006,1.1007974932710156
74007,2.7399509109329387
74008,0.13463332928705046
74009,0.7887890718656134
74010,1.1454670563797746
74011,0.10627904746711975
74012,0.5941147569487174
74013,4.232972218787545
74014,0.06680187272437609
74015,0.908977364303037
74016,1.6225979416796332
74017,0.37276758338643756
74018,0.3594035529082207
74019,0.10187709526463322
74020,0.1280390050445148
74021,2.129844606534943
74022,0.8394814795979368
74023,0.043527435623452786
74024,4.073311947130337
74025,0.9677295780326357
74026,1.121565253298433
74027,1.9390833590122005
74028,1.6774284390093823
74029,7.397645035521926
74030,3.8577875934463015
74031,34.095978015035826
74032,7.503444501130911
74033,1.525799819591018
74034,0.8652998627914912
74035,1.587100900495243
74036,1.3551310594772537
74037,4.6517110031295115
74038,1.2261375806969057
74039,2.4988348703915824
74040,1.5251160614756154
74041,1.7789258745807752
74042,1.1951739362854015
74043,0.2447301170779774
74044,1.6425522140548527
74045,2.1367248250023296
74046,0.903153415586335
74047,0.20906839572580227
74048,0.3533930365507667
74049,0.6982971363198304
74050,0.17934453866987085
74051,2.1207027847952964
74052,0.832101724105021
74053,2.326452028415536
74054,2.067830989907435
74055,0.32562672577373075
74056,1.588777454665931
74057,1.8284849565621268
74058,0.15276517675475657
74059,0.8406524993779306
74060,0.26841535032306924
74061,3.0214964273268725
74062,0.09186748865121089
74063,0.19241314126661602
74064,3.727202809296692
74065,0.12834665083797311
74066,0.17191249760280047
74067,4.600186461468
74068,1.7751669626903392
74069,0.19458257982704855
74070,1.3631458260014278
74071,0.33607026196397516
74072,0.35287154460684317
74073,0.727263484706548
74074,1.9433408069251086
74075,0.7072735597968008
74076,0.307520439520786
74077,0.08505740875399312
74078,0.413186133281102
74079,0.4071320976668388
74080,3.4278834473206814
74081,0.7367249633372959
74082,0.1801565345757623
74083,0.6657001273778489
74084,0.44402381245738876
74085,0.313636260781795
74086,1.3052161531899886
74087,1.5120861222090123
74088,3.2121266685516656
74089,0.44118198735304714
74090,1.0383457860426137
74091,1.1781510635169743
74092,0.9294131179161005
74093,0.9451318995943819
74094,3.047814993225291
74095,0.06807680883243958
74096,1.3601889974194987
74097,22.69292457755204
74098,0.37848516428467327
74099,0.14522499152535015
74100,1.1668935746992017
74101,0.2935248653557857
74102,2.262132528136942
74103,0.5869263253718089
74104,3.5992249580148443
74105,0.2707324787745909
74106,0.9748804336341264
74107,0.18658424290968983
74108,1.5305091803615434
74109,0.262208625852043
74110,0.22447987200241373
74111,0.21360975183609376
74112,0.18256431053623903
74113,0.7374753610288942
74114,0.27297141530385505
74115,0.142108617514607
74116,0.21527442301026695
74117,1.4470442191711828
74118,0.07800759710469171
74119,2.117630767996671
74120,1.4243371918442143
74121,0.42920812647792783
74122,0.2658265878213796
74123,0.10828916706118277
74124,3.455153947871176
74125,0.9320365364581586
74126,0.043142184664169934
74127,4.342840483152363
74128,16.313377237228053
74129,1.3833669607333834
74130,0.7903533174977668
74131,1.175997238003922
74132,0.567191297180916
74133,0.6206650146437254
74134,5.8778621301278715
74135,1.6054047512531435
74136,1.7833634325919183
74137,0.7557234705349807
74138,0.9039550669278087
74139,3.5339351189568626
74140,0.691798074514204
74141,0.5435321443795514
74142,0.38917504322613194
74143,1.2917600896704693
74144,0.49973775746421545
74145,3.2957707199182043
74146,1.7284248821254864
74147,1.0970353712437493
74148,0.15221877909819168
74149,0.5377337638777689
74150,0.27937964825656403
74151,0.05577766705983321
74152,0.837023775694861
74153,0.2202314735447254
74154,1.0459222269050965
74155,0.6115635804909715
74156,0.8873735522432882
74157,0.3426256091221775
74158,0.9946884657039914
74159,1.3931619822274455
74160,0.8702895715136377
74161,0.8922889018214863
74162,1.6898415183043523
74163,0.4580320691016517
74164,1.340792198985258
74165,2.2084857140290213
74166,3.672502019961267
74167,6.452704229630058
74168,4.018710595695764
74169,0.5566378108534916
74170,1.2151506999045008
74171,3.017240531748831
74172,1.0631499352101872
74173,0.20683630154330987
74174,3.1756011290147486
74175,1.6472409675825097
74176,0.29031503392057867
74177,1.104092297229056
74178,1.3107633223387938
74179,0.4883654346122474
74180,0.3031637616654997
74181,0.37006715003135143
74182,0.23966432151473885
74183,1.1821512005991495
74184,2.213050348436829
74185,0.8659040056681739
74186,1.3483023052434657
74187,3.054451003984501
74188,0.3868106980312062
74189,0.7075866298611792
74190,1.052405994117956
74191,1.0473507429304478
74192,2.6398508619917176
74193,4.129922773922028
74194,0.6118172870168411
74195,0.2641341262403264
74196,1.2228390583759232
74197,0.14304484078655413
74198,1.2188327938440344
74199,0.688630095412245
74200,0.8625544873363215
74201,1.9054807337814041
74202,2.143435981952244
74203,4.957347441056351
74204,1.5930972581482887
74205,1.8284697017635496
74206,3.105608827812968
74207,1.1855614272241368
74208,1.136301600893119
74209,4.299038989027424
74210,1.05163810653234
74211,0.40304456836282965
74212,1.386932582295345
74213,2.865681280821445
74214,1.0287372406032054
74215,0.8544199195753502
74216,1.0374593279128956
74217,0.8428833775715027
74218,1.5712163644135293
74219,3.859429642221679
74220,1.573841294364344
74221,0.5168002847710675
74222,0.20112653617275034
74223,0.16450008195560992
74224,0.11906694412758544
74225,4.273616845112265
74226,0.22071944496482634
74227,3.677870808742076
74228,0.35789951147820065
74229,0.29499884488224104
74230,0.4436116902469593
74231,0.38959744107150246
74232,0.6383715838289925
74233,0.37252202504482285
74234,0.21639817139508566
74235,2.051244214588941
74236,0.6639300717271962
74237,7.3053711090902125
74238,0.29731197799426384
74239,0.8815964357006717
74240,0.11924436816611327
74241,0.40715126226912474
74242,1.0181795757168794
74243,1.5436883503976422
74244,0.8504915961441246
74245,1.1509367751983852
74246,0.3584354883075386
74247,1.015325878906485
74248,0.349166333314018
74249,0.16258138365142105
74250,0.22152394254691624
74251,0.9159554593960797
74252,0.13227048372718073
74253,1.3299756417219983
74254,0.10352379701815995
74255,0.17316936348393572
74256,1.0170562665230714
74257,0.7099137347349134
74258,0.11116975689366869
74259,2.4642902975336645
74260,0.3242223560498116
74261,0.17844290524689385
74262,0.17143342073947354
74263,0.31604023531660996
74264,9.620620292961473
74265,0.263239858571308
74266,0.7100457374264325
74267,0.32008428781882736
74268,2.075366387899085
74269,0.061386569768467444
74270,0.31079956528439706
74271,4.36647272292202
74272,0.8623151309971859
74273,0.3825327535339988
74274,0.2578684594825702
74275,0.8066730705964662
74276,6.635633382956494
74277,0.3749744142147213
74278,0.40404759884703095
74279,0.6672525388993338
74280,1.071740522201786
74281,2.9001868300234444
74282,0.36251926505205867
74283,1.3786090578873194
74284,11.770166268626003
74285,0.29688933497476366
74286,1.0909242193418465
74287,0.8870048600030769
74288,2.0129002635013724
74289,0.9320182536724453
74290,0.41876084291936966
74291,4.638800575795128
74292,0.634855643433847
74293,0.8865831292366783
74294,0.5267320165878823
74295,0.48065901324884625
74296,3.676658510999159
74297,7.097991859464727
74298,0.10268810181162712
74299,1.2019252299845191
74300,0.08415594103181678
74301,0.2644622719177463
74302,1.3322304624787362
74303,0.19425709287144247
74304,0.43155857851197355
74305,0.12184871999551437
74306,1.2884164224909938
74307,0.8777314205750893
74308,8.814697775003188
74309,0.24336066597716835
74310,0.4615082364164605
74311,0.3153000526331757
74312,0.060607897757212856
74313,0.39176558537163536
74314,1.0469502890147204
74315,0.17159693201516307
74316,0.4934041821257394
74317,1.1282559120281297
74318,1.0125109049185834
74319,1.3675388346833393
74320,1.0862041185107625
74321,0.5836771058631874
74322,0.8640753990700499
74323,0.20870132186910578
74324,0.11935573673017202
74325,0.12376688204027264
74326,0.9605529201302587
74327,0.4726139585460986
74328,1.4199387273310533
74329,16.244503976603713
74330,0.6885378138450682
74331,0.6175244891631579
74332,1.5028645484048275
74333,0.09150324215831467
74334,0.03596284120423195
74335,0.04320521553901647
74336,1.5408057449302373
74337,0.3151959202275222
74338,0.4858160521329203
74339,0.8833971592848355
74340,0.8359659429612669
74341,0.43141930615335505
74342,1.323540760153634
74343,0.505697749814929
74344,0.7796234870921293
74345,3.2941932482314167
74346,0.4770518508015027
74347,1.0218535854953887
74348,0.7354110478484718
74349,1.8845892142372682
74350,2.433153201540129
74351,0.5971292016009185
74352,3.4717527548199008
74353,0.48465207728787496
74354,1.0213085331050389
74355,0.22162152613477096
74356,1.1628951637009708
74357,0.02609749614727219
74358,0.5161242071274157
74359,1.3515714941286538
74360,1.617890927191419
74361,0.06358165993886034
74362,0.3977734971573085
74363,0.5214103425752746
74364,0.22786494769142648
74365,4.190334826427082
74366,0.152549968865814
74367,0.6566210312804382
74368,0.7108520964060373
74369,55.97864158493261
74370,0.11222272598405027
74371,2.1365719965384176
74372,1.3456039649790672
74373,1.6867609673972797
74374,0.25907920445605204
74375,1.2292262938316427
74376,0.3452654892259871
74377,0.5240449662918268
74378,6.994523230405206
74379,0.9778908573229254
74380,0.9590980352561654
74381,3.2294643687328803
74382,1.0318941289692145
74383,1.3710219234627365
74384,1.1715646353972438
74385,0.9005239203164261
74386,0.5287361003888547
74387,0.5514413827465265
74388,1.6507680556417612
74389,0.07846065206749565
74390,0.35224813908248165
74391,1.0679218897818772
74392,0.21509219620912207
74393,1.3596405858344212
74394,1.3193595734328227
74395,0.6562080170895828
74396,0.9458301129118907
74397,0.7139798540684458
74398,0.6671584643260023
74399,1.5143137588835889
74400,0.34595650236340664
74401,0.6491189555079294
74402,0.3761859367281868
74403,0.3019366079256364
74404,1.8183548110148458
74405,1.3496285482062425
74406,1.011345454289074
74407,1.9518235663879449
74408,0.13893508660190568
74409,0.27986917412014545
74410,0.15645372953641107
74411,3.349873926081117
74412,0.19196430922380814
74413,0.8684638265818492
74414,0.3106278115155246
74415,0.68853699469191
74416,3.3703682354356745
74417,0.07684904336513725
74418,0.24196041743490665
74419,1.5768556355974126
74420,6.806882848193791
74421,0.45083674638378674
74422,0.18653056360172848
74423,0.6948242704548604
74424,1.3163232828802867
74425,0.24876701028205345
74426,1.0738419002905422
74427,0.8745192160147758
74428,9.214314563665264
74429,0.6875953802485837
74430,0.31148087335085123
74431,0.31095089169458806
74432,0.6195667613849478
74433,1.674729868840976
74434,0.14962286186806859
74435,0.21036798762845774
74436,2.5306677272995968
74437,0.2646288926789726
74438,2.2289893687140525
74439,0.8162727085889402
74440,3.1098892302355114
74441,0.14278999875556744
74442,0.18219630117776686
74443,2.3023104578655342
74444,0.9480617247016581
74445,0.9627788673001221
74446,0.3996936490826577
74447,1.2532227454104423
74448,11.223113775778756
74449,0.2744091840545145
74450,0.1586453044426966
74451,0.3838778190937893
74452,2.8863095669296857
74453,0.3736714693409414
74454,1.2878555366193976
74455,0.5972490198535158
74456,0.24200829737762022
74457,1.1621491533062815
74458,0.07891467336952619
74459,2.367710895678784
74460,0.9506134891153831
74461,2.871810532139778
74462,1.9572381813120534
74463,0.3359757464300613
74464,0.2146246985659782
74465,0.11283517643518781
74466,0.1771661022329179
74467,1.134485085766814
74468,0.4015231343754179
74469,1.3281740768749297
74470,5.510818555938525
74471,0.4301353837790927
74472,0.7669136897980565
74473,1.3294118867681834
74474,0.2644053230162159
74475,1.2236417659993362
74476,0.27318383591555334
74477,2.2294908397803965
74478,4.717573491287834
74479,1.524293787380266
74480,0.10900686445468444
74481,1.0258256798050616
74482,2.668739810054927
74483,5.573313088416356
74484,0.8188901455311084
74485,2.6081035127256325
74486,1.196184197811287
74487,0.10265698628378345
74488,0.2229381095909853
74489,0.9168064900463162
74490,12.081922401152317
74491,0.757089200871982
74492,0.9034277130797259
74493,2.2979903004916715
74494,1.2015944521992146
74495,5.876564793578729
74496,1.7410017638428006
74497,0.24271604243472641
74498,1.0068149043732557
74499,0.36957499865400717
74500,2.64956117060317
74501,0.28403310493390616
74502,0.23599260997797022
74503,0.48050136873295435
74504,2.5405495898414854
74505,0.46680600280162865
74506,1.0907906155212204
74507,4.306811026578427
74508,0.554561860331761
74509,2.508083185711495
74510,0.9482490280718298
74511,0.8167738464845552
74512,2.1304309845333607
74513,1.8984452142288581
74514,1.7335432722701525
74515,1.002458229323747
74516,1.150028823745709
74517,0.2479285931826513
74518,0.37167251588690453
74519,0.5069715306546302
74520,2.3135370029218447
74521,3.7104639260821166
74522,0.7457902437678204
74523,0.5110131698598819
74524,0.3119100532440264
74525,0.34171560802370976
74526,0.2106519450396979
74527,0.3678480870811126
74528,1.6938582357981011
74529,0.09040809145895881
74530,2.67386560607913
74531,0.1693252238890678
74532,1.2926122337213213
74533,0.1698411865187028
74534,0.11836894962094846
74535,0.1417002096433846
74536,3.6451885165277558
74537,0.9550390425445636
74538,0.2892154163816229
74539,2.42428181059012
74540,0.2587524325914516
74541,61.4443333715914
74542,1.6360335104450359
74543,0.43415211422508554
74544,0.6828669245544265
74545,0.5980888023690236
74546,0.3170686245060269
74547,0.5223274793182364
74548,1.107009389071602
74549,0.14853890464605327
74550,0.4786639139936809
74551,6.99048532033972
74552,3.963823774719397
74553,0.42457817615655513
74554,0.2027218931133941
74555,0.7244874117493124
74556,0.6424989387063536
74557,1.2800170419213777
74558,3.0987132695053465
74559,0.2383282875305054
74560,0.46170774202318066
74561,2.0300323652627554
74562,0.7376037593268774
74563,4.980127561574649
74564,1.437749570712824
74565,0.08262490977655114
74566,0.31742179270601995
74567,0.16433281228873173
74568,0.12903244761005317
74569,2.152637597592661
74570,1.404021068190126
74571,2.607822313400812
74572,1.624447327032669
74573,0.2677938467546061
74574,1.8256199538787203
74575,0.9772054117353792
74576,1.0125301075859687
74577,0.40520754155187144
74578,0.12220834993472036
74579,1.0671794413525586
74580,2.997030070109988
74581,0.30368045150076667
74582,0.68019702442594
74583,1.7374070807546211
74584,0.9423256294283011
74585,0.5089996760572569
74586,3.9696082774035224
74587,0.21837544908177328
74588,1.5424035369878375
74589,0.14426652667281523
74590,1.062456749298078
74591,0.43644777825903847
74592,3.606676902761016
74593,0.143369381964535
74594,0.18762528733791625
74595,1.1703933979753691
74596,0.5756942802378896
74597,0.5470440384135311
74598,0.37532755468982537
74599,4.001054219353029
74600,0.6628980908367423
74601,2.831447981370238
74602,0.04917679060113149
74603,0.41910206897226676
74604,1.1477885926615878
74605,0.09268596174534802
74606,1.2902249720595507
74607,2.9355464192413576
74608,1.1030857667130276
74609,1.7987153143014034
74610,0.20526338874321506
74611,1.707719168055294
74612,0.06046631939039156
74613,2.8426481767552385
74614,0.803474223919678
74615,0.08164719306864966
74616,1.2120663773612987
74617,0.7471965743364958
74618,0.16383505564410206
74619,0.9164571755615553
74620,0.5383676893981633
74621,0.7987694886194701
74622,2.1407250720885247
74623,0.979284418703347
74624,2.126041138384695
74625,1.8016160351602375
74626,0.5821390263494962
74627,1.1181979865697755
74628,0.6525340082517229
74629,0.4019872975352505
74630,0.33582173376847224
74631,0.19116793702216625
74632,1.7940642548985195
74633,0.17114906179969713
74634,0.6146382411983997
74635,0.2127599522536843
74636,0.8516959985294795
74637,0.5854160019576807
74638,1.0772652436424015
74639,0.3035802079870584
74640,1.0472340611501039
74641,0.9394946014869594
74642,3.6270292816694516
74643,0.721577534218797
74644,1.0670166233870542
74645,0.11258528717170699
74646,1.33858250507761
74647,0.5009968902769613
74648,1.5154541156368393
74649,0.8214655987820316
74650,0.0947308944723077
74651,0.9692164653994091
74652,0.054859687317778245
74653,1.2689581226340632
74654,0.629196427773416
74655,1.2643161584063538
74656,0.2607712958594357
74657,2.167443019304444
74658,1.166261289745934
74659,2.7845035706705628
74660,0.9789253059899076
74661,0.4454169317334216
74662,0.24486127020681767
74663,2.4348847647632557
74664,6.607497486146439
74665,0.7190796359963925
74666,1.2173577104637594
74667,0.14045045008030133
74668,0.34708518615867
74669,0.10435560158552662
74670,0.7890121481430655
74671,1.2354411223199326
74672,3.5009353715680405
74673,4.7594677056415255
74674,1.1896604262271269
74675,0.2514516908733654
74676,0.7451377944387052
74677,1.2975868051366435
74678,2.565943311083371
74679,0.09593721023666776
74680,3.2112090335186814
74681,0.24308095069730165
74682,0.17809985327976832
74683,2.7357450825515253
74684,0.09272761779320392
74685,0.49642599990504716
74686,0.3901177007601868
74687,1.2865117505590533
74688,0.14949667611833667
74689,0.3786480305937038
74690,0.04358985987314329
74691,1.242089191818726
74692,3.6057137018546026
74693,0.6462248225950757
74694,0.35719751831810953
74695,14.785838750792553
74696,0.4364127874188018
74697,1.0959618376619031
74698,0.5352840549760671
74699,0.7450104645279694
74700,3.759042381853179
74701,0.621101499274658
74702,0.5653197813683729
74703,0.2770910494230245
74704,0.866140576405874
74705,0.37235665567056336
74706,4.689748886478381
74707,0.3879167597493875
74708,0.2998952587790087
74709,0.40918443973675334
74710,0.6184612501133243
74711,0.2546498529705159
74712,8.209631391023407
74713,0.537374493290609
74714,2.5027193963554573
74715,1.0372035856506776
74716,1.4361171144393416
74717,0.9654864656739757
74718,1.2581313131587537
74719,0.17078177518634485
74720,0.06999345752002836
74721,0.3059477595345754
74722,0.21274961388387842
74723,0.6259629042762733
74724,0.41632572155520803
74725,1.0381145282272133
74726,0.3757333463556244
74727,2.3927429554252044
74728,1.3818422281760208
74729,1.1494961184182608
74730,2.754227451695228
74731,0.49025247891339624
74732,0.5794345766714591
74733,0.08982195912932069
74734,0.3417778938786065
74735,0.23006453816622782
74736,4.361485401881818
74737,0.988828096741323
74738,1.127464477382415
74739,0.13992940956290423
74740,0.4736003537098187
74741,2.1901303305645725
74742,6.834286949094678
74743,0.05490122575096405
74744,0.0965623332452536
74745,1.5762345611185729
74746,0.5643853050661415
74747,0.8003933562609269
74748,0.40637782905465875
74749,0.3671898080923102
74750,0.2374138028703525
74751,3.2424971051651563
74752,0.332718245248099
74753,0.48443519285645753
74754,1.0491900164286305
74755,0.6315207894609862
74756,3.562921319559253
74757,0.5334737214123453
74758,0.30754499602518537
74759,0.031936197592202814
74760,0.7753543702668355
74761,2.7671711569845723
74762,3.7793328790378227
74763,0.09824332690749932
74764,0.3152317143805146
74765,0.365081502559983
74766,3.5862971747071386
74767,1.4231533311292424
74768,0.13526468883678142
74769,0.11006666454114938
74770,0.33645814643212574
74771,0.09067313838959978
74772,0.4078302431289896
74773,0.3376946235738134
74774,3.4822842943686365
74775,0.46572576575505076
74776,0.1533627548604487
74777,1.1855735941505121
74778,0.15955465215664769
74779,0.7833951152414657
74780,0.14196268572325374
74781,0.2867308775496972
74782,4.1926408444569745
74783,0.27618774157187875
74784,1.0287331193469385
74785,0.17604614089940157
74786,1.2265265552260671
74787,0.2365334364107655
74788,1.35825936596121
74789,0.5130730727267486
74790,0.4132629241760275
74791,0.025153106441442166
74792,1.0696519840092045
74793,1.4978059312074712
74794,1.3699714935523744
74795,2.1844482756420036
74796,0.7420427725156097
74797,0.125200441815789
74798,0.1714567406465169
74799,0.50705734293394
74800,0.13359908017421343
74801,1.049139948041028
74802,0.42901588152739445
74803,0.5085064353301579
74804,0.6082051517602118
74805,0.8292076138791409
74806,0.8506776475495905
74807,2.0900832488678946
74808,0.942193827200619
74809,2.3807481036612557
74810,0.28742026627378003
74811,0.43884041848797256
74812,1.045946083376745
74813,0.2445021514471452
74814,0.0763627613222616
74815,8.054982119729122
74816,0.4513735756964525
74817,0.5543207085197821
74818,7.458041025746158
74819,0.07858982870177186
74820,1.2528949778527716
74821,2.2923892733977294
74822,0.19437289097693347
74823,1.4070200958476764
74824,2.149352888962625
74825,0.20422277010271783
74826,0.26265841220554603
74827,0.45658126114935493
74828,0.45816028700540373
74829,0.07816347252192049
74830,0.46235094622854
74831,10.321034696986743
74832,0.5093004088507461
74833,0.4967078624412259
74834,8.971005946204162
74835,0.4203668004736354
74836,0.07440908386491056
74837,0.37014095542494485
74838,1.107761842507332
74839,3.6813817526411405
74840,0.6466967399621355
74841,0.2645597195914881
74842,3.0585543834811038
74843,0.4868729667189541
74844,0.24384934862522487
74845,0.9506820787904013
74846,0.8950270249244091
74847,1.0830403866109857
74848,0.059645880165408796
74849,2.6670710823845805
74850,0.9986404091761781
74851,0.7745143509519175
74852,0.9602735607733035
74853,0.628699582272081
74854,0.3579614157574831
74855,0.19632437697755642
74856,2.886460283490247
74857,1.0286848253914578
74858,2.2072013411643026
74859,1.3481192310463324
74860,1.9188916118895922
74861,0.13729582751672745
74862,1.7041427441766843
74863,1.3716586657570424
74864,0.19660449349143913
74865,4.908605995821561
74866,0.8900394713632176
74867,0.2299470225573131
74868,2.338197632841679
74869,0.06262542880162705
74870,0.5796740451547127
74871,1.475396792843829
74872,6.204524194857009
74873,8.694405315537233
74874,0.3454388588725037
74875,0.05622836220981425
74876,1.9400847739970772
74877,0.11173194824246711
74878,0.7964841685355517
74879,1.0647253075379273
74880,0.34304971952772434
74881,1.0528346957340529
74882,0.3090304860269465
74883,0.27288456313068893
74884,0.6091738045865328
74885,0.7879385733217426
74886,0.15933760459506602
74887,0.40219234533123216
74888,0.6410600774899375
74889,0.21923190755383523
74890,0.2090800998113829
74891,2.332526060959689
74892,0.24580350065051162
74893,0.26543959476536344
74894,0.13233293778851818
74895,0.3789602631661579
74896,1.687286932824036
74897,1.1024810709971187
74898,0.20801713600598742
74899,2.519615643077237
74900,0.36688331542792824
74901,2.4622510458879807
74902,1.646964330532566
74903,1.3030958324875301
74904,1.3229260761546493
74905,0.16248124467315944
74906,1.4052160648238838
74907,1.1256488421752158
74908,0.9697370338765582
74909,4.5361990281798885
74910,1.7749996967922848
74911,0.14020146823887478
74912,1.1967491464323157
74913,0.313240721512446
74914,2.335616958742903
74915,2.314044956854542
74916,0.03772514355408303
74917,0.33870836813683514
74918,2.282047894246619
74919,0.8245298487855008
74920,1.2921559389482338
74921,2.070047833700744
74922,4.028118221272751
74923,0.2151138384108446
74924,2.012590379498003
74925,0.07114403246310148
74926,0.584279611507086
74927,1.0733949427848097
74928,1.6494692750228068
74929,0.06783760558671274
74930,0.32967823009015784
74931,1.073384324452245
74932,1.8972997533140497
74933,2.2471400810706896
74934,0.6224239733477185
74935,6.772098131823427
74936,0.20329819000839755
74937,1.7590183818398504
74938,0.8370607089281148
74939,0.5550079483043142
74940,0.7623825588094995
74941,1.5566278004851846
74942,0.2565963159008631
74943,0.2609460245595462
74944,0.2835771362208246
74945,1.3463488108243569
74946,0.5876922380348035
74947,1.097660117838854
74948,0.035765670225445814
74949,1.8750963045020188
74950,0.09644190428756552
74951,2.082196170920872
74952,0.5244144723261345
74953,0.16134759508320595
74954,2.5650799945401666
74955,0.9122298120488254
74956,0.229790229281381
74957,0.5662909902500074
74958,0.5213236635014834
74959,0.14833918804348856
74960,1.1893814601594859
74961,0.9841527295253073
74962,0.2423977689331632
74963,0.17795473675136586
74964,0.4996856542322541
74965,0.6589186272139882
74966,1.6022861904712689
74967,0.06249608984285654
74968,8.720063841922588
74969,0.33612336591505076
74970,0.6968107281965708
74971,1.6552464631174508
74972,1.3162408387248221
74973,0.4594790313321091
74974,1.4745750776728848
74975,0.36677285519292835
74976,4.139116572809516
74977,1.3741099586111083
74978,2.3541299934588933
74979,0.3288452658545221
74980,0.09062844871435219
74981,1.2358069649527537
74982,0.34377868043122617
74983,0.6863083813635802
74984,0.508528359682122
74985,2.4330190714254867
74986,0.4559340936903301
74987,1.7060552398943052
74988,0.0856471686937591
74989,0.7643348573725646
74990,0.8250907436037489
74991,0.5606899437603263
74992,0.7885669500452881
74993,0.3338051782316341
74994,1.1751245342940324
74995,0.03563674013270836
74996,1.9912725189685136
74997,4.717313765541178
74998,2.9647445236987293
74999,0.6694985828175216
75000,0.5786231399318587
75001,0.5140799447531452
75002,1.783515823858951
75003,0.27374822430508555
75004,1.437061010682314
75005,1.652494387057305
75006,0.29041088559101347
75007,0.1899162968606523
75008,0.2785770228269743
75009,6.785298641709272
75010,0.5492621342341443
75011,2.4067045429344303
75012,1.0031956302466498
75013,0.8929051402061222
75014,0.3397752618453802
75015,1.7070952800180652
75016,4.795647142757191
75017,0.9719820085726634
75018,1.1757043597005028
75019,0.3696030701342449
75020,0.3159948895106682
75021,0.21775581988294856
75022,0.3056663790852672
75023,1.9445013657156527
75024,1.5643420373240908
75025,0.3356667336283666
75026,1.8013439376201357
75027,0.4395999931503569
75028,1.2927440495172846
75029,0.8579723595563526
75030,2.068894874477743
75031,0.09022975816307041
75032,0.3820282064128678
75033,1.4390607735901206
75034,1.7334266100368487
75035,0.6505474545475463
75036,0.9959166850545978
75037,0.20396679649551347
75038,1.0951462106998409
75039,0.07952539235680922
75040,1.6225217654953077
75041,0.09910850862082857
75042,0.45917894246856605
75043,0.2580537533255335
75044,1.5821430595169965
75045,1.7342344339400502
75046,3.3237761959804657
75047,0.8328162955237354
75048,0.6867233315648712
75049,1.151396154272972
75050,2.219323202727827
75051,0.510375170804424
75052,2.3306731535116416
75053,0.47072688644046606
75054,0.11570498862708624
75055,1.481115305901218
75056,0.061529985928414514
75057,2.9645205893863316
75058,0.6678612180671234
75059,1.105372236138723
75060,0.5572731318993096
75061,1.4159674652858354
75062,4.528081585474542
75063,0.2936810194176533
75064,1.3387387578285224
75065,0.12095935645458197
75066,2.9514208907828103
75067,0.9808624406456542
75068,0.9489872316141554
75069,0.7150940827344399
75070,0.9827281275582953
75071,5.4100245179857875
75072,0.6103890932475511
75073,0.5869276482465229
75074,0.21218391753331128
75075,1.4768765592001447
75076,4.839925366893463
75077,1.7328513694560295
75078,0.7503596456980054
75079,1.8625581982276473
75080,0.9327791502324917
75081,2.9663210491367393
75082,0.6386281655255415
75083,0.22588008779334207
75084,1.46443816349741
75085,5.216295877674447
75086,0.8929396217102702
75087,1.262269884841069
75088,1.6198676680826891
75089,0.45742888283480865
75090,1.6419602735294248
75091,0.1196659984271692
75092,1.2329775447720075
75093,0.2519840010889803
75094,1.8433073877306245
75095,1.9655922612240286
75096,1.162745019973459
75097,0.09804127214483037
75098,0.9059764274602968
75099,0.39388937652877004
75100,3.52832930881933
75101,0.13329471187141714
75102,5.59504249324185
75103,5.9142131185517615
75104,1.631170178422829
75105,0.3416120461507052
75106,1.4902974614427162
75107,0.11553585860895522
75108,1.4138869455393783
75109,1.041755242022572
75110,0.2572774851136161
75111,0.5669867492620668
75112,1.3651547726197113
75113,1.5106039171150147
75114,0.14532447190156045
75115,2.207890836811734
75116,3.416960412110802
75117,0.6346030012768762
75118,1.5829772279329701
75119,0.22694435866522358
75120,1.1739383968647852
75121,1.1248725426882495
75122,0.489919857962147
75123,0.37217289339565274
75124,2.295940574632405
75125,0.3563623079023721
75126,1.3164111891916348
75127,0.40089186156525086
75128,1.0166319250291618
75129,1.0415654210377898
75130,0.362401308919286
75131,0.36279206855085366
75132,0.5578911338855413
75133,0.0907870779790741
75134,0.17148159693538575
75135,0.3862202366036327
75136,1.4226210085850126
75137,2.648351752536393
75138,1.1812790231755579
75139,0.12363454449433309
75140,0.21070218602522545
75141,4.7811846378480745
75142,2.437135986351558
75143,0.27117825272261536
75144,0.08692341084408585
75145,0.6530253744062696
75146,2.4214199942621777
75147,0.3654971456588222
75148,0.3357131549427907
75149,1.1848153021367103
75150,2.0776463833809626
75151,1.0820130169878406
75152,1.1739039050130098
75153,0.1332858223922125
75154,0.26728524042473806
75155,1.0641765034132955
75156,0.7570338094229756
75157,1.8821322849082656
75158,0.33514535850532673
75159,2.428662515253838
75160,2.373280743143278
75161,2.436759401958835
75162,0.056139366460739144
75163,0.8670117598512621
75164,2.4369422735841644
75165,1.2440845374693623
75166,0.4756517380909437
75167,0.34926822673381774
75168,0.20623567749909383
75169,0.1585620327040236
75170,0.03442191539593069
75171,1.9660451046757013
75172,0.12867934085647342
75173,0.5505505953819605
75174,0.44283403639636526
75175,0.20621347406277463
75176,0.21029244746978282
75177,0.14384878141366958
75178,1.4347522414815457
75179,0.24342585939780165
75180,4.981849574224636
75181,0.39926513395345087
75182,2.142931530379471
75183,0.9587288821980835
75184,0.29585733128500946
75185,0.15154906968761075
75186,0.7758295586718766
75187,0.766817040849765
75188,0.4244008068747913
75189,0.13511490922158165
75190,0.9844194434416499
75191,0.28495289965161125
75192,2.15745552387437
75193,0.016923906780282934
75194,0.11708738618723873
75195,0.9596133657944844
75196,2.3519472711985925
75197,0.18133421668686725
75198,0.48555525498398716
75199,0.0748657526820019
75200,1.4121435073171904
75201,0.12068354962700031
75202,2.7446780702187756
75203,1.8911671100924454
75204,0.6418152779747952
75205,0.6295936497462876
75206,7.277904586789872
75207,3.88833852508882
75208,1.4909487785537807
75209,0.09338565582186889
75210,0.4628773475041268
75211,1.3018705450199446
75212,0.4333898066150082
75213,3.7526879743851076
75214,0.9036001251832082
75215,0.21456910986637173
75216,27.05168460353811
75217,0.31824909472684004
75218,0.3670419906252873
75219,0.6719713955960485
75220,0.39696974019151016
75221,1.9141555640218568
75222,0.2244020004660016
75223,5.5305861181730736
75224,0.06734540522852338
75225,0.6625399370217753
75226,0.3527643419338556
75227,0.7396982490645629
75228,0.22035472297862962
75229,1.886087672492209
75230,0.35720755913093494
75231,0.8495179237006388
75232,0.9409965786040225
75233,0.2943929509115316
75234,1.3374172396349853
75235,3.4498914152039344
75236,0.1545554356944282
75237,0.3172960987695678
75238,0.9257951816447906
75239,0.2665290692893542
75240,2.860467753773051
75241,0.5159486894385382
75242,0.161071890912684
75243,4.992938877823408
75244,0.13372849593789757
75245,4.66803481011003
75246,2.0705030490366894
75247,1.0569506004935987
75248,1.8322004953197475
75249,3.382835378456932
75250,0.3659383293516646
75251,2.3494911932840674
75252,2.093526021516169
75253,0.13767570201847384
75254,3.7931325294649536
75255,0.23553769681862496
75256,0.4498604084348809
75257,0.6048615183692811
75258,1.068345012019007
75259,0.7380713767578119
75260,2.9842976363636913
75261,0.506941059472043
75262,0.23497089655079012
75263,1.727685329095092
75264,5.701036281331011
75265,0.044961268038673834
75266,0.22632422801775626
75267,0.3010539208893118
75268,0.36271904290755724
75269,0.9670318563193291
75270,0.7303727658578164
75271,1.1429333128564
75272,5.2154924824715145
75273,1.1153535522179807
75274,2.86553775678335
75275,0.24668120366650656
75276,1.7292121257026831
75277,1.1495100022637061
75278,0.5116026983059118
75279,15.388739465724099
75280,0.057125903593689735
75281,0.7769755235766135
75282,0.2659353687015751
75283,0.08500143405031434
75284,0.29235754472982134
75285,10.448891818945556
75286,0.06898582355988252
75287,1.1388761104658296
75288,1.837142231856333
75289,2.4183378518536474
75290,1.1835073291350064
75291,0.5022866459537784
75292,1.2813548799829497
75293,1.0029685563526913
75294,0.09907359592192529
75295,0.7193536940656089
75296,1.2022512240692094
75297,0.6212275225643771
75298,1.730051980290308
75299,0.6876871838989818
75300,0.24999994997803435
75301,2.938967398558792
75302,0.49266647367159344
75303,1.0590811212754885
75304,0.2748180263818343
75305,0.7636056886266386
75306,0.18877558256576876
75307,0.3980340879732474
75308,1.6401852136421207
75309,0.26219324855541776
75310,0.9502689616861197
75311,0.3222177773898072
75312,0.5972348260892432
75313,0.43108376228953094
75314,0.9607683959094793
75315,0.29960123381951814
75316,0.10335271055057496
75317,4.057199454173655
75318,0.32866668627740303
75319,0.6316507403081955
75320,0.5406344311197241
75321,0.2840504881910059
75322,0.2596521725200161
75323,0.7292917628592654
75324,0.5727814695661126
75325,0.8786693281353783
75326,1.815096349218937
75327,0.2018224567441458
75328,0.7552319389879026
75329,0.15363733527751386
75330,0.3537745742649804
75331,0.2674860171401487
75332,2.304619552962766
75333,0.7855953479827122
75334,0.6378992653916538
75335,0.1865414154402813
75336,0.555175915227681
75337,0.5527855553677092
75338,0.9338330873246502
75339,0.1768547709406881
75340,0.17037204319646299
75341,1.9409919386444967
75342,1.5308438709474101
75343,0.28117783697487503
75344,1.1079103834967368
75345,0.22881690423482884
75346,0.03554982416760385
75347,0.22382719943693402
75348,2.894533681144888
75349,0.33450614409654533
75350,1.0747795791286645
75351,1.7028922471959251
75352,0.17413259782551554
75353,0.46822159116264117
75354,0.20255900790738487
75355,2.0922568585198964
75356,3.441885644445075
75357,1.7649846247546317
75358,0.18505734968333362
75359,1.3965801726898888
75360,0.35190788936548845
75361,0.8766146748850704
75362,0.12219410246169367
75363,1.2096443063530733
75364,1.1019701935577737
75365,0.44539968125172513
75366,2.857531159788858
75367,3.2106390327664913
75368,2.006622591159488
75369,1.7087760578948221
75370,0.7806401220068909
75371,2.537854252575802
75372,0.7366671153765961
75373,0.702327038555363
75374,1.0744372659265171
75375,4.946936705735095
75376,0.7980990478357947
75377,0.41850367350359324
75378,0.18825755349390275
75379,0.15882518837595674
75380,6.752753852636217
75381,0.21621806321631742
75382,0.4500103737496504
75383,0.13770815368372258
75384,2.4586133439043314
75385,0.3453547329212396
75386,0.3444832996736308
75387,0.5725474901204357
75388,2.7374375784212783
75389,0.15899562354824245
75390,1.228618046254647
75391,1.109561736774352
75392,5.092045487124592
75393,2.0508776899184884
75394,0.107558511972348
75395,0.995401918105499
75396,0.5569817420426906
75397,0.6918835547246226
75398,0.3938580331625133
75399,0.366324335424091
75400,2.6686089619875997
75401,1.8218539691803124
75402,0.7337719044295246
75403,2.2529268480955844
75404,0.32717945871671106
75405,0.9102535225687594
75406,0.6908311869135532
75407,1.2809294473814168
75408,0.25926422438853924
75409,3.02900416411649
75410,0.870807689296939
75411,0.2507014316422746
75412,0.8309296100514638
75413,1.4505122050233283
75414,0.7298359394973746
75415,2.222203776984516
75416,1.9594815598690325
75417,0.3134242712298891
75418,1.307382270346118
75419,0.1910326071450284
75420,0.5729460388682766
75421,2.3613582228007868
75422,3.0924361031092924
75423,0.13017252770806223
75424,0.35918333419429116
75425,0.21986009055754546
75426,1.9436008317694649
75427,1.0294156043950506
75428,0.3596627678006116
75429,1.0730136733664348
75430,1.0260239496650638
75431,3.0079033593802373
75432,5.092067545802138
75433,26.246619550920443
75434,1.4445745123282616
75435,0.09464581040414988
75436,0.20815557902980888
75437,1.5044371328633974
75438,0.22122904966961313
75439,0.9683826653143746
75440,3.253739323194268
75441,0.2950124223515636
75442,1.849620584728243
75443,2.7065500135928664
75444,1.1670087847685595
75445,1.523991534988176
75446,1.06550339697846
75447,1.3042825269393188
75448,0.9285034186888232
75449,0.7610695819269292
75450,2.6516239774295722
75451,1.000611059019798
75452,0.06132177295341168
75453,38.46877904687387
75454,0.7125600556036067
75455,0.5606778908457223
75456,2.713705570782398
75457,0.3426731717137692
75458,1.2835083299380086
75459,1.426237440368972
75460,2.1604104541987676
75461,0.19368039091090822
75462,0.6621499713757489
75463,0.8285543781299358
75464,0.09932468416158359
75465,2.7484526442420494
75466,1.9276246244085198
75467,0.32884865853438006
75468,2.4368214378555777
75469,0.13176859699692536
75470,1.6216918361178703
75471,0.7424675454047364
75472,1.1192334930314434
75473,3.918321472731068
75474,0.6330848653396288
75475,0.05708259145010329
75476,1.3158029229798491
75477,0.39530962913621814
75478,0.21619171164877382
75479,1.0589195836137975
75480,1.3714445085503089
75481,0.06538945558233358
75482,5.0194410486758425
75483,1.7087130409577904
75484,0.11765968322212403
75485,0.4297980706025005
75486,1.3511358470579984
75487,1.488217006187861
75488,0.11966403887387746
75489,0.33013584491485276
75490,1.6094010438579662
75491,0.7834662416511848
75492,1.0025848919308378
75493,1.0842207974856508
75494,1.003340230583564
75495,0.6525285309647819
75496,0.6705440048167622
75497,0.44110314545101653
75498,0.8106612017201952
75499,0.46335572259705177
75500,1.2211764476537592
75501,0.6834940974039458
75502,1.3073416917039877
75503,0.49460973786418344
75504,2.0226615262523207
75505,0.8165195105874821
75506,0.4753741283733427
75507,1.3420168275836197
75508,1.7820936398409593
75509,1.0178838257104175
75510,1.2454654420964884
75511,0.6210512919062792
75512,3.862539301840489
75513,1.232993804710871
75514,0.2943984788359518
75515,0.16946765127181476
75516,0.18241775388497738
75517,0.17530547200765914
75518,1.909373879651565
75519,6.336236534635792
75520,0.4328632418645096
75521,11.061098768933313
75522,1.3634075195941966
75523,0.3377215827877234
75524,0.7388426714332228
75525,1.0213465384503835
75526,0.46370215589929864
75527,0.5363727846830157
75528,1.5538805942197367
75529,0.47972055329980207
75530,1.5978964864934333
75531,1.1600096008601686
75532,0.1371967021304433
75533,0.8987033912490876
75534,0.7492802918224203
75535,0.4512144012206887
75536,0.5208547415077054
75537,2.178133304405536
75538,0.5834406715915752
75539,1.3045844036257457
75540,0.3116699705984276
75541,0.21810832390926466
75542,2.741377584164013
75543,0.5372424070581748
75544,7.456992513329796
75545,1.8889720619353352
75546,0.9291276402067973
75547,1.3106812907555447
75548,0.2849412395559151
75549,0.7783307150942286
75550,3.7309443621751934
75551,2.4751495669270347
75552,0.2222328826687257
75553,1.5380146503409042
75554,1.8555030153396435
75555,0.8728024150626758
75556,0.8179158787699995
75557,1.671666864075088
75558,0.4352694306282671
75559,0.18835112621633374
75560,0.40030667949971555
75561,0.6944259839784425
75562,0.7492519720594857
75563,0.7719474309111533
75564,0.23223264103872074
75565,0.37898021518287733
75566,0.13558167417561767
75567,0.17219704496434513
75568,0.397978764504145
75569,0.3712937637614898
75570,4.438875249068869
75571,3.0294693195921027
75572,0.15646011008781752
75573,0.7515791203024584
75574,2.567342651268543
75575,2.2604862445461213
75576,0.2897939146624394
75577,1.2706476940641471
75578,1.5729463456457369
75579,1.6822003011059539
75580,3.76079234231782
75581,1.3795251840687803
75582,2.727189030202447
75583,0.6128245987076354
75584,0.7189988425071929
75585,1.4666829542611257
75586,1.0391437353021251
75587,1.0874384021232089
75588,0.9455426146648983
75589,0.9328551777691667
75590,0.6188697080032113
75591,0.41169153796638586
75592,6.198878759305018
75593,0.1130234770925207
75594,0.5402899385483209
75595,1.4058545159319094
75596,1.955559710629196
75597,2.993559623350799
75598,0.7288530079038836
75599,1.1728527773301831
75600,2.299893916557098
75601,0.4909919432859071
75602,0.6650757264343367
75603,0.04548630312187336
75604,2.85998435461046
75605,0.830902533560743
75606,0.31616568617528207
75607,3.118473923551811
75608,1.312970397100428
75609,4.319134608858323
75610,1.5785181447104681
75611,1.0861426030279349
75612,2.199746084154193
75613,1.3033224877845744
75614,1.7320632915197105
75615,0.16857080843978917
75616,1.8853386191078785
75617,0.46372969066254954
75618,0.40012364238891157
75619,0.9914246713301036
75620,0.08020363866280879
75621,1.232194177648402
75622,2.47657625445235
75623,7.806253934877876
75624,0.439224342065404
75625,0.48084082202186484
75626,2.736808962115143
75627,0.6362199887089207
75628,1.9372132507939166
75629,0.0362828816451112
75630,1.1508886137165517
75631,0.5632875132736596
75632,1.1584262021230267
75633,0.3310172770699672
75634,0.8313800621163143
75635,1.271216103316728
75636,0.3104200182425243
75637,1.2337195021799636
75638,3.571125349583661
75639,1.6068058387733641
75640,0.4737876086196394
75641,0.7358582737932822
75642,0.2617075350797998
75643,0.4936219254311665
75644,0.23487168815425621
75645,0.3365523512239229
75646,0.329749738052477
75647,0.3004760156606873
75648,1.0926116023454395
75649,0.18273258061202696
75650,3.263612681583483
75651,0.1049012848571431
75652,0.6750598507179283
75653,1.7110739295513477
75654,2.265979034880308
75655,0.29502388839910293
75656,0.10890566893531001
75657,3.991336923587724
75658,1.0627580762787574
75659,0.5167596527552265
75660,0.7740916122168231
75661,0.5138325015758172
75662,1.2815946249597654
75663,0.808486792336819
75664,4.769089113031666
75665,1.5444013257145393
75666,2.214220915282806
75667,2.4569968934774415
75668,1.675264654862605
75669,1.4411411036278579
75670,5.454113459319872
75671,0.924745834241831
75672,1.8828365645483247
75673,0.5822096340466884
75674,0.23390825746866292
75675,2.6800011033194893
75676,1.6849256579406184
75677,0.13219092098106344
75678,0.7007303910374676
75679,0.2523498709459414
75680,1.121743220917503
75681,15.275061358343413
75682,1.2475016534292191
75683,0.24159614403442517
75684,0.6833787263676276
75685,0.15433784299207645
75686,7.772592575594586
75687,0.3179936066266933
75688,0.418157410278619
75689,1.8574967743745114
75690,1.4744896637024796
75691,1.3720500819174233
75692,0.9272863360821185
75693,0.05874516374320001
75694,0.12977054828438264
75695,1.6138532598108173
75696,1.5409222116045
75697,1.5937190006329176
75698,0.5516400752508883
75699,0.7333159094141657
75700,2.1659859028098696
75701,0.2690031407366172
75702,3.7604949949202444
75703,1.1290659730450219
75704,1.4796541849447062
75705,7.187591796689178
75706,0.16104209242887463
75707,1.037824935727403
75708,0.8124021459736364
75709,0.5952418779904315
75710,1.5439738204113072
75711,0.972486795934632
75712,0.2593697023864598
75713,0.695071965934257
75714,0.5760850090106
75715,0.3275586291973847
75716,0.11752525081936147
75717,0.5486413853336571
75718,0.6216102218439159
75719,5.173020761117764
75720,0.23186990244931355
75721,1.7548392759976825
75722,0.2018512793195148
75723,0.09163935733880438
75724,0.01670527314657817
75725,0.38025798840697084
75726,1.5749530974119093
75727,0.4357134679230346
75728,0.449101703059317
75729,0.7256129990899567
75730,0.7314927470401295
75731,1.4056746904172652
75732,0.06489030835249512
75733,4.873390996329956
75734,2.260005540242254
75735,0.4874619261835478
75736,0.3739842725337418
75737,1.2818739770786818
75738,3.610925782687009
75739,1.3497458016796273
75740,3.933321277595517
75741,0.5624152876696222
75742,1.0874724929102415
75743,0.22239747592376055
75744,0.4035128679451678
75745,4.105525470102394
75746,1.5485855502695893
75747,1.2779625951550195
75748,0.06004443064825496
75749,0.3472703216907582
75750,0.7982175838711314
75751,0.48448845657596556
75752,0.861981856780066
75753,0.34887982306744675
75754,1.5630325320109681
75755,0.5982800485566656
75756,0.7904244713315064
75757,0.5300931121613384
75758,2.561506038192589
75759,0.07724215586506154
75760,0.6060764701162127
75761,1.381246437425672
75762,0.8240522226327488
75763,0.7021348551284115
75764,1.2812406965381693
75765,3.4048079478078397
75766,0.9166155916317478
75767,0.42505620185973486
75768,0.09955767422333214
75769,0.1337523176557886
75770,0.1883383347251902
75771,0.08742829264186187
75772,1.4862094539892934
75773,2.992077795943788
75774,0.14577181458291605
75775,0.8382119198681884
75776,0.8363483504486151
75777,0.27187669804211817
75778,0.4076004287030032
75779,0.3742924500604997
75780,1.0106747217960468
75781,2.089977500356953
75782,0.4761964247958377
75783,2.0029504469575823
75784,0.747518262062036
75785,0.09731555238364965
75786,1.8499482424739664
75787,0.5012614145803096
75788,0.29508843197641266
75789,1.29371492907389
75790,1.4834533847633444
75791,3.3880784029336093
75792,0.3883355539872074
75793,0.88359802815484
75794,1.2927485243484464
75795,0.14683880503850347
75796,1.2568810210461647
75797,1.1133514604173687
75798,1.47980274719704
75799,1.5294496565593791
75800,0.2336457791268629
75801,0.34916711155553454
75802,0.43722326161593267
75803,0.8039325687794435
75804,1.3797289020980714
75805,0.15156938371268386
75806,1.9580374544872041
75807,0.5526985129389895
75808,2.8564717481715696
75809,0.999415050207461
75810,0.3968456824169414
75811,1.763888700278192
75812,0.10351817461859386
75813,0.09976980611100943
75814,1.5098825610729383
75815,0.20459319270812562
75816,0.37538879241056533
75817,1.4426353544893116
75818,1.1410493164064976
75819,2.1036971984821373
75820,1.4850258202707378
75821,0.130299905944867
75822,2.1658886415862684
75823,0.3387165185747525
75824,2.4456345063555087
75825,11.380096977345476
75826,1.9124858213011473
75827,0.9895570140945286
75828,0.1843484815498122
75829,1.4656861536392314
75830,0.30735279260364506
75831,1.6354994375907808
75832,0.2718518302525479
75833,1.5796153709312455
75834,0.29539225255279583
75835,0.22268468728744545
75836,0.36830758250685863
75837,0.5742051790415869
75838,2.284794959864244
75839,1.0124008835016083
75840,0.8395758145522707
75841,1.5159443897193638
75842,0.21397893909565732
75843,0.8992927357133469
75844,0.7079713272566135
75845,0.8573255663845745
75846,1.9946031696381186
75847,1.4377596178063132
75848,2.537397419701113
75849,1.5342347423700342
75850,0.6504385752257352
75851,0.40467767615610567
75852,0.17158385609095955
75853,1.1151788556210422
75854,0.3183050497610392
75855,2.373162342322093
75856,1.7185708008497644
75857,7.293020150857918
75858,1.258133427424609
75859,0.8251650231487078
75860,1.3039107576796598
75861,2.074822470366173
75862,1.327662165644338
75863,0.49263141236290797
75864,0.2508368971100445
75865,1.582627731281313
75866,0.9103631276295406
75867,1.250118749148935
75868,0.7396140259647103
75869,0.11527270513067767
75870,2.0133496549048573
75871,0.4004264365217029
75872,0.6243756681978029
75873,0.605425739361692
75874,0.2609620054684497
75875,1.3672436981130451
75876,0.040131816102322235
75877,4.028841569274296
75878,0.653076029792614
75879,1.3371845353951262
75880,1.1698707664620904
75881,6.19116762892635
75882,1.041687584216094
75883,1.9290277912302753
75884,1.219907541298281
75885,1.3730250036021763
75886,0.6073185275444963
75887,1.5115876899678748
75888,1.0552840206575071
75889,0.31570236200578894
75890,0.13704452596053165
75891,0.277255514606918
75892,0.4331100967378252
75893,0.23250185145853625
75894,0.821932354662566
75895,4.4124741179217875
75896,1.0464740462516355
75897,2.1565381246911297
75898,1.21813343760043
75899,1.6912522259653535
75900,0.4727380268674922
75901,0.9023671835147248
75902,0.36602573543949146
75903,0.6227792453832678
75904,0.1435901858443928
75905,5.003178147598198
75906,1.5071983865482796
75907,0.2299211784446434
75908,0.31781659700368126
75909,0.9073853506264431
75910,1.8251426041927037
75911,1.6935739497265219
75912,0.678855448516612
75913,0.5098788718657772
75914,2.045529822105861
75915,1.168669529385735
75916,0.06389301493764364
75917,0.9261296844843531
75918,0.3386215974068481
75919,1.6392600600768688
75920,1.5259780686303714
75921,0.8593505387302547
75922,0.3621856775511515
75923,0.07154476485252756
75924,0.16491546999604118
75925,6.284758132450792
75926,1.2028373741469636
75927,0.2091381535918321
75928,0.34515288108517395
75929,1.6164621445564311
75930,2.114259876728102
75931,0.03670283893331478
75932,1.4432414161738305
75933,0.07118556436190748
75934,0.5391280836755196
75935,1.1498540233986188
75936,0.2652917869540829
75937,0.2396763370286838
75938,0.7510658364824363
75939,4.643430953753887
75940,0.08201671829190783
75941,0.754402086770558
75942,0.542262519834394
75943,0.991262758904106
75944,2.3647294515313466
75945,4.761939651496668
75946,0.9051146737944987
75947,1.1421782756643268
75948,2.8865779673556995
75949,0.7138222390795493
75950,0.4903632075576638
75951,0.29003374319681985
75952,0.7197362901344058
75953,0.04305073229245423
75954,1.609829727268994
75955,0.8323471143782466
75956,0.15056878718648048
75957,2.3511433050091006
75958,0.5489248665698181
75959,1.3612513184481077
75960,0.8025360059596973
75961,1.3965628763665698
75962,0.08409591773653058
75963,0.7283798064973226
75964,0.13951869058515018
75965,0.320173821076151
75966,0.7657523166153406
75967,0.0658026340988796
75968,1.201302363788447
75969,0.18489025347010282
75970,0.7084779873530407
75971,0.34439762543604446
75972,0.055862061641645006
75973,0.7912438387212866
75974,2.029737119917482
75975,0.07562880886407931
75976,1.3620199273466504
75977,1.3484607521310508
75978,14.30383166759523
75979,0.34731391801544587
75980,1.701001664282972
75981,1.7782247279207262
75982,0.568001865283314
75983,4.71652654127554
75984,1.5932289160891857
75985,0.5587426705732745
75986,0.08149929023351307
75987,1.5219941538619373
75988,1.0035977831609235
75989,0.17937728595472074
75990,3.1835773441210966
75991,0.5440198924846584
75992,0.1294480537000948
75993,0.22063889371738807
75994,0.11859274252573376
75995,0.02555108347108385
75996,2.0407189605752123
75997,0.7229909867174085
75998,1.9994929880073393
75999,1.902845049038868
76000,1.7584213654283074
76001,2.2897259277891155
76002,0.8248234219653764
76003,0.7957552617006519
76004,0.36233664458810827
76005,1.2079514266275186
76006,0.6173268589146897
76007,0.274404346395349
76008,1.0794912106448722
76009,3.6574267367448416
76010,1.2101572658069253
76011,0.9367578166496232
76012,2.612621534430959
76013,0.4885973376794766
76014,1.17783614701464
76015,2.901429120223224
76016,2.434264780034971
76017,1.5702576313381573
76018,1.5900416087019527
76019,0.21022020617881879
76020,2.417604750466492
76021,0.08231200380728398
76022,0.5984913207667053
76023,0.8710910987874616
76024,2.4105809235518536
76025,1.2065625648292047
76026,2.217997075499375
76027,0.12820625930651552
76028,0.10086780508717122
76029,3.1256305740324124
76030,0.07621844849655209
76031,1.0554291275780368
76032,0.6328677526680383
76033,0.9789995880814597
76034,1.6391571643436265
76035,9.320774622344269
76036,0.21294410287056778
76037,0.4283958801441706
76038,0.0486446043930451
76039,0.9538200819447711
76040,0.7248160086351162
76041,0.4573715428170104
76042,0.5283283397284884
76043,0.3657264731685419
76044,1.5019723218640835
76045,0.38056295560248127
76046,1.375967063241287
76047,0.6511785042240408
76048,0.181791335457587
76049,0.08577351151369636
76050,1.2741916127434458
76051,0.8994877040749885
76052,1.1782140291216725
76053,3.1438085066957697
76054,3.910033920585254
76055,0.5945312674990654
76056,0.9574084797634029
76057,0.33617713175469033
76058,3.1371111836415575
76059,0.6437504655000214
76060,0.5856603004550398
76061,1.4915862038782368
76062,1.1544537149605871
76063,0.19791225968370726
76064,0.1840314072821748
76065,6.3857039665437725
76066,0.30192296188725504
76067,0.6118864673264544
76068,2.0481190262448257
76069,0.6124776783920567
76070,0.048752993833093436
76071,3.198832114057365
76072,0.31318396823702965
76073,0.4420036711644527
76074,0.6311846996887219
76075,1.9390330641219462
76076,0.114606039060126
76077,2.2707736438934067
76078,0.4207111829627365
76079,1.3124057914566987
76080,1.4547918884746955
76081,4.241205262919018
76082,0.2720181392649952
76083,3.4724234351053727
76084,0.17560277923287587
76085,0.7890314603158909
76086,0.3389417534797289
76087,2.5265528173718854
76088,0.6540990737596877
76089,0.15677966239327282
76090,2.0763828015025645
76091,0.3013097576929655
76092,1.2624364849898855
76093,0.7391397870457364
76094,2.3109242054469505
76095,4.763109667800221
76096,0.2950856490552074
76097,1.5086726088381441
76098,0.15249743363963264
76099,1.0779524663918845
76100,2.432726123995682
76101,0.9472658855319951
76102,1.2331893105687461
76103,1.5742567330895623
76104,1.3338221853877612
76105,2.6105148732596533
76106,0.24946516859017
76107,0.5814585706675388
76108,1.5249806107571482
76109,0.9239487454568521
76110,3.8469708810300336
76111,4.250011105168444
76112,0.6507469327732228
76113,0.14205045459309387
76114,1.4435444898196828
76115,1.1702271993158178
76116,0.9503269329655514
76117,0.3530285191496758
76118,0.12049990513350742
76119,0.785745640382544
76120,0.2862008598855925
76121,2.146518682679898
76122,1.346659476188608
76123,3.6494919072205723
76124,1.4042485954734785
76125,0.7460337647545429
76126,39.068435101407594
76127,0.27404212307028825
76128,3.2759154040320846
76129,0.38945415213888984
76130,0.09977027838239651
76131,0.26511305700430254
76132,5.064335564923086
76133,21.97258716540392
76134,3.646679488426646
76135,2.1790664131171487
76136,0.691599024677218
76137,0.546478382066029
76138,3.538323945816141
76139,0.6289742098528845
76140,0.08879726744889162
76141,1.4586132923092165
76142,0.2872694665027099
76143,1.5349068127429475
76144,0.48589015576950906
76145,2.016384994364543
76146,0.6737246240774085
76147,1.0637856358223436
76148,0.7702405095310275
76149,1.4827346955805751
76150,0.929094858593968
76151,0.17687690719438184
76152,0.36450229754151464
76153,0.09483882658975
76154,1.1484020756443372
76155,2.0733743954697057
76156,9.10212590022921
76157,1.7351710449508384
76158,1.7797708742074485
76159,2.7073350480660716
76160,0.2525346637197639
76161,0.1434398472398186
76162,1.5447159999193678
76163,0.37878825970322105
76164,0.40435828787156375
76165,0.4697162910256145
76166,0.7027199651211761
76167,0.3193631410726386
76168,1.9601902927610273
76169,2.7784930819867997
76170,0.2563501104295112
76171,1.0213399616960734
76172,0.6139048528163471
76173,0.34186506825323626
76174,1.8072110454039196
76175,0.26937516285051366
76176,0.37514693292143364
76177,0.5760248072073807
76178,0.373076010176326
76179,0.05339161791748
76180,2.674768962745015
76181,2.981786385255893
76182,1.0990091670894049
76183,1.0814259566597455
76184,0.06792626399764089
76185,1.3022431863536368
76186,1.5919606499569927
76187,0.8571060629058678
76188,1.0907803566551917
76189,116.53217201241128
76190,1.5972086718442158
76191,2.0000297571562418
76192,0.5449276301263584
76193,1.6105861107274655
76194,0.13035110743054237
76195,1.0124307460715292
76196,0.3330031449424749
76197,2.7716402178183217
76198,0.4228221853708536
76199,0.18041399571161915
76200,0.3650285713606353
76201,3.7526270336119736
76202,0.4190754974320331
76203,0.17104192923896427
76204,0.1845930493153869
76205,1.6482160040759848
76206,1.4625667270716247
76207,0.8106773038257945
76208,0.5444324644561982
76209,0.500996319278563
76210,0.09924003812046192
76211,0.09091765388465473
76212,0.221677367328228
76213,0.7859473965034931
76214,2.1441295454273854
76215,0.858495717086051
76216,0.10734284270251043
76217,0.47985525092454606
76218,2.320694352199375
76219,9.972987174446393
76220,6.9608907617655404
76221,0.217117728947727
76222,0.7283632865231536
76223,0.8281632331595258
76224,7.9346590184348855
76225,0.21512594963264617
76226,3.26863818781281
76227,0.5891176273488807
76228,0.6686118880809655
76229,3.086090368425833
76230,0.3899687558322676
76231,6.717002206186062
76232,1.9346165702721863
76233,2.2522313523541344
76234,0.17835704221657875
76235,0.23916773761050564
76236,3.523964028250801
76237,0.44512603614955526
76238,0.8033294701410285
76239,0.32769033635845035
76240,1.941439990642824
76241,0.23076851185147193
76242,2.157910541135817
76243,1.4553872688184841
76244,1.2183841586180086
76245,1.5459404641712706
76246,0.47332239916405844
76247,0.11804720425652594
76248,0.358292055073102
76249,2.0413631586052183
76250,1.2243687048767486
76251,0.43943183202488745
76252,0.15095781504289252
76253,2.16624561601409
76254,4.166116380494957
76255,0.36059466294665954
76256,0.08128875783046242
76257,0.3154487019341926
76258,1.5789159329619156
76259,1.0757817282958537
76260,1.1000290560503663
76261,0.13984974454132135
76262,0.3525251833714667
76263,0.381623952215241
76264,3.1589996096179442
76265,1.5507041447887713
76266,1.061261231071351
76267,0.21603830608019342
76268,1.0098219999724325
76269,1.6587935521349788
76270,2.9208362732136877
76271,0.8048622595639853
76272,0.14946565437920792
76273,0.5139450819415532
76274,0.1255576466798098
76275,2.477675401628916
76276,7.9872212961310325
76277,0.1613550850499103
76278,0.548132365119706
76279,0.9348413032221259
76280,4.691054437278127
76281,2.139833510599095
76282,2.2900773760302595
76283,2.260490383539736
76284,0.48051455279994115
76285,4.586127013624803
76286,0.7381641492592848
76287,0.9828356585311796
76288,1.9145678503239862
76289,6.451128839308604
76290,0.4363604970651251
76291,0.33356881906752395
76292,2.0044358722120554
76293,0.6669740885441829
76294,2.7232570397164255
76295,1.541618320163294
76296,0.18752583766569877
76297,0.9457391916839623
76298,1.5633296064203837
76299,0.07948481383724525
76300,0.4893316233173071
76301,1.4723219233620017
76302,3.2278429039222463
76303,5.932041978026592
76304,2.783386522910424
76305,2.428287923998991
76306,3.4128260186390516
76307,0.8919079754937771
76308,0.09051891940015305
76309,0.6960777347848692
76310,0.10454156036911423
76311,0.1807933259226721
76312,1.6160890987165368
76313,1.0435304042053921
76314,3.6454682836579586
76315,1.7623775727820103
76316,1.4333235722138356
76317,1.2316431884607693
76318,0.682981542625915
76319,0.5426907303354037
76320,1.6926766630059364
76321,0.2543642130378337
76322,2.508756339514724
76323,0.17405890271324856
76324,0.16107062930589408
76325,0.2183774285486173
76326,1.485769639863673
76327,0.09609257470184315
76328,0.16317861344990436
76329,0.40322222787552325
76330,0.6897984612005823
76331,0.520426159744572
76332,1.3186769657968154
76333,3.7156597964734566
76334,1.7203805387137978
76335,0.24190512775648296
76336,0.4782641871700138
76337,2.114724831976042
76338,0.6962992764418984
76339,0.23949594536308907
76340,3.4781116527017253
76341,1.3146308334794559
76342,0.5101497880702441
76343,0.27945774121128064
76344,0.13091279351115293
76345,0.13654835033813156
76346,2.3461219076398656
76347,0.8797534970920169
76348,0.13898439534414986
76349,0.16274861805007806
76350,1.7781338745413313
76351,4.586920846488173
76352,2.036904129763317
76353,1.0602179621669297
76354,0.5167153000071439
76355,1.4946748646120276
76356,0.15409923310106552
76357,0.16528610123362486
76358,8.987463134438212
76359,3.5791708596282024
76360,0.46936382848344577
76361,1.1561764874427871
76362,4.102144993876862
76363,4.169888475895664
76364,1.0077715729627543
76365,2.6939245545917525
76366,3.90480757868617
76367,5.6699993699755
76368,0.7459909554142017
76369,0.13010546381429955
76370,0.20167108828377742
76371,1.214738082060055
76372,1.0382217709500907
76373,0.7002983519786276
76374,5.1172052847771905
76375,0.23301487279821032
76376,0.35616572678956004
76377,1.540921261294021
76378,0.39523223424577314
76379,0.1483389464537112
76380,0.7367085686756204
76381,0.1082703733027017
76382,0.8838479075734936
76383,0.13052536100218695
76384,0.7065801242526081
76385,0.42346664155344244
76386,1.1501364490293013
76387,2.16598998922395
76388,1.8287271175047073
76389,1.980895379798135
76390,0.4508403845638271
76391,0.26355219801020174
76392,2.257803486170604
76393,1.6649020001578028
76394,0.7642569017787467
76395,1.3120116675750075
76396,1.1400278820343237
76397,0.07714057497350889
76398,3.350788778524766
76399,1.5643284895618423
76400,0.44330887945607206
76401,0.11117828185166323
76402,0.5246946193681103
76403,1.85236606544616
76404,0.27633397306344204
76405,0.12713651227997205
76406,0.7187055751485851
76407,0.40629306024139666
76408,1.1947241077845305
76409,0.907101421641267
76410,0.8246654648777288
76411,2.5810697477885984
76412,0.11726126712821298
76413,4.964000365752964
76414,0.8338172612983699
76415,2.1191536640848447
76416,2.1106488353563435
76417,5.659643653250506
76418,0.3208639301691756
76419,2.273518657747437
76420,0.20806332836144326
76421,1.3538488032080727
76422,0.4619687697251531
76423,1.4594038774759932
76424,0.7314970892168996
76425,0.34173084216946237
76426,0.5664823731496449
76427,0.289017683081475
76428,0.8307866294473215
76429,4.272831372641
76430,0.13519780747552887
76431,1.6600233623877738
76432,3.6993669126946704
76433,0.5429644929205422
76434,2.3121343348863377
76435,1.3082798971821776
76436,1.0002128826613976
76437,0.27453532323808716
76438,0.23859352383487067
76439,0.22942235008320036
76440,2.208962654631419
76441,14.964426249239603
76442,0.6732711620319656
76443,2.7494663761524465
76444,0.0970954608770646
76445,3.3161517715585003
76446,0.4582021698762874
76447,1.3683029461576572
76448,2.2019074466744066
76449,2.2172929129684125
76450,0.23430964135086846
76451,1.5473969297322003
76452,1.1379208255580677
76453,0.9055703682565734
76454,1.9366503150084167
76455,0.34463706956915585
76456,0.5405751509994587
76457,3.6058495112291413
76458,1.5823252154252003
76459,0.18550575223993304
76460,0.16637842937649544
76461,1.6627537711562888
76462,2.26429104323305
76463,1.9434318907429253
76464,1.2407249210030047
76465,0.12226186300895477
76466,1.8321352796850472
76467,0.1256619772755066
76468,0.0605869622301142
76469,0.9384507841263647
76470,0.7066533653888698
76471,1.0897576472257817
76472,0.20699526092389442
76473,1.0252925720483244
76474,0.053849128988548045
76475,0.21774078684851272
76476,1.021835579649888
76477,2.4978145996111185
76478,0.5739294081675634
76479,0.9873430033948478
76480,1.4523346610850454
76481,0.2706124423040982
76482,2.422396119075506
76483,0.14434629075508648
76484,0.813097708243233
76485,2.573490225963825
76486,0.41915355835926765
76487,9.82868910017511
76488,2.4884475867072817
76489,0.3249652930725267
76490,0.4684997312337377
76491,2.2862267253450526
76492,0.2305329533905897
76493,0.4230160759461765
76494,1.613111092658635
76495,0.7293502116680312
76496,1.571520763461274
76497,1.0865955566730097
76498,1.6822779136664046
76499,0.3447639217113692
76500,0.23638722158601463
76501,1.2421259458047766
76502,0.5336682128805997
76503,1.059185169562532
76504,0.3657088340042843
76505,0.34869680678021986
76506,3.6487080527034994
76507,5.1303770308233
76508,0.10771689408219988
76509,1.037844296113957
76510,3.0322874554269266
76511,1.329246990372753
76512,1.6073016731741674
76513,1.1635410447526537
76514,0.057938658787613166
76515,0.13003288142022273
76516,2.2223651271947342
76517,0.21205451863059066
76518,1.1925091733497242
76519,0.9442890811576813
76520,1.3582343705139128
76521,0.3913226659025975
76522,3.5365887119488493
76523,0.8039547718696994
76524,0.09798978869573102
76525,0.5487551906761005
76526,0.28521914855320935
76527,0.8239074394018641
76528,2.773698279549802
76529,4.349924219757192
76530,0.2705609292220663
76531,1.1118086641146026
76532,1.7498067638013564
76533,0.7212353042997226
76534,0.6272312235557078
76535,2.1997714156966786
76536,6.181412242872151
76537,0.11964875230011064
76538,0.05577800851471113
76539,0.33376431567617504
76540,0.4142701614906881
76541,0.6290023643883549
76542,1.472856239874944
76543,0.9335952497901773
76544,7.587868196852336
76545,1.7647128142505235
76546,0.19051779415158573
76547,0.45087248939919655
76548,2.080798588469521
76549,0.08589834678931497
76550,1.1373383118913145
76551,0.1305990569226545
76552,0.4281243292690504
76553,1.3679191185301223
76554,0.3864960103356283
76555,0.29319658378326563
76556,1.0862402495264865
76557,1.8010276561915464
76558,0.4216948604513532
76559,0.5347929309057879
76560,1.4182385351647635
76561,0.9276206588001541
76562,1.7168572594716391
76563,1.3797513031430118
76564,0.3362135231588828
76565,0.29963902870656206
76566,2.323624918329691
76567,0.1263086794673668
76568,0.36705097519413976
76569,0.08772033603634527
76570,0.6443109883767331
76571,0.23598856208486163
76572,0.43099525124613897
76573,3.0926985660845614
76574,0.4420198837102456
76575,3.1706834378247364
76576,0.5146795070453353
76577,0.3046773869117715
76578,0.7672679144361955
76579,1.0611627956339171
76580,0.7221917645233442
76581,0.14090420596446906
76582,0.3180249228663702
76583,6.168352169684832
76584,0.699686914893561
76585,0.04981023856218716
76586,0.1457475848585749
76587,0.4062154679764553
76588,0.3833940912928796
76589,2.3408053645376006
76590,1.2024550580855606
76591,0.989556646921624
76592,0.12576527401137458
76593,2.342834882172161
76594,1.989745549183095
76595,1.9924249150459992
76596,0.8531077412136886
76597,0.572161925981014
76598,0.20565451971047308
76599,0.7289635047355921
76600,0.2822212211183367
76601,0.2444851604845111
76602,1.1235437343305557
76603,0.0440735424801737
76604,0.9704760200711549
76605,0.7424932035314935
76606,1.5111544811222053
76607,0.7083216564183746
76608,0.25163340333922224
76609,0.1646278552617229
76610,0.30318482727289287
76611,0.09838327539612182
76612,0.17666639554973604
76613,1.123089028889256
76614,0.44879817640915637
76615,2.0472757333634988
76616,1.4378660401533665
76617,3.094699920174095
76618,2.5360792725940073
76619,1.2385877940128105
76620,2.592842044471001
76621,1.6516247496135208
76622,0.9380816434436775
76623,0.7929677781864928
76624,0.45795395528545146
76625,0.711272267939916
76626,4.8020648127562815
76627,0.712337720419904
76628,0.2183703464207441
76629,0.5596221756735134
76630,8.32916005485242
76631,6.495391335070396
76632,1.6611048044329904
76633,0.4725870393543994
76634,0.6568868441876874
76635,1.112047683411936
76636,0.9469774858576835
76637,0.3484405644082992
76638,0.7302186426581154
76639,2.116640833518482
76640,1.0423269295421316
76641,10.166882602180085
76642,3.3333925522215444
76643,0.8700822111707737
76644,0.6406444471211903
76645,1.368455913258322
76646,0.23260399225151054
76647,2.167354905943929
76648,1.5306715616313997
76649,1.8581311408257375
76650,0.3594296818474725
76651,0.5075300595909036
76652,14.229998606561418
76653,0.45325153518488825
76654,1.3913109511382364
76655,0.8654020331183856
76656,0.4445064063359447
76657,1.4428243643264154
76658,1.0022970996048124
76659,0.2098800625719971
76660,0.3257204545791675
76661,0.40576102552539284
76662,0.9361655187710383
76663,1.7793924808001376
76664,0.992011042803578
76665,0.12902001239589503
76666,1.0374878730939272
76667,1.8196336146302168
76668,0.6174185869889728
76669,1.2464011260353252
76670,0.44935208759858863
76671,0.1501711882737003
76672,1.8568323368882929
76673,0.155231222670596
76674,0.46988563568846936
76675,0.4806448936433723
76676,0.6106003178454227
76677,1.2356378495839535
76678,2.108355878226015
76679,1.5758684333200692
76680,1.416976333222093
76681,1.0457460577355735
76682,0.18732475679932156
76683,0.11171744470175006
76684,0.3859899644423053
76685,0.7949394221415212
76686,0.6965668794722143
76687,0.4125512659642587
76688,0.5460722545138703
76689,1.822814984858491
76690,0.811117373532626
76691,1.872441146096895
76692,1.2750423203000216
76693,1.2473855669463623
76694,0.3234961225636261
76695,0.4279802397443968
76696,0.24408560823193234
76697,0.03501493268250346
76698,0.6396628380554561
76699,1.7402131683745528
76700,1.1492103241393141
76701,3.133965386859015
76702,0.27343211384958366
76703,0.3501691234376372
76704,1.1961348268162582
76705,0.36798789563749884
76706,0.43166373105427597
76707,0.05180010008239632
76708,0.1787442851946634
76709,0.7924371793996455
76710,1.5841019229502415
76711,0.23797819258350988
76712,0.08652259301797458
76713,0.087201773171073
76714,0.3910550216747058
76715,0.46299486891677955
76716,0.385627646034018
76717,0.4169652627491086
76718,0.1820025074796623
76719,0.6644335203523458
76720,0.6661547071422784
76721,0.22625315186595527
76722,0.08500178495194859
76723,0.7666678685151053
76724,19.36329848325561
76725,24.04045502437749
76726,26.563302240103305
76727,26.006164820608408
76728,0.5033579129171996
76729,2.237570571349793
76730,0.8963033515722278
76731,1.801365127397755
76732,0.6564349308757302
76733,1.186171138550464
76734,0.6435288742932144
76735,0.32540560521506795
76736,0.9648130228241641
76737,0.4370534872156376
76738,29.50247119281316
76739,0.4021439496795461
76740,0.8623400930895389
76741,1.133475328839576
76742,0.08068399873829414
76743,0.44964907971880136
76744,0.19389706671848492
76745,1.0467864616678784
76746,0.8367458968106427
76747,1.8220930568385731
76748,0.2341933488672533
76749,1.4307186168804733
76750,1.2163976930786382
76751,0.2600891222247175
76752,0.5191014800700691
76753,0.1807947729263797
76754,1.4878891812825596
76755,1.5335039977338734
76756,0.09913297363120242
76757,0.9432300346401086
76758,0.3621653434485722
76759,3.187798123230603
76760,2.016062055180375
76761,0.496341430362164
76762,0.22480241095747813
76763,3.146036937883507
76764,1.2319969263294879
76765,0.28125586415891
76766,1.794129069191523
76767,0.8073268322816239
76768,1.369285668004231
76769,0.5551474549827206
76770,0.31555885966615066
76771,0.346986955630745
76772,2.207421521204037
76773,1.1678878865662359
76774,0.5964602604497085
76775,1.0817563100671659
76776,0.10500761977663918
76777,1.6964718186367527
76778,0.24353084000697928
76779,0.7699723281474006
76780,0.8831034777130601
76781,2.42564828536274
76782,0.2507455623663429
76783,5.462543916713519
76784,0.27382182956314366
76785,0.785304725514361
76786,1.4600114803026785
76787,1.2061469241976919
76788,0.4660563775250051
76789,3.2526469878189816
76790,0.3556181862924176
76791,1.923595673057562
76792,1.2919788674987842
76793,1.4515220533448563
76794,0.5616242490660879
76795,0.27684747313315194
76796,0.7982418812292202
76797,0.30287229589031167
76798,0.08295814121901027
76799,0.6380686756428021
76800,0.14002861409901377
76801,0.19415726735534278
76802,1.5952858366193656
76803,2.732668313481249
76804,0.17901259388701135
76805,6.722187191897139
76806,1.4466380721626162
76807,1.5291888586506452
76808,0.1305541947117693
76809,0.31634862956533844
76810,0.9604705943353667
76811,0.7305434032953144
76812,0.5635590134068807
76813,0.8198819080535791
76814,1.3021477769948027
76815,0.2799261841093201
76816,0.7568551264470639
76817,2.755033181960484
76818,0.22469331420500072
76819,1.1164450963264678
76820,0.7589582075010703
76821,0.9244147315657404
76822,0.8926830746036949
76823,0.39005412055820926
76824,0.6142642862599523
76825,0.2721192491017345
76826,1.1230136346964872
76827,0.7935981540227949
76828,0.3556101705113912
76829,0.3818457146488815
76830,0.1879073540223714
76831,1.2533758596011244
76832,0.11813599191416145
76833,0.38887941860192465
76834,0.383615450801879
76835,1.287424314581287
76836,0.7969013247957266
76837,0.6786405126783993
76838,0.2544132620449676
76839,1.01070986946895
76840,0.48104274266029623
76841,4.160428229272301
76842,0.7779082389470648
76843,0.24941113048660318
76844,1.5434416214976625
76845,0.04676765847028021
76846,0.9037677695454481
76847,1.1809951075891476
76848,0.2949990529786923
76849,0.2240300918810424
76850,1.6544598625337732
76851,0.5036936797554941
76852,1.6502914264842612
76853,1.0072869330452061
76854,0.2247462818216146
76855,1.2097473106045724
76856,1.6885632426968469
76857,1.4575615000483553
76858,0.8266291665466803
76859,0.15456656662920193
76860,2.2784605687425423
76861,1.5639228934930631
76862,0.2008400054294317
76863,0.6102307871750816
76864,0.6957565922583474
76865,3.429645396019405
76866,2.7846270801610173
76867,0.1701447584315909
76868,1.3183228921035202
76869,0.927249377182745
76870,0.33954720525065335
76871,0.18962162094484047
76872,0.6491721032550763
76873,0.3433916638071448
76874,0.30935883399649006
76875,1.4991638382700891
76876,0.10547633022351206
76877,1.184165040265006
76878,0.7355952055867576
76879,0.7638981525466533
76880,1.4973149597168163
76881,0.9730623267895836
76882,1.9904247609338648
76883,1.092036964760847
76884,0.8860065846910701
76885,0.36267031559951446
76886,0.5053143348151211
76887,0.4003135227028327
76888,1.3612645638344167
76889,0.15797201573313976
76890,9.685385222286673
76891,2.4097241776011704
76892,0.2922706042142223
76893,0.17950740386101868
76894,1.8130777557794273
76895,1.1979852440687637
76896,0.9168596264866151
76897,3.028787169164846
76898,0.10744606569354234
76899,1.0406072436381246
76900,4.093956466201796
76901,6.958388945986753
76902,1.6250438563110168
76903,0.835220643311285
76904,1.1190058662176814
76905,1.3230704485362774
76906,8.652114918831142
76907,1.6637764824372214
76908,1.5325350257813277
76909,3.5113142388059897
76910,0.7326283451172767
76911,0.11813447976780475
76912,0.7270064463763994
76913,0.6221460432899614
76914,2.529869012259329
76915,0.612351451863141
76916,1.045474059847053
76917,0.17426167173451648
76918,0.6766500264655851
76919,0.6862232123084611
76920,1.4330354781998489
76921,0.3194475791139146
76922,0.812062508551739
76923,0.6990348428107164
76924,1.4704529929226386
76925,0.6322482404944529
76926,0.28424277324541225
76927,0.4729966183214304
76928,2.2510334387105315
76929,1.1190794192628282
76930,0.5953162544740064
76931,0.7098765702324287
76932,0.29360757740554283
76933,2.784248896158225
76934,0.5222578095342639
76935,1.8876663340551965
76936,1.0108090128151637
76937,1.6153021562885999
76938,0.21789740081070139
76939,2.187471622413592
76940,6.548985661995633
76941,0.7014729962945301
76942,2.553595086347885
76943,0.5841853509822967
76944,0.24592685738641976
76945,1.1278062561407987
76946,0.5650257308036194
76947,0.5773627953638941
76948,0.4149367438077889
76949,0.6598927788348041
76950,0.4271636943826204
76951,0.7067521511068013
76952,0.594145698551159
76953,0.3750160307447685
76954,0.5951039130965824
76955,1.2502017688184037
76956,0.9039801389156371
76957,0.3429338535192979
76958,9.322407986536975
76959,0.977080115455107
76960,0.17254977273225225
76961,4.88852050324303
76962,0.7612298943893169
76963,0.5270610580463232
76964,1.1262973540138226
76965,2.9788253436541408
76966,0.30454381955199816
76967,0.41646713316676953
76968,0.6933892354654918
76969,0.18516205973651517
76970,0.12116297882347236
76971,1.7730036561902296
76972,1.5415358982115281
76973,0.7189527717633573
76974,1.4067193148419332
76975,1.3932943768992834
76976,0.8298661509834128
76977,1.6424554627511752
76978,0.6626876638242277
76979,0.35062934240692895
76980,0.3008526061670671
76981,4.42376351723727
76982,0.7754699197987935
76983,2.9977271174482136
76984,0.23962162892951355
76985,1.5354640719228378
76986,2.162866774862255
76987,0.34985131973553735
76988,0.3164409244087507
76989,0.9863768061066295
76990,1.7699584244723923
76991,1.7723354033313625
76992,0.21881855050345086
76993,1.8517032646084322
76994,0.7091283642269002
76995,0.10038477169460808
76996,1.6840615264547785
76997,0.8147839730118299
76998,0.20793223854756995
76999,0.11198623116658728
77000,0.22153516872843243
77001,0.7229499148863269
77002,0.9455344919432104
77003,0.11943584041693377
77004,3.2394307576609602
77005,0.5228482104222566
77006,1.0133419835673287
77007,0.563740303199465
77008,0.28687231517841827
77009,3.209805330355936
77010,0.4573273641582565
77011,2.2901401486494275
77012,14.345379312621805
77013,0.1469603918828881
77014,0.4761303012884722
77015,0.11890952853142714
77016,2.6593488440998736
77017,1.5876374251166832
77018,1.2943482704838836
77019,2.8344934838772504
77020,1.2223937840544215
77021,1.1711507004866417
77022,0.6497715030013035
77023,0.21624164885999034
77024,1.6898309819358908
77025,1.2212494531125553
77026,0.5742423970059289
77027,2.620405997715596
77028,0.8057714151891108
77029,0.8709414013823591
77030,0.4463619535999271
77031,42.74190271045007
77032,0.6312013333762949
77033,0.2523194192492861
77034,0.8039848157220999
77035,1.086473891555645
77036,2.4034169649471475
77037,3.631932146439827
77038,1.3653627047436734
77039,0.21545175707287556
77040,1.7315996602916257
77041,11.186659743895383
77042,2.569461615143271
77043,4.737455961087284
77044,1.9951035743878145
77045,5.5482369529925935
77046,2.4749365213777668
77047,0.6253968915020782
77048,2.643374678659674
77049,0.8725461787703356
77050,0.38357088298506475
77051,3.7743450905079308
77052,0.34466316576227435
77053,0.10577497415400461
77054,1.1879502340008004
77055,1.154039187315334
77056,0.7345993910607049
77057,1.2983754746378038
77058,2.7670684257679863
77059,0.8358231599730567
77060,1.8897249116829276
77061,0.5371169787377034
77062,0.03345574830561407
77063,0.24035934522489535
77064,1.295716945065985
77065,1.4632740378176627
77066,1.4834316559040868
77067,1.0014516458012743
77068,5.115812496389303
77069,1.9463083506325183
77070,0.4491551021857893
77071,1.9692276376312752
77072,1.3582835708516394
77073,1.137202947863244
77074,3.088866850057362
77075,0.9444935293946387
77076,0.5479067662187923
77077,1.2791847252026212
77078,0.3977089771324922
77079,13.959324488185679
77080,0.6626391998928666
77081,1.8068235906208403
77082,4.466217902413921
77083,1.5084652733245676
77084,1.7864623272815505
77085,1.1032304353278297
77086,1.382282404589236
77087,1.4260449306760743
77088,0.8142902085591974
77089,1.1144699701259306
77090,4.235563048605373
77091,0.22239212605869077
77092,0.11732553538429101
77093,15.669477705106525
77094,0.44262416961907347
77095,0.17174346290248452
77096,0.15770762970624205
77097,0.3345682603649968
77098,1.1840194573336453
77099,0.2942805925903858
77100,2.283338943035205
77101,2.161548835590464
77102,0.289893085428459
77103,0.6236573005883093
77104,0.3923106096119408
77105,0.41998495828171134
77106,3.6656561173787168
77107,0.40906711912567156
77108,0.5953940226691725
77109,1.837289041612192
77110,0.19381260105054574
77111,1.085115752582141
77112,3.3152894119205976
77113,2.080132364377682
77114,0.1315599209404912
77115,0.6602716580773302
77116,0.8493853844123453
77117,0.9410207202934345
77118,1.5245251847622194
77119,0.35307694989731
77120,2.815435760466187
77121,0.3055605702726709
77122,1.0048511831701505
77123,3.240558938078154
77124,0.4131207092161823
77125,0.3614039653701206
77126,0.14771824499549768
77127,2.5033149631699914
77128,3.079828679128355
77129,1.4021891537832591
77130,1.293089364681118
77131,0.11977330240519171
77132,0.28393916855639145
77133,0.18374450778465262
77134,1.202667876525117
77135,1.0167503381075251
77136,0.44278609842238836
77137,3.254243403889238
77138,1.0201320452665543
77139,2.322825708836649
77140,0.5564059969494064
77141,0.2235617530465144
77142,0.22079022899413236
77143,1.2509624374751585
77144,2.0566475779659923
77145,1.0731447952108315
77146,0.30051873241892907
77147,0.43340257226187395
77148,1.2254090426697797
77149,0.49962926335242597
77150,0.9767870031486126
77151,7.677006356701431
77152,0.33905017186341135
77153,0.6476898236949764
77154,0.45194641129296353
77155,0.5813050677963253
77156,2.135572689357383
77157,0.10060462224604233
77158,1.611821986157029
77159,0.280103553461271
77160,2.000056832410483
77161,2.0652347679638057
77162,0.7636246310785898
77163,0.37136414982907
77164,0.9583857772406534
77165,2.742111422121674
77166,0.8560214845657697
77167,0.24202366259479027
77168,0.2032612577732274
77169,177.59184912780296
77170,0.17711935811296398
77171,0.5502392390511034
77172,0.2580527324790396
77173,0.7732236141151378
77174,0.8104382296557282
77175,1.0962950431273137
77176,1.9616196770244851
77177,0.44205829582808104
77178,1.5097406134308347
77179,0.8991987814722091
77180,0.5536894906545187
77181,0.28543952840730924
77182,2.071701152092233
77183,0.6950201968762268
77184,0.6680172385342101
77185,0.46593756690989047
77186,0.40858578564995174
77187,0.46785575463220663
77188,6.159869564912043
77189,1.2808265915559678
77190,0.8711770346662078
77191,0.06649861404649993
77192,6.317775278568991
77193,0.15926100131900428
77194,2.253293953705615
77195,2.541401179410555
77196,0.7867266677012312
77197,0.9555422806144235
77198,2.4772324048909735
77199,0.3100653894489029
77200,0.8174195314404236
77201,0.49299812816510413
77202,0.4060946826981947
77203,0.32357805956521296
77204,0.56015593003593
77205,0.23826319615862449
77206,0.725490963818396
77207,1.0899683069147237
77208,1.0474967327150635
77209,3.168850317086253
77210,0.08586880606526218
77211,0.5280435028959635
77212,0.6336591226707864
77213,1.5522046157561207
77214,1.4603088680169094
77215,0.45478549737897095
77216,0.20139479994659576
77217,1.1674773442401853
77218,0.8979631447395263
77219,0.8698558978634705
77220,0.2768896728178246
77221,1.804051531812478
77222,0.4280523548362021
77223,0.7670567564813808
77224,1.775954960737963
77225,1.822688432861351
77226,1.1971561133023776
77227,0.9073746504644064
77228,3.0663133470872657
77229,1.9165181796240964
77230,3.243758884960607
77231,0.6437376666972743
77232,0.29704968763619455
77233,1.5937018257838111
77234,0.11600214796025332
77235,2.2004789872603006
77236,1.2501172861287644
77237,0.562945788530102
77238,1.8997951273278908
77239,0.3047583340047593
77240,3.6317142918713796
77241,0.5752222796093194
77242,0.09509331072051921
77243,4.568102638056598
77244,0.4793989605955765
77245,1.2725362674264757
77246,0.38506403833748526
77247,0.6116673168220078
77248,1.7312012776059371
77249,1.1519344829978797
77250,1.7237853008980357
77251,0.6025488042086972
77252,1.5283242046760361
77253,1.6325948066919096
77254,3.7853339125438876
77255,0.26315659410583514
77256,0.0376823873271213
77257,1.164232086374899
77258,1.5118642322195586
77259,3.4204056168981016
77260,0.8910219621966389
77261,0.4673025966129548
77262,1.0608609313950959
77263,1.0257198584198444
77264,0.3683933490423098
77265,0.36432483438115637
77266,2.1005850776742907
77267,0.38477584011064925
77268,0.3622704912615003
77269,1.8946052103618631
77270,1.1631456275595202
77271,0.0988845862576453
77272,0.132533934874065
77273,0.3276909836029691
77274,0.6586444396937682
77275,0.5309066069977335
77276,0.7860584737161556
77277,0.7970987978957905
77278,0.10488357325564628
77279,0.1542382099236689
77280,0.28547900095687107
77281,1.3233361348829267
77282,0.10982670126988207
77283,1.7343062872516422
77284,0.8611986951896353
77285,0.10689259404918462
77286,1.886123462287292
77287,0.24554371356721855
77288,0.29628106822273265
77289,0.661056436451775
77290,0.2995093094480639
77291,0.245074997428251
77292,2.444055264516121
77293,1.6910429689338797
77294,2.2401234459697923
77295,0.1406517073182195
77296,22.506348067370244
77297,1.9532098612451216
77298,0.4795846068470806
77299,1.050478874900822
77300,0.9870084455529315
77301,0.5758836676245151
77302,0.38083356692331016
77303,1.02793935717314
77304,1.3690593140011627
77305,0.34230416867521835
77306,0.835314562303589
77307,1.3300458761852567
77308,0.21635055665215874
77309,0.07265328288375704
77310,0.2962807011768964
77311,0.7477553319731669
77312,2.8141870216431153
77313,2.440926198002302
77314,1.4853390580013286
77315,1.304979239033337
77316,0.9453478573539924
77317,3.7795738794600804
77318,0.6246332295297005
77319,0.23479157308467982
77320,0.38858076978386247
77321,0.446478481162816
77322,12.956218575939275
77323,0.10563817077752793
77324,0.455810626507955
77325,0.04493066804625224
77326,0.21951595697911375
77327,0.303647840914963
77328,1.77334826296253
77329,8.503403587002264
77330,0.9915415540002271
77331,0.4954268260485758
77332,0.32767585239467445
77333,0.6305988053386976
77334,2.7661254053412603
77335,2.5873579646281106
77336,0.4749572581906589
77337,2.114788377309327
77338,0.6459686966722168
77339,6.278225616052669
77340,0.26830085512222984
77341,0.866863889914247
77342,1.0419608946882428
77343,1.3222358952331779
77344,0.9326485944488627
77345,0.9505791914235439
77346,0.33591360383152025
77347,0.10508788051821492
77348,1.61254189521373
77349,0.7503170984077147
77350,3.699114872200055
77351,0.7373506067189968
77352,0.2139248832193892
77353,1.9397476287176727
77354,0.2523424235574706
77355,0.8263526550226619
77356,1.9691502773001048
77357,0.5301975750218594
77358,0.07649389721750283
77359,1.7772480070231924
77360,0.41611772841811245
77361,0.5445496951977402
77362,0.33385701238684773
77363,1.7808111375174902
77364,1.4260446109621598
77365,0.2530254212558938
77366,0.5653489967998065
77367,1.3351934107441215
77368,3.1446883368996064
77369,5.410780877406913
77370,0.7516728969094392
77371,0.20160955900625835
77372,0.053263170531307635
77373,2.06510591612632
77374,0.3038126514321765
77375,0.28042663523090655
77376,1.1742300692800367
77377,0.22610904599833312
77378,0.47425455859826693
77379,2.598308259063282
77380,1.1599465490605103
77381,1.1362170603811734
77382,2.636064657143538
77383,0.576016763861653
77384,0.38273602769257115
77385,0.2642864088746532
77386,0.8891739921665222
77387,1.8199794476775588
77388,0.8141563501435409
77389,1.5007582520038552
77390,0.06473381244776319
77391,5.26683639616939
77392,0.09346598702135042
77393,3.0690039143720123
77394,1.1598078154762061
77395,1.49536550986956
77396,0.7415582443851756
77397,0.7749605808838195
77398,1.6737086189274057
77399,0.46450609532931153
77400,1.5474904996762744
77401,3.017558582557775
77402,1.0607199986176417
77403,0.6833177602476689
77404,0.9771175998594831
77405,4.49328860156316
77406,1.1598227599112314
77407,0.34583069152688634
77408,0.5600214609931997
77409,0.0879787398842012
77410,0.3730592357899403
77411,0.9114456877575384
77412,0.1531293928838103
77413,0.3781089931779651
77414,0.2737213850912231
77415,1.8429659845870818
77416,1.7111306128936539
77417,7.6858312849844985
77418,1.1153507922596053
77419,0.7160493859814733
77420,0.5170710266512912
77421,0.7562059690885501
77422,0.15411896761654037
77423,3.5176491311634264
77424,1.271929239563189
77425,4.81188554939847
77426,0.36453399645192247
77427,0.903956241788907
77428,0.17092042934203938
77429,0.4853676853366651
77430,0.5239185524939531
77431,0.10872677990288039
77432,1.354308882182405
77433,2.093576127012234
77434,1.6633414679526626
77435,0.03490847595598047
77436,1.0006110896216283
77437,2.178463116924548
77438,0.46274423279509397
77439,0.7942026784233562
77440,0.3045821858502672
77441,1.7940002283080667
77442,0.21356787786315853
77443,0.32873733927569787
77444,0.7875715611560024
77445,0.2801768867186105
77446,0.2450570146296768
77447,5.763221751762872
77448,0.42334822770923636
77449,0.526117515984799
77450,24.57146567336731
77451,0.1574485683206698
77452,0.39495595613523693
77453,1.7865478278287317
77454,0.6306762856179343
77455,1.4869250378558165
77456,0.574534491782983
77457,0.03518312889478629
77458,3.5609385948009864
77459,0.3144267369716069
77460,0.061449436567315566
77461,0.9600211464095076
77462,0.06463599643908509
77463,0.3305845748502301
77464,1.7429569978491914
77465,0.06591783148036062
77466,1.1686369218130874
77467,1.09937534087288
77468,2.3328316209698414
77469,0.34784495526611026
77470,3.542746913277457
77471,0.13214619320274582
77472,0.19635916834599915
77473,0.3920531399426163
77474,0.671923814151066
77475,1.3692967179938575
77476,2.0780617050659362
77477,1.792107718494657
77478,1.4298808549490634
77479,0.5558206423105467
77480,0.1559036133658791
77481,6.4880891067240585
77482,0.5816423446559844
77483,1.8250146899560236
77484,0.8002671498087629
77485,0.073311007861711
77486,0.974004961639551
77487,0.5905491471152492
77488,1.218511012129098
77489,0.1852921529674756
77490,0.7956381652070394
77491,0.08026847489056443
77492,14.86969779022736
77493,0.3847010670256968
77494,1.8660396132225172
77495,0.4045315905927867
77496,1.133275114042109
77497,0.12171292178982718
77498,1.7229267756024034
77499,0.07954529236684076
77500,1.8811871888622638
77501,1.2505589299324475
77502,0.3801934490890658
77503,1.71953165246212
77504,0.3685341018632793
77505,4.301023122333709
77506,0.3339248102590904
77507,0.36342487321579703
77508,1.4746267205203984
77509,0.6965588066574298
77510,0.9831308970878572
77511,1.5636801566886829
77512,0.31856805902526714
77513,3.066373634774764
77514,2.3829725543740126
77515,1.548787376028175
77516,0.9805304120544789
77517,0.15231719992403275
77518,0.9491371980348172
77519,2.5407180614685174
77520,0.31424543243716085
77521,1.6697076719169912
77522,0.9206849938271178
77523,0.2803546181593661
77524,2.186210654733302
77525,2.0078140728682845
77526,0.16951902096555604
77527,2.0362673678777012
77528,0.4098216939220251
77529,0.16085170364411305
77530,0.17484118695786727
77531,0.04749875931391374
77532,0.5089794201319779
77533,0.3805851444983997
77534,0.42792037383054243
77535,2.0598439793556635
77536,3.737513458065844
77537,0.738047242382867
77538,0.07494911903602904
77539,0.39107575908617803
77540,0.36729506829730146
77541,1.1794090307158078
77542,0.08447338580838427
77543,2.4216436583259857
77544,0.9206118628836533
77545,0.6540653827787503
77546,0.2253800936209129
77547,0.26650995925144716
77548,1.4781851478227586
77549,0.1958220731168583
77550,0.17109612117612932
77551,2.394514689266438
77552,0.6697223361301397
77553,0.33745985639701537
77554,0.1809863242877106
77555,0.06236333412480931
77556,2.195278834470495
77557,0.573250711986451
77558,0.17243631662594144
77559,1.6945465941001066
77560,0.6160638749202898
77561,2.9682121761781377
77562,0.2316756553508164
77563,2.0282208356918296
77564,0.10629304028028683
77565,1.1504830937568562
77566,0.6315623971469603
77567,0.2286125038973905
77568,2.6237454015889683
77569,1.2015561670256023
77570,0.5424380652361882
77571,0.8325536241071924
77572,0.5306436132867492
77573,3.3715975990474782
77574,1.6316929854767388
77575,0.04678212776938298
77576,0.16752645746648648
77577,0.8203504198081834
77578,0.7884171381029074
77579,0.33089257754510837
77580,0.11802380813776779
77581,1.1001097490866267
77582,1.6620990231746666
77583,1.9801693413247368
77584,0.2639260745908555
77585,0.258277068799628
77586,4.910495872883123
77587,1.2474316955965037
77588,1.3333091597943991
77589,0.16249314972215864
77590,16.82024295563123
77591,0.8050219850424953
77592,0.708515572105953
77593,0.4766220666238137
77594,0.10237594822919605
77595,1.2087899853932944
77596,0.16503913009212026
77597,3.4538689865203143
77598,2.109785193798977
77599,3.681903002703619
77600,0.21293157506268118
77601,0.6734883983503552
77602,11.084776612119828
77603,0.2792789927140068
77604,0.06688803930967047
77605,0.4984481832115972
77606,0.13134495842970564
77607,1.6834212973931697
77608,0.30278716806920103
77609,0.03582554816992849
77610,1.0091944943143927
77611,0.35594653344933763
77612,0.5552482317482742
77613,2.5404359147099234
77614,1.086013706219835
77615,3.090406120626815
77616,1.125469556649181
77617,0.6473042237741947
77618,0.8334411191055613
77619,1.170243339092451
77620,1.4181830314220325
77621,2.9643085946374925
77622,0.14125863412187337
77623,0.42519245707595793
77624,2.563034847583903
77625,0.6809835436119064
77626,1.0294422552926403
77627,0.19880249094707308
77628,0.4282499492941224
77629,0.1968818544434599
77630,0.21722073443184053
77631,3.6609969325197107
77632,0.03632849898952817
77633,0.450808788047125
77634,2.1108275795956555
77635,1.0437931029748246
77636,0.3980156126383476
77637,1.4657077463535435
77638,0.45787647557456573
77639,2.5402337860857136
77640,1.4927408050912754
77641,0.3393228105592749
77642,1.0525202168560612
77643,1.7484089417999122
77644,2.881032919077212
77645,1.0115636186525492
77646,0.41477469239870723
77647,4.417368666558676
77648,0.9174454644398379
77649,0.6884296407325482
77650,1.551796291973824
77651,1.1398020473386625
77652,0.9773287977748133
77653,1.3527051470273825
77654,0.2297911267349526
77655,1.2137994634250606
77656,0.2167434723870728
77657,1.9222857422348023
77658,1.55220106872811
77659,0.2547179772797133
77660,0.1317140808191928
77661,0.7038258159465108
77662,0.3445058852393134
77663,1.1897196649217143
77664,0.8508926513141117
77665,0.5208428625480601
77666,0.6711211087928229
77667,0.5396627531015044
77668,0.14319112279150284
77669,4.123939881790029
77670,0.2521923811785271
77671,1.2656934067440786
77672,0.5872497640353123
77673,0.49800123335115715
77674,0.9475498866105189
77675,1.8005122549939139
77676,0.6364930550330755
77677,3.684986866591376
77678,0.3708594322198038
77679,0.04252850626358029
77680,0.32252803283241255
77681,0.9121811673687371
77682,1.3633909967167868
77683,1.608910910910505
77684,0.8031697423617056
77685,2.6525701755967632
77686,0.5450865122740328
77687,4.033792700515171
77688,0.9689939761015924
77689,1.7195215267264987
77690,0.8232584783660589
77691,0.548937570971198
77692,4.213668830719136
77693,0.7009623863287449
77694,2.1327810094490744
77695,0.06974831395799314
77696,5.987695464013104
77697,0.031017221550066747
77698,0.31726471197644884
77699,0.37729308341950174
77700,0.36486731468997474
77701,0.8736591164693814
77702,0.4409555153859741
77703,0.6502825170394368
77704,0.9913202068705667
77705,0.08144091294209947
77706,0.25244965926602275
77707,2.5365162444567613
77708,3.198472088030748
77709,0.14999660650299848
77710,1.0522786705089369
77711,1.4926155787365079
77712,0.7994657173200532
77713,0.6391585608246019
77714,0.39406695176158135
77715,0.038245770757189795
77716,2.212217873633621
77717,0.2505220207894997
77718,0.7534062473395693
77719,0.27267643963569843
77720,0.7561439467686341
77721,0.3992937415198417
77722,0.8185615728589171
77723,3.9516434163967302
77724,0.753990076417884
77725,0.15215355379160367
77726,2.2987443933509115
77727,0.2969247715467689
77728,0.4954604481493803
77729,2.296336610800709
77730,0.037863293883333156
77731,0.8036034788685684
77732,1.5755907521423522
77733,0.3801693347011373
77734,0.10361399466842922
77735,1.6081466613037463
77736,3.347181894942557
77737,0.6086293057662113
77738,0.10211801548141321
77739,0.767689596154717
77740,0.6400197430954596
77741,1.058320269596715
77742,0.6144505031314315
77743,0.7101928214356347
77744,0.7693083986692244
77745,0.07074242305300342
77746,2.9123606475569472
77747,0.8719667636553927
77748,0.0730972240626001
77749,1.4580369321882891
77750,0.2598331460063858
77751,0.38418748321084
77752,1.6146115905253886
77753,0.6434998500796955
77754,0.2046990415814131
77755,2.0000008539539635
77756,0.31681550673689485
77757,0.5224812948403275
77758,0.45708858112753953
77759,2.621108816279622
77760,4.317465050638728
77761,0.4614640246091668
77762,0.7209907285344597
77763,1.47389210764603
77764,1.8367055787796276
77765,2.578257539894548
77766,0.5607579960168936
77767,1.0522090809557254
77768,1.0523944198823123
77769,0.35262165007005175
77770,0.18107944239498547
77771,0.3333150896826199
77772,0.40636928178322423
77773,9.839277158186505
77774,0.7271617389891087
77775,0.26787445349693756
77776,0.5325223700309556
77777,0.3016655414816635
77778,1.7336494488733387
77779,0.5155290357514428
77780,0.7283264203847449
77781,1.1859427042012207
77782,2.5960449231538734
77783,0.5298413477887151
77784,0.22043615017468243
77785,0.17502162700551457
77786,0.05742822901494689
77787,2.024641773301311
77788,2.8782764615584515
77789,1.6793112590786083
77790,0.20558514452403973
77791,1.6201524162170227
77792,0.12409646908558447
77793,1.160215963202989
77794,0.7564974676415412
77795,2.034577967567305
77796,0.22711749815148763
77797,0.2040478455553027
77798,0.8796974681329318
77799,0.5389929007008217
77800,1.5645528021836181
77801,1.1031559911925974
77802,3.8672991970599067
77803,0.5034195156937211
77804,0.31045466548965545
77805,1.0479284175259573
77806,4.257424295215705
77807,1.3182868984959353
77808,4.118598265126922
77809,0.3815388602617953
77810,5.71518387764327
77811,1.6770804774046573
77812,0.4190694804012485
77813,0.2925241266033162
77814,1.926062809789332
77815,1.0051627007698343
77816,2.5381244882676413
77817,0.6067281169543784
77818,0.11290300374560903
77819,9.01568561932894
77820,3.0912816927268096
77821,0.48076617437654734
77822,3.1564160773811185
77823,0.49939510879074356
77824,0.8828618890539855
77825,2.0376041978647126
77826,0.22026265222624222
77827,0.029851637063805187
77828,0.8063763933996817
77829,1.0416598899669325
77830,0.2888248466876795
77831,2.3474783788636375
77832,2.797195496111824
77833,1.0858436253990762
77834,0.5083906944902226
77835,0.18998903838511602
77836,0.172232053980936
77837,0.733048372011063
77838,0.23114283109792863
77839,0.4529444436182872
77840,4.801370983307593
77841,3.4927116047570923
77842,0.39536361439013745
77843,0.11301600723129154
77844,1.0269148390433183
77845,0.2622139122777556
77846,0.5580029044250306
77847,0.7710836415426184
77848,1.1549539181939574
77849,0.27946483253971816
77850,0.07225253009163012
77851,0.6099456173850424
77852,0.5740913486731412
77853,2.2236158688686936
77854,0.7418556928361526
77855,0.5499582581036926
77856,0.43262382541695926
77857,2.4216096872182127
77858,0.41490236954141485
77859,0.15944284417551427
77860,0.4226272965569423
77861,1.342164747653385
77862,0.2335875394861934
77863,1.70041245703004
77864,4.207942924139372
77865,0.12215114522089676
77866,23.505862893061956
77867,1.927465283031398
77868,0.22489444445270662
77869,1.7797650187866787
77870,0.42460608729886135
77871,0.9651482141382103
77872,0.28128820760678974
77873,0.7966884055541015
77874,0.9497749733185376
77875,0.40838456901624437
77876,1.8500599680454695
77877,0.20665099419805744
77878,0.28523418266573
77879,0.9338432649503343
77880,1.8923148615501246
77881,0.9730647008237915
77882,1.7683098315219983
77883,0.0977844336786605
77884,2.2949888931965927
77885,0.09799423859731786
77886,0.8159297723651623
77887,0.9231727150530131
77888,0.832746838070607
77889,2.4233160509135026
77890,1.4740227046122965
77891,0.8544387247807707
77892,1.1881844327448228
77893,1.471838787396876
77894,0.1925572335326027
77895,0.5787798267697464
77896,0.21337762490544998
77897,2.2827750886285205
77898,0.36017481818317837
77899,0.5717780394719616
77900,0.5254202899768455
77901,0.6084732501955008
77902,1.2110287104851334
77903,1.1316022443437954
77904,0.2065001545675194
77905,0.07693007795114226
77906,0.3921901366706914
77907,0.15564021061903
77908,0.5579862101832982
77909,0.40488897603458257
77910,1.377778272915709
77911,0.438220252969654
77912,0.8941111760688321
77913,0.4974774770176424
77914,0.42303379185541234
77915,0.3629689112082213
77916,2.7612518695810664
77917,4.925368927182571
77918,1.8822726706965043
77919,0.9310752715331378
77920,1.2388051343878423
77921,1.4663615650574455
77922,0.7862385475369779
77923,0.14047081728792282
77924,0.4046633597104734
77925,1.0239143231924441
77926,0.49191516438734817
77927,3.8489408926424846
77928,0.36518402812038997
77929,1.7780762221188466
77930,0.07765756499435848
77931,3.650141094354787
77932,1.0143554879853667
77933,0.08405336626952331
77934,2.7811983432499088
77935,0.927175649252332
77936,0.14642292594014106
77937,0.3983648860054866
77938,2.7421227516428788
77939,1.9050244600846367
77940,0.15851689646856637
77941,0.9940760606055788
77942,0.39434691120685256
77943,0.12042840927898445
77944,0.740874736784287
77945,0.9597001736175592
77946,0.9781524014597801
77947,0.22281357760266374
77948,1.9098240182606805
77949,1.6958420100151368
77950,0.5512099026473344
77951,1.0273216096766684
77952,0.2547155240670597
77953,1.0901630539284553
77954,2.7043344630828745
77955,0.9134147378606077
77956,1.971778533052446
77957,1.8657833933866248
77958,0.32899665447076515
77959,4.397545355920112
77960,1.7748942702384232
77961,1.3320173487413873
77962,4.0819977423363705
77963,2.555845147079011
77964,0.7561247996212191
77965,1.0989030507980682
77966,0.49505537855233445
77967,0.8264190081840244
77968,0.3243752160583329
77969,1.8063608561252371
77970,0.16066073541880896
77971,1.538327467124585
77972,0.9236935851892699
77973,0.7104274743900031
77974,0.32829190796725827
77975,0.3783251752922646
77976,1.2691626249010974
77977,0.32524579766319195
77978,0.8761063848510241
77979,0.297689647454957
77980,4.426250592365715
77981,0.8013241512962169
77982,3.245036443446846
77983,7.579511807777462
77984,0.6139027840566367
77985,0.741687766130926
77986,0.1105113489108989
77987,0.515679928171576
77988,0.3531772432207224
77989,1.0190483954024505
77990,0.6067168420596213
77991,0.22859793400825348
77992,2.269096342678973
77993,0.6142962669575386
77994,0.6729430949580084
77995,0.45928044548988234
77996,0.316399209638443
77997,0.24044629962251984
77998,0.10428216536266458
77999,1.2834688308892461
78000,1.609848468234583
78001,1.164358877598991
78002,1.3084533164907743
78003,11.33007112482825
78004,0.9391419161970672
78005,0.36101973383205166
78006,0.07504522963008392
78007,0.7311887739014198
78008,0.28479590849264275
78009,0.3669957757451592
78010,0.2863610890841416
78011,0.1971976149413489
78012,0.13282617602612193
78013,1.4881903870238473
78014,0.8851128013555619
78015,1.4935579844057134
78016,2.8524091460994168
78017,0.4148828172406527
78018,0.03481540441959126
78019,3.032319719068049
78020,4.5406371957815
78021,0.9543599909393246
78022,0.35980367556782517
78023,0.14733077110026416
78024,1.226873864435875
78025,2.4142125592894734
78026,0.70248238054807
78027,0.46913567416258883
78028,0.22577208423648484
78029,0.12486902252710837
78030,2.5020911592392405
78031,0.7708018982673778
78032,0.6785313539592734
78033,0.26939603851772714
78034,0.47119037279004305
78035,0.8151852072077257
78036,0.4758127470196729
78037,0.3065137904164886
78038,0.2790285719380362
78039,1.075547838773694
78040,0.2512677643486163
78041,0.4054242692625711
78042,0.4754724992929087
78043,0.3295876082132728
78044,1.01969072949682
78045,0.9509037915356578
78046,0.8133748935400857
78047,0.31487795308265215
78048,2.010485512200218
78049,20.48013599339732
78050,0.6805405146902495
78051,1.4209319922861696
78052,0.7683837898246356
78053,2.3152729882943026
78054,0.38556099545089095
78055,0.9895699087682229
78056,1.6426646261435953
78057,0.39097418525464017
78058,0.7871067598521584
78059,2.156630812953402
78060,0.31449877592761594
78061,0.3173833801120568
78062,1.636593401307319
78063,1.1663284827485672
78064,0.5748715267131211
78065,2.6999030880257657
78066,0.320947207892605
78067,0.7511662181691451
78068,0.42639365285578446
78069,1.3047946446728163
78070,2.0631468558170143
78071,1.393328960731834
78072,1.1291708847036506
78073,2.062485409260828
78074,0.9019880614522766
78075,0.44011533378394696
78076,0.4294233700654614
78077,3.187057775087864
78078,3.7403000535930433
78079,1.6119048733223644
78080,0.14997024280650248
78081,1.071751778279133
78082,1.9205945913881584
78083,2.7531520902634776
78084,0.8982588411585142
78085,0.6745207540640492
78086,0.1761105562147439
78087,0.15067534734727125
78088,0.5839482494332998
78089,1.1099138341865993
78090,0.37956318178194254
78091,0.3958926655417987
78092,0.2846168750465619
78093,0.07382210087172822
78094,1.2656713716550394
78095,1.0494300544955961
78096,0.8765269763945803
78097,1.0211852751593475
78098,0.5210307894337178
78099,0.5432928219200575
78100,0.7230953246618792
78101,4.674641241966279
78102,0.1997972487967787
78103,0.6959828860057699
78104,1.202525049137304
78105,2.638230618016667
78106,9.663274947151951
78107,1.2956365644658165
78108,0.36909799806272403
78109,15.826185040100695
78110,1.2486926913976908
78111,1.9958557867447695
78112,2.212309322137409
78113,2.9471360340244273
78114,3.083655917952264
78115,1.2402229090238028
78116,0.10947044258204588
78117,3.265362334125489
78118,0.04249470061935184
78119,1.6643613703758875
78120,1.4304312646443822
78121,0.2131149521703266
78122,2.010924327676117
78123,1.276772995255852
78124,0.62650778325461
78125,2.530063966212184
78126,5.023026798819518
78127,0.6854737285409089
78128,1.4109091097687616
78129,0.4599369615111425
78130,0.09820392695554483
78131,0.39773207722420695
78132,0.6238809399489357
78133,1.2384243610044587
78134,0.8592232114007003
78135,1.3496014202933533
78136,0.1937545474398439
78137,0.847016169185493
78138,1.019178742896052
78139,0.2391159317085154
78140,0.1310450774816536
78141,2.804889105414673
78142,2.1927165218395004
78143,0.5606214479799204
78144,0.9730835823512436
78145,0.6910688102203181
78146,0.7209107157687042
78147,1.0988419622837633
78148,0.2661848294784427
78149,0.9170244615440641
78150,0.21000144588115113
78151,0.411463428741463
78152,0.803768884006041
78153,1.1878255116875729
78154,1.0831021764292137
78155,3.2950625462445275
78156,0.5698265753092804
78157,0.43307951812643847
78158,0.3871786622202274
78159,1.66805581518195
78160,0.890034131643801
78161,0.014628368910380395
78162,1.3718833797890588
78163,1.9042487833150654
78164,0.5083859410993364
78165,7.016632827641663
78166,0.5331206102281173
78167,0.6083571063808422
78168,0.4375228386604516
78169,0.5175708393370717
78170,1.7804058317554592
78171,0.8959481796578075
78172,0.11599623027286322
78173,2.678069020603697
78174,0.5339355954012844
78175,0.12911876844483197
78176,0.4537296532900669
78177,1.1452599807100943
78178,1.391671869888139
78179,0.6643076250430667
78180,5.496727178707055
78181,0.8911247937003786
78182,0.1425386401566058
78183,44.081934262674885
78184,4.144268793314006
78185,0.9570770033889581
78186,0.1750356805378672
78187,1.9260985920697884
78188,0.1719986558389156
78189,0.04947211444964736
78190,0.19713303458773457
78191,0.22084484378048064
78192,0.42356128495583734
78193,0.06571765195224634
78194,0.9029178789792373
78195,0.5201211316109957
78196,1.6181739621342754
78197,1.9832435159419923
78198,0.4040697174418219
78199,1.3738151584208866
78200,2.7495591081835116
78201,1.1319460074894085
78202,1.3093121674378565
78203,0.7458365960596551
78204,0.9884748517634633
78205,6.414737574978119
78206,0.7653591035015
78207,3.3054664134391984
78208,1.0987536550377903
78209,4.594582065590336
78210,0.6596780867337428
78211,0.07185840232371347
78212,0.3674762301424958
78213,0.6057944898176969
78214,1.7788759540159942
78215,2.0527164918118683
78216,0.19250935255891302
78217,0.2218711453168108
78218,1.296817077945602
78219,0.9359528836448291
78220,0.8086712663515767
78221,0.09586722826257946
78222,0.3100214028800625
78223,0.7346627785571317
78224,0.6574882229486448
78225,3.9058440351104275
78226,0.36857286380991955
78227,1.0290476641029267
78228,0.1620832621739818
78229,0.16313674794612704
78230,1.4518738611266533
78231,4.912425081290119
78232,0.5083444502160541
78233,0.11386055741949871
78234,0.1991088116659861
78235,0.468599289644951
78236,0.2736393354946012
78237,0.0709547338983998
78238,0.2859822103865116
78239,0.38836246824875015
78240,1.4744524478142513
78241,4.772277476673977
78242,0.5402571871683118
78243,1.0628783725789206
78244,2.730837223947403
78245,2.9869340977029086
78246,0.7781549787391432
78247,0.9109089640557024
78248,0.8962508124214907
78249,1.0531779634359095
78250,0.4664790285021456
78251,0.10559420907463657
78252,0.5930240002121197
78253,1.380818856043489
78254,0.19404505053213159
78255,0.6524903813219518
78256,0.6476380083825867
78257,0.7107645505134579
78258,0.5548601780495606
78259,0.7803528904434401
78260,0.2278534983447937
78261,0.9876412888212096
78262,1.048399146935186
78263,0.4485048927939417
78264,0.3548842632037015
78265,4.0131864445107475
78266,1.805385578192425
78267,0.6251036558332933
78268,0.9976326798542091
78269,1.5862367846524075
78270,0.47896842109084475
78271,3.418935073201283
78272,0.5380920753928554
78273,0.17030992243619628
78274,0.22407825837274345
78275,0.11355751005696621
78276,0.2212627985967571
78277,0.5484499067282008
78278,0.09323377313531556
78279,0.8976643414600426
78280,0.13062455768314093
78281,0.14769049131897555
78282,0.9377888490615676
78283,0.2592122574912229
78284,1.3589652794350802
78285,2.029249066059347
78286,2.675502207367915
78287,0.7068973355122509
78288,0.5855959161347489
78289,0.1968026480690697
78290,0.39231202755805994
78291,0.2805191109239116
78292,2.2175149398048113
78293,0.18600722553060248
78294,0.7104924896811021
78295,1.275382916027933
78296,1.1036639805015127
78297,0.738541623663833
78298,2.0265664273891892
78299,2.791452959834999
78300,0.5150984379288657
78301,4.661839387288887
78302,2.684306020662887
78303,0.26473093790238866
78304,0.5435786146284699
78305,1.2386336015065753
78306,0.3209687169571832
78307,2.394405668734991
78308,2.4734224995295975
78309,0.2281410750973965
78310,2.1825968388983843
78311,1.7211774265631075
78312,0.09046420446342396
78313,1.5277452409497094
78314,4.746929742767001
78315,2.4587836716041056
78316,0.2376774555476941
78317,0.16251160712509174
78318,1.4099084095259153
78319,0.2387483134678141
78320,6.089287159556362
78321,2.1438039234830493
78322,2.2524847451497747
78323,0.8950837085416641
78324,1.156543818917259
78325,0.17677152758660306
78326,1.8893995451328283
78327,0.3130182256558709
78328,4.043967759549197
78329,0.8588184740404988
78330,1.5114214837064732
78331,0.511332531066413
78332,1.0148565147488178
78333,2.58162803571474
78334,4.043077730852057
78335,0.23585227151996507
78336,0.6651308618701185
78337,7.177997572531131
78338,1.7191478281124843
78339,1.966619782367998
78340,0.11649501765280595
78341,0.6444137995015027
78342,1.2523759553249938
78343,1.4740798069085153
78344,0.8263840789353731
78345,3.9878170831293547
78346,0.49024595470483967
78347,0.4664664791692095
78348,3.2085874155229304
78349,0.41446647611426196
78350,1.8277653841412913
78351,0.4330154514076735
78352,0.49635239593479946
78353,1.0290167082059822
78354,6.021448932690316
78355,1.360618916283366
78356,0.6657715187570983
78357,2.5002380147224894
78358,0.5781244931796089
78359,1.708764227278826
78360,0.511584837769022
78361,2.3412869933326803
78362,0.3010534944092306
78363,0.11108623939449463
78364,3.331783521344755
78365,1.4338199746612812
78366,0.308671210957374
78367,0.9701851978787988
78368,1.1079668370434024
78369,0.06575330971117345
78370,1.2667480121266317
78371,0.24101879403985157
78372,0.31661986333347597
78373,0.14747656251887636
78374,0.7806715408534655
78375,1.4513633693030914
78376,0.654502132073576
78377,0.823893054701371
78378,0.7066423965830407
78379,0.35080940939096883
78380,1.7111917261907945
78381,3.2811551374488857
78382,0.09407286489339751
78383,0.2847904896950147
78384,0.45597995574803535
78385,1.942616591052583
78386,1.1658482940781172
78387,0.1277530549978962
78388,1.684978021645997
78389,0.2686176790088286
78390,0.08751663843324994
78391,2.1893164892211927
78392,0.25661180239266707
78393,6.834659038103243
78394,1.4754153906892238
78395,0.21800790164591144
78396,0.74983258821612
78397,0.8012369753174176
78398,0.5489265317355712
78399,0.1699766072552773
78400,0.9509857222824495
78401,0.9596982966274735
78402,1.545291647167134
78403,2.353987284008554
78404,0.580596396849931
78405,1.2519890338715152
78406,0.5324755402043759
78407,0.8667472342423526
78408,2.1742735366867336
78409,9.426217415383547
78410,0.2585487115791439
78411,1.1148394194887379
78412,2.8605674202795566
78413,0.30571285696302913
78414,0.1371688532104761
78415,0.23184814232645415
78416,0.4896845337247655
78417,3.472902520407496
78418,0.21975403919055883
78419,0.9535823409532562
78420,3.617191891772514
78421,1.8909380962941231
78422,5.843961897941527
78423,1.5753058845330536
78424,0.6527665694932473
78425,3.120339109406215
78426,1.5467761742122268
78427,0.7246926448194513
78428,2.0807902617873717
78429,3.871915778505857
78430,1.571065505624091
78431,0.643712687554745
78432,1.2897045631276354
78433,0.8629242169695206
78434,1.5948466845340008
78435,1.0696307803092655
78436,2.096457458363208
78437,1.0319629987952472
78438,3.4571268273628566
78439,0.9997773063853658
78440,0.9362856230598924
78441,0.5557487448967363
78442,0.10767006845205233
78443,0.5514813956629555
78444,0.10449920676235523
78445,6.373455091387066
78446,1.454164292829938
78447,0.15551085640219064
78448,0.6121726496705997
78449,0.4188786307474416
78450,0.13238175395534918
78451,0.2025868147198315
78452,1.315468212117629
78453,1.7791675556623943
78454,0.3678107690754867
78455,0.9986038083657651
78456,1.3057252893382254
78457,2.3401693366206557
78458,2.6544367820352757
78459,0.27838287482505053
78460,12.578442101192921
78461,0.054804459456765986
78462,1.6795194488928482
78463,1.0574555067822875
78464,3.136195918493776
78465,2.168131616053609
78466,0.8185314063892953
78467,0.3512326666233907
78468,0.6854191982394878
78469,0.8515493885552364
78470,0.44928002948105217
78471,2.642171033750875
78472,10.847773694703722
78473,1.8959333601498298
78474,0.21516725215136934
78475,2.0609233995067147
78476,0.7846693678999929
78477,3.7498735954362847
78478,0.9264809951112807
78479,1.4516952522669144
78480,2.574143714746102
78481,0.3007600801404299
78482,0.4181957496297714
78483,0.11300198163405736
78484,4.527737972525469
78485,0.3761532113093722
78486,2.3516856188185744
78487,0.09486974094806444
78488,0.10008042726185354
78489,1.2075286202384183
78490,0.819926934038971
78491,1.2203547797983625
78492,0.3932183881417788
78493,4.47176068284318
78494,0.7587093471228126
78495,0.27002064018354816
78496,1.184886432135636
78497,0.46358436797107366
78498,0.4941234521060648
78499,0.8755780910306658
78500,0.24563026679053243
78501,1.1619329085997578
78502,1.0589427746326336
78503,1.802880526338444
78504,2.017767508618716
78505,0.4256319804800421
78506,2.5879350865677893
78507,0.19798697253875314
78508,3.1526506135851333
78509,1.6904977163097448
78510,2.6967843513403515
78511,0.12426803652415973
78512,0.2891067485869469
78513,3.036959467642392
78514,0.14232403572671865
78515,1.1916078890361703
78516,2.447986576519311
78517,2.0849335889104355
78518,1.6736432785821702
78519,1.0089616394201646
78520,0.0762570813177686
78521,0.1970020202625069
78522,0.37468905314605777
78523,2.027104152415987
78524,0.7665191146112184
78525,1.8386401012853963
78526,3.0544337101341084
78527,3.7227504784090524
78528,8.292211144098069
78529,0.7041138183080432
78530,0.4995164592771764
78531,0.43803767874796085
78532,0.19762307009346808
78533,0.46058358475933525
78534,1.0174670183255095
78535,0.19713931899385276
78536,0.1187848572822591
78537,2.4293203542404957
78538,0.13985985338999757
78539,3.0633606580951267
78540,0.16805852858559023
78541,135.60672953271418
78542,0.987308408862579
78543,1.099489595242838
78544,0.0920939770482484
78545,0.9633156380348724
78546,1.3973102845114502
78547,0.3199662032198942
78548,0.6160921701934557
78549,0.29932308985451617
78550,1.039058771998924
78551,0.6648097541700964
78552,0.3178165084012304
78553,0.820229200502785
78554,1.8601209205725302
78555,0.11247428099758097
78556,0.378943760278445
78557,0.976097558156213
78558,1.622268369030912
78559,0.1624532004579388
78560,1.6773359773623626
78561,0.18110264144132474
78562,1.2859465952801314
78563,0.40160411464941814
78564,1.6659498920306575
78565,0.28209937804366025
78566,0.9180209365316622
78567,1.325407229353585
78568,0.24010148578482643
78569,0.20324367648928182
78570,0.11650554522283008
78571,1.808437806112526
78572,0.6650334241736552
78573,0.5936626855942428
78574,0.6675801039472095
78575,0.4627799272114225
78576,0.6121605499267806
78577,0.7323718256753671
78578,1.3094265870803592
78579,0.19330685443714204
78580,1.0054680846051738
78581,2.1862913638936403
78582,0.854254001677656
78583,2.4145700850523077
78584,0.8815721876725804
78585,1.1239311810725578
78586,0.41405143766531394
78587,5.108456289634208
78588,1.247959944129461
78589,0.1590815861536663
78590,3.1173954341043504
78591,0.7717039043512011
78592,2.23730017974087
78593,2.8570051681459434
78594,0.6062312340740043
78595,1.4525327071313703
78596,0.3296236332903072
78597,0.5559015394281764
78598,1.4712200583207686
78599,1.5655819766357184
78600,0.3181795399430591
78601,1.2424057319239414
78602,0.9163964371464729
78603,0.6367086538027633
78604,11.997812978981663
78605,7.806969708961633
78606,1.4173894627001407
78607,0.31810894078940694
78608,2.366158368815811
78609,0.7967150520317449
78610,0.5338455162527018
78611,1.7603749775367366
78612,0.30036581165809645
78613,1.1486554647939329
78614,0.691637365496171
78615,0.16104902732168772
78616,1.1546149606009015
78617,0.45944657896873015
78618,0.6311256802096288
78619,0.5372492803392397
78620,2.113225384219145
78621,0.7367863320261272
78622,0.693873143189138
78623,1.1295738559237853
78624,0.09928848394601977
78625,0.3637067038284158
78626,1.2863242984174192
78627,1.5983272296295299
78628,0.7642392912463638
78629,0.3086707189678911
78630,0.8583003133816544
78631,0.21859998047753987
78632,2.031775430072312
78633,0.9604354779093587
78634,0.15954140992510726
78635,0.0639937824708288
78636,0.44335376204985416
78637,0.9511839897847125
78638,0.0923383038840971
78639,0.2348145517290653
78640,0.28105939551649245
78641,0.538739270817895
78642,3.0066027068040793
78643,0.2464499657904428
78644,0.15914941357971968
78645,0.25951652148033855
78646,0.5285694255898787
78647,1.1569139384895344
78648,0.10030885005922492
78649,0.6674695699404343
78650,6.291187302479011
78651,1.3758025382465682
78652,0.45971514982976136
78653,0.40541636892551275
78654,0.4532156943096296
78655,0.05512209936767986
78656,0.39422586907126755
78657,1.6118702959880271
78658,1.3950387429093476
78659,0.23941232758905118
78660,0.6155893307359099
78661,0.3074940014898169
78662,0.30332555716524917
78663,0.6664463852516835
78664,0.26015955520326667
78665,0.20158302937041722
78666,1.014219437874543
78667,0.1961142922500531
78668,0.4171353908977929
78669,0.6051327854716686
78670,2.027905193033885
78671,0.6677543343196717
78672,1.9116132073142018
78673,2.651837246640966
78674,3.4896035125446825
78675,0.9337517178618191
78676,0.8712313745219099
78677,2.0111756438140778
78678,0.4872467097618818
78679,0.20149699665097445
78680,0.4930359834225333
78681,1.5939044219427918
78682,0.897492905351266
78683,3.4236091457334292
78684,0.8224684154956889
78685,0.32210270770609006
78686,0.12330833243647744
78687,0.42911830113304505
78688,0.749736121590918
78689,0.836086221576835
78690,1.8269266470526149
78691,1.7097143138203401
78692,0.957999004927112
78693,0.08973943438078688
78694,0.7127785449229692
78695,0.7275482919248134
78696,3.6788273875821216
78697,0.31051600253679545
78698,0.12984720638118522
78699,0.8136126280811529
78700,0.7459275448094547
78701,0.17255634358197935
78702,0.09414553951826614
78703,0.8445286428604569
78704,2.264432973008345
78705,1.161466226753699
78706,0.16205289242508195
78707,0.2754273709245669
78708,0.691623066533019
78709,0.508153203326488
78710,0.9900636853418514
78711,0.3361771149289605
78712,0.5045927378160489
78713,0.29982341795121226
78714,0.3746385745142763
78715,0.41107306535655913
78716,0.04281126875118536
78717,2.7778009285038556
78718,1.0785355813323867
78719,3.784203871974941
78720,2.4136971561168403
78721,0.8969214429154312
78722,4.287041651768717
78723,0.7136511137606246
78724,0.9737887654094143
78725,0.24598751400275326
78726,0.13905931670304236
78727,1.2276224324953349
78728,0.4494036135322973
78729,1.7830248329752088
78730,0.5002561024135818
78731,0.7741492933231324
78732,0.7600559188757031
78733,0.9510442521303863
78734,0.2322719122697947
78735,0.1293364885152346
78736,0.7984201647092576
78737,0.4856915317244798
78738,1.8902468252716256
78739,0.38275114739965627
78740,1.0609261220013755
78741,1.6488827840433664
78742,2.3348678696703615
78743,0.7978497916019942
78744,2.465022828058599
78745,1.732780732865181
78746,0.6460686253611828
78747,1.5236912896462056
78748,0.36216466677657455
78749,1.4564290649235627
78750,0.9262194525381889
78751,0.4378631427883164
78752,0.5962722699782473
78753,0.12273901770729999
78754,1.1721216473340386
78755,0.24625466196393783
78756,1.1146224407746652
78757,2.6625669435709156
78758,0.13222227143961487
78759,0.5497530107752551
78760,1.4404548677833044
78761,2.8688896497422283
78762,0.5106642189524553
78763,0.44459482315545007
78764,0.7521697439987153
78765,1.6032861474038624
78766,0.7228096183781881
78767,0.5752665494239118
78768,0.32551058454965176
78769,1.0471681143699645
78770,1.4587230426100368
78771,0.27589822306121387
78772,1.4857255593263015
78773,2.9311011738608075
78774,0.16188063278517026
78775,2.939599020582431
78776,2.2012146675501545
78777,6.31820247769491
78778,4.034168482445316
78779,2.161661336272614
78780,0.3956879929548173
78781,0.6235500030030985
78782,0.5419832028126899
78783,2.7242312611364574
78784,1.064632759157888
78785,7.201991464738434
78786,0.5183106908380567
78787,0.1733047387558144
78788,0.08229544618827223
78789,1.1951161572144
78790,0.9118119231550307
78791,1.6781364954249993
78792,1.9741087127314418
78793,0.501844179008788
78794,0.21550866054592116
78795,2.149756324615051
78796,0.9114124124402734
78797,0.04583254233355341
78798,0.68918564634963
78799,0.23679958793219696
78800,0.6513344055300387
78801,0.5729571834939693
78802,0.8264855842935339
78803,1.4543017962777307
78804,0.7719648422016085
78805,1.0585683632993297
78806,1.276390866698562
78807,0.05271310917651507
78808,0.7820340475503282
78809,1.2214892904830363
78810,0.22859580912713495
78811,1.1849507972408038
78812,1.2887281333636877
78813,1.539107443601479
78814,0.9024427764357654
78815,0.27469014864387287
78816,2.8373884582940834
78817,1.2394907818679561
78818,7.75271383007099
78819,0.40294860107244096
78820,3.0500135872931913
78821,0.6487513429212403
78822,0.5923220645365784
78823,0.10368083047056134
78824,0.8198588435531176
78825,0.2938346506697869
78826,1.532195161831659
78827,0.16189069603855286
78828,1.1227109619499889
78829,1.5427716633387687
78830,0.3692090943139703
78831,0.06402541804425212
78832,0.35685275899278585
78833,0.7880469777266328
78834,0.9769451179887101
78835,0.12405153262711398
78836,0.4321222171604581
78837,0.9492409821148085
78838,3.1548841275420516
78839,0.8087829359791213
78840,8.232088819538998
78841,0.3523525896793254
78842,1.5621753437095567
78843,1.2955894455210415
78844,0.33636219858595073
78845,0.5537042117978672
78846,1.8412344326029106
78847,0.12713001879938954
78848,4.8022025537113056
78849,1.1651596530779171
78850,5.768032066226274
78851,1.3540119448974242
78852,0.8052240811242817
78853,0.5140236134129421
78854,0.7095633145043463
78855,2.9168082967606717
78856,0.35427472530855986
78857,2.439196407762319
78858,0.21455268368742075
78859,0.5496062093597287
78860,0.5736046066039561
78861,1.14565547766525
78862,3.223287268507347
78863,0.27093927953037666
78864,0.2752074711824327
78865,0.9453721392324601
78866,1.090835356784648
78867,2.6033178096987695
78868,1.2626528015627465
78869,0.17962280109722642
78870,4.212286880657216
78871,0.09095492427076428
78872,2.722003593273419
78873,0.22134122539078033
78874,1.308759918713132
78875,4.195739941666013
78876,1.7603563579259989
78877,3.090860852235861
78878,1.0567097318601195
78879,0.17458161575875505
78880,0.05557059764080023
78881,1.1059702230050403
78882,2.2397591525601612
78883,1.828010313841574
78884,1.194843041835544
78885,0.32022889133464594
78886,2.041912580787685
78887,0.1400081256424545
78888,0.5349418802371594
78889,0.04309571761818832
78890,1.1263767162623604
78891,0.26028104914716305
78892,2.558136772848436
78893,0.11053045349346963
78894,0.1861197155876274
78895,0.14737511254637198
78896,0.591582927884576
78897,1.1689357212981235
78898,1.3537846004441056
78899,4.790321690296305
78900,0.8624972945457989
78901,1.2448498270069248
78902,0.3130059765966206
78903,6.294617430872878
78904,0.1396674583437644
78905,1.3424022873520294
78906,0.11686402111379462
78907,1.0775334904256444
78908,0.6151803546708202
78909,0.4863904868688754
78910,0.09942597248066776
78911,0.44286944851684457
78912,3.4492922087525297
78913,12.91895660053412
78914,0.3860456153877153
78915,0.8187390285754419
78916,0.11185215411269807
78917,0.608890438625787
78918,0.07090692676286477
78919,1.8921088520488591
78920,0.6882920414235812
78921,0.9459887666410036
78922,1.2156166082500404
78923,3.1360357019544596
78924,1.2937546127324882
78925,0.3015768690024653
78926,2.9307987967121805
78927,0.4472167156399556
78928,0.08731571946295083
78929,0.12699477196647538
78930,0.8944971052813349
78931,0.8176351998358315
78932,0.5231691340353187
78933,0.9598579571743825
78934,0.5666018993420616
78935,3.5978447548101866
78936,0.13265395084358378
78937,0.13892431043468742
78938,0.7474471889346029
78939,0.36706200005904394
78940,3.8483403469463684
78941,1.7824673135656315
78942,0.08718676232431395
78943,1.8525304612516704
78944,1.1407488499975496
78945,0.4008503297564521
78946,0.7434584590599533
78947,2.0406819149883315
78948,12.826033760192756
78949,0.4285444233671037
78950,0.4091887636009949
78951,0.37756609950083825
78952,4.122652299566569
78953,0.40081585057661034
78954,6.433429472460721
78955,2.45819986835216
78956,0.38041455900474636
78957,2.116153333046922
78958,1.2331276560339193
78959,0.6411082239303394
78960,1.0199631894263153
78961,0.6333192672385142
78962,0.3749028643146272
78963,0.4502558356914736
78964,3.108486958927135
78965,1.3251139614673055
78966,0.35058526162293685
78967,0.26005778987273287
78968,0.2569368271473537
78969,0.09585469936448351
78970,0.16742997133809628
78971,0.4783155664429988
78972,1.608023997356788
78973,0.6688598266879628
78974,1.0719177735652423
78975,0.698140481809875
78976,0.7574231305750136
78977,1.4219610226067578
78978,0.3900073460778447
78979,1.7415007022658164
78980,0.9714960488988287
78981,1.7892839556029325
78982,0.0765288010522863
78983,0.7470093143175557
78984,0.7517529847920826
78985,0.12265569804737207
78986,3.780425769893169
78987,1.327126265090204
78988,0.18031989863907752
78989,0.3716106872292735
78990,0.14088302209076634
78991,1.5602103903389062
78992,0.4964902039502772
78993,1.3650854255318783
78994,0.9415121495278063
78995,3.616595068611596
78996,0.09085481072078279
78997,1.1705621671243576
78998,2.880401032583101
78999,1.06195451510118
79000,1.2437527532765928
79001,0.3213964709635532
79002,0.17013801800555536
79003,1.65491557313904
79004,0.18486764841411815
79005,1.2927567544340404
79006,1.4308214006794886
79007,1.3920949606042283
79008,1.5519767764766947
79009,0.23620496543499064
79010,8.229162886212514
79011,0.4090661465503238
79012,0.1258534622291102
79013,9.856376418014598
79014,2.3493525049427295
79015,0.9584019127971246
79016,0.6423805378108917
79017,0.9329883925547582
79018,2.0132448116553454
79019,0.8730964105041057
79020,0.07713350299379171
79021,2.6277725989213585
79022,0.5126177283895131
79023,0.49460278824712306
79024,0.758878066376555
79025,1.6194838843702026
79026,0.21978714858031778
79027,0.36141490059995196
79028,0.06546137042550618
79029,3.3588294698129224
79030,1.2724358929878588
79031,0.13047054795878824
79032,0.19106919986917204
79033,0.1346726729028479
79034,0.7406571126248037
79035,0.8701834294129064
79036,0.14017273370251543
79037,0.8959685769532597
79038,2.084434223428138
79039,0.5618558836415365
79040,1.9871853456433226
79041,0.7035007829819404
79042,1.753545261243713
79043,1.425960539288685
79044,0.24594718873691804
79045,0.20107773251030425
79046,0.10457131518306867
79047,2.2971636632943553
79048,0.17977515411775885
79049,0.5324860317695985
79050,0.17101391245864395
79051,0.17709220685355204
79052,2.7112604118382753
79053,0.5756879655654032
79054,0.885571670593961
79055,0.22960751890778444
79056,0.11943252268707771
79057,0.9630864525555102
79058,16.48685401345238
79059,0.22717970383915892
79060,0.6990051428344919
79061,0.806967207896898
79062,0.2893050001841161
79063,0.45483919072026174
79064,0.18160563672681984
79065,0.13210496190923965
79066,0.356177030997576
79067,2.0276052265292974
79068,1.644736633143929
79069,1.7517463290936548
79070,0.37537690014988734
79071,0.5670201129695962
79072,0.37580633229327437
79073,0.7742210532679813
79074,1.2092076282010895
79075,0.14611307623678818
79076,2.3799192406243845
79077,0.6213079365278011
79078,0.1885653275589272
79079,1.1929620252125652
79080,1.727875873349819
79081,1.1344446074223704
79082,1.2595002541197393
79083,0.7825342939149827
79084,4.6333611232132474
79085,1.4669629104257411
79086,0.27887895683804775
79087,3.367133623373126
79088,1.454738846590979
79089,0.9560939005544212
79090,4.5069754461219835
79091,0.24189901381115136
79092,0.13221240011989782
79093,1.5299167577550892
79094,1.5148104354369551
79095,2.07761313941539
79096,1.5602577165388123
79097,0.2946642765002663
79098,0.7983466099834965
79099,0.13862264079913525
79100,1.7908507153784246
79101,2.641101410279453
79102,4.624670094228419
79103,1.0660534827247226
79104,0.6281126338894664
79105,0.29052221954329405
79106,0.35293936041783747
79107,6.713162490952095
79108,0.9340738688078802
79109,3.0390376392233915
79110,0.9233239967129321
79111,1.5021116908689056
79112,0.5800445308469456
79113,0.08730349814170409
79114,0.06689426232641842
79115,2.953327895660316
79116,5.245114426688118
79117,0.5608925739237258
79118,1.0542331370076965
79119,2.528448405794743
79120,0.1369982973513345
79121,0.32811588793884194
79122,1.080560253924834
79123,0.7546871779882126
79124,0.7022572043204753
79125,0.26220998925961614
79126,0.27226542876595466
79127,2.4985686743338262
79128,0.3316582345241931
79129,0.24803353048325055
79130,2.2189717217559966
79131,0.6462552487013594
79132,0.2183972532239265
79133,0.09687504805814014
79134,0.05070411653392774
79135,0.5745690254531298
79136,0.07743078603094045
79137,0.05554960970451344
79138,1.9658195523977993
79139,4.520569986152118
79140,1.669563043130189
79141,1.3161940549456976
79142,0.3146064773205176
79143,0.2960611526886459
79144,0.3331156565717448
79145,0.14304019497914813
79146,1.0933075542288213
79147,1.1225455219297353
79148,0.19861085236684622
79149,1.2665443681752642
79150,1.5363028450432634
79151,1.4368067026774465
79152,1.4772683123445276
79153,2.6307359476878247
79154,0.4461272173172055
79155,0.5158722934970172
79156,3.390642419525359
79157,0.11398247086034936
79158,0.25714963204017033
79159,2.4004553996455518
79160,0.21224173111741532
79161,5.5393130771648895
79162,1.2500838285536269
79163,0.5455287777578554
79164,0.39791452945958544
79165,0.42482899358330717
79166,2.7422689802859663
79167,0.12315113317791446
79168,1.2393984434951268
79169,0.5909148328023442
79170,0.1843070378189718
79171,0.6478262885954518
79172,1.750431774414499
79173,0.8229097524588427
79174,0.19087024110343492
79175,0.7775184119823221
79176,0.12058812704148465
79177,0.664535346399608
79178,0.35787357563995964
79179,2.40002192575185
79180,0.1819908558212327
79181,1.0403730503422857
79182,0.429104635058853
79183,2.456265412615268
79184,0.6162376787274072
79185,0.8428627033003411
79186,0.960247651370252
79187,0.35884465932647563
79188,1.274923562747122
79189,0.8157874723579077
79190,0.9619834414915339
79191,0.6096480710518433
79192,0.27853739659545
79193,0.7281031839972102
79194,0.05327840742215798
79195,0.6948376797233013
79196,1.8138064348630163
79197,0.5432525737041003
79198,1.0180244353632326
79199,0.7696323372221893
79200,0.1639095383699029
79201,1.7909127112895906
79202,0.8122211774034542
79203,1.0167587615575324
79204,0.17325972513086507
79205,0.5021724083430892
79206,1.5492093175752963
79207,0.7051194796886516
79208,1.5723593007957175
79209,0.4029772873365107
79210,1.7700578350397012
79211,1.978331222742914
79212,0.08615181537346776
79213,0.24470185169938863
79214,1.5461417590504887
79215,0.8814415732437827
79216,1.672595177905433
79217,1.327987742204999
79218,0.34142223564538154
79219,1.7937848435089132
79220,0.2182732274901393
79221,0.8069103992944311
79222,2.2611565956764927
79223,1.42802484683024
79224,0.24072082238164427
79225,1.3486382499269383
79226,0.38562072149488624
79227,0.25153195585095256
79228,0.918366424100589
79229,0.43292019094057194
79230,0.3612401507897881
79231,2.277404171878263
79232,0.2185791181898831
79233,0.6600221065665667
79234,0.6864571375018694
79235,1.1506464678923773
79236,0.830243028836618
79237,0.3809910410296584
79238,1.9619553105574061
79239,0.50917583299444
79240,1.3413335656575953
79241,1.425436023860789
79242,0.34482102859161023
79243,1.3274530135676281
79244,0.24720856766958407
79245,5.299102855009559
79246,1.7169726793708224
79247,0.721552476108266
79248,2.190570680982987
79249,1.700101035407593
79250,0.3962485269475603
79251,4.074893016954822
79252,3.2219301653293795
79253,0.7595800365809418
79254,0.13259987660169947
79255,0.44480399989472913
79256,0.41009241379504496
79257,2.5861359753299307
79258,0.6455925222666511
79259,0.21954646199865752
79260,1.1978412633965003
79261,0.41729285545207795
79262,0.13101458308828884
79263,0.35170567170904904
79264,0.38394947981300126
79265,0.136146853684923
79266,2.9438194477099717
79267,0.8056927704742762
79268,0.44720789226167307
79269,0.36747375402565624
79270,0.9986460413980683
79271,0.7775750779592657
79272,1.7019042184493638
79273,1.0573337994035197
79274,0.26860981304517983
79275,0.2455752207174879
79276,0.381296696291136
79277,4.02002013678997
79278,0.5604504826868116
79279,10.108778650243437
79280,1.4657972714330834
79281,0.03324825018308367
79282,0.6175588285146005
79283,0.647135920770604
79284,0.19073120349835251
79285,0.5777686883035733
79286,0.6670230016988015
79287,0.2537942454452116
79288,2.096100369183123
79289,4.585448334568772
79290,0.2602468707837525
79291,0.8626821495561087
79292,0.9009232913262649
79293,0.5771525577204053
79294,3.564528558350509
79295,1.4999571296034933
79296,5.827826037541224
79297,4.745735001878646
79298,1.2790236438213565
79299,0.23487013867291157
79300,0.2706695649370082
79301,0.1419131789504546
79302,0.5896018769116022
79303,0.2854153086353653
79304,2.606242244967004
79305,0.3123329562103085
79306,0.24974586866802295
79307,0.22926579891504056
79308,0.2532188416138284
79309,0.05589947965291477
79310,1.6173710752639863
79311,1.602152682792979
79312,0.12793769006635777
79313,3.288531054871457
79314,1.294919484071638
79315,3.0805637112549102
79316,0.8401179781530209
79317,0.35360351506237325
79318,0.585033746067557
79319,1.804535608282656
79320,1.519482933097497
79321,0.3160730497297564
79322,2.3467329917606223
79323,10.516578403156647
79324,0.23262430876515888
79325,0.04044758646586571
79326,2.7873734479619436
79327,0.3588445274358635
79328,1.0766792928145872
79329,0.21350819014072536
79330,0.11933649217164093
79331,0.7628827901747741
79332,0.31402942709198534
79333,1.2225545659910986
79334,1.7514173273138733
79335,6.746128074065782
79336,0.9776094074680519
79337,4.941774178467342
79338,2.626506303816936
79339,0.6522124551361789
79340,0.23010931964294704
79341,3.1789100656209834
79342,0.5685981922467092
79343,2.4909298039452175
79344,1.5967791520772057
79345,5.244111148760751
79346,0.25177359804356075
79347,2.1295446200850994
79348,0.34621491109409797
79349,0.2030323588464214
79350,0.649735608553955
79351,0.07137181102311219
79352,0.5734210036840235
79353,0.8273820206877198
79354,2.5170842466925536
79355,0.187120418522915
79356,0.4175913352470533
79357,1.035265416548023
79358,0.9462209827525068
79359,0.04820795036620386
79360,0.18469960113142098
79361,1.9476324702119867
79362,0.3136364130347821
79363,0.08222687969089705
79364,6.865209133990249
79365,0.3693347948965849
79366,0.06967789383783174
79367,0.4594542134932563
79368,0.05267858339381746
79369,0.5078295869378238
79370,0.1539462264537323
79371,1.5758169126961787
79372,0.14011615308619807
79373,0.15484632924610472
79374,0.8073086634843274
79375,0.26695733736274485
79376,1.642995069587318
79377,0.23048602832466344
79378,1.50191598597323
79379,0.2303065988341914
79380,1.4068839964179762
79381,1.1021534685579462
79382,1.728537212207479
79383,0.5443820501539945
79384,1.7930687169172959
79385,1.1682144727743582
79386,1.5703965477018926
79387,0.2986620699949771
79388,0.08320106516242479
79389,1.1240869199093573
79390,1.5713011263333738
79391,1.3194487111361415
79392,1.7750186783693556
79393,0.7479140104215438
79394,1.1057280220746804
79395,0.7320969577681216
79396,0.9308344103764851
79397,4.109168741925897
79398,0.1564877444209132
79399,1.9249557799478836
79400,0.12476614516183958
79401,1.4355537020088516
79402,0.45814323903878196
79403,0.9685602915533904
79404,1.2521144838618312
79405,1.3745581687974753
79406,0.9369849821638613
79407,1.804094063997153
79408,0.624231534272142
79409,0.6567851997763404
79410,1.324526857632823
79411,0.3206359863888729
79412,0.8444077641023503
79413,0.8556703486482129
79414,0.875060573041533
79415,0.8428578833419376
79416,0.05147637935678014
79417,0.7951013412598826
79418,0.42230846593288524
79419,2.6264214997028574
79420,0.704629421543525
79421,2.3629775923330754
79422,1.1991803111178485
79423,1.6023928876643079
79424,1.9580975911899356
79425,0.7945134512011262
79426,0.5783256547741162
79427,0.20767664763360721
79428,0.2234706285154944
79429,0.7079430869995017
79430,0.8306748025415192
79431,0.048482703269329915
79432,0.9683896660101456
79433,12.822897736708883
79434,4.739224933826823
79435,1.0823740529683485
79436,0.2560802215162223
79437,0.34617150553674153
79438,1.4582024889929108
79439,1.3063441175791037
79440,1.3348749376296865
79441,0.7598102967676978
79442,2.6481855142823196
79443,0.19430388691954492
79444,1.8608873480475125
79445,0.9774644924145006
79446,2.2159824222829756
79447,0.658420749035662
79448,0.3759210418543655
79449,0.15772484189525393
79450,1.3348624932653523
79451,0.4739696140830327
79452,0.19267698810624542
79453,0.9502136588335192
79454,2.941553962405963
79455,2.8829629642144243
79456,0.17037292962617878
79457,0.24914600958230043
79458,0.775276265338547
79459,0.07632723318667305
79460,1.9028636637074992
79461,1.2473194751533576
79462,6.973745334208936
79463,0.48165472184913577
79464,1.833109326404259
79465,0.13313146825521846
79466,2.2522488139769448
79467,0.23121192321074877
79468,0.49975390285967636
79469,0.6022121716297635
79470,1.9022349346963285
79471,0.19738748062977365
79472,0.8576061965513864
79473,3.4275006074762286
79474,0.11186829957147887
79475,2.476827325784896
79476,0.21321527124326134
79477,2.436230178475447
79478,0.3204136268664096
79479,0.5119458857356335
79480,2.226655907409744
79481,1.6785689631510299
79482,1.0097927003076028
79483,0.06708973404941948
79484,2.6637312826808826
79485,0.5968418846248904
79486,0.2339376580735456
79487,0.2751905358031771
79488,0.24143141079016767
79489,0.9057431195408575
79490,0.40680771072493105
79491,0.19565440312347193
79492,1.2339582788116186
79493,0.09588235998892289
79494,1.142919519497035
79495,1.68276857049199
79496,3.285304255208308
79497,0.48804110279989504
79498,1.214049049043539
79499,0.0757245510683928
79500,1.4057071776217271
79501,0.8778013068706569
79502,0.6217782141291249
79503,0.4499607178008172
79504,4.497619058883196
79505,0.25399046089121413
79506,0.2749020729264581
79507,0.1467371464552903
79508,2.088299218439116
79509,1.306194468323241
79510,0.5880060119425087
79511,2.1710010562401343
79512,1.2598609029262682
79513,0.4164164847788199
79514,1.5872670128201716
79515,0.1892063160263053
79516,6.55019347205442
79517,1.2647071427178957
79518,22.043626949745367
79519,0.20960639611452525
79520,4.042000446872494
79521,1.4729707110659191
79522,1.6358323880276715
79523,0.38910922879187193
79524,1.717078830675426
79525,1.816469649464496
79526,0.4557681411205007
79527,0.08776190424054459
79528,0.3617521744866219
79529,1.6600206578582208
79530,0.20706192046675173
79531,0.8044014896329451
79532,0.12903697191432392
79533,1.8593747877364355
79534,0.4812070186339659
79535,0.8026970056797547
79536,6.4312332450812955
79537,2.784209603693073
79538,0.44974083018416966
79539,2.4220720048790794
79540,1.336998535546139
79541,0.14882552764617685
79542,0.17032350501235086
79543,0.14076568563070055
79544,0.4182957350599845
79545,1.9726369632181724
79546,1.0165802227206737
79547,3.6285480418387186
79548,3.1113765649097567
79549,2.1813515091351716
79550,0.3973167055792505
79551,0.5298358621517063
79552,0.21513064427882986
79553,3.5237572737182967
79554,1.1200539074736804
79555,0.543780489343872
79556,0.4577706251009708
79557,0.7539551196308938
79558,1.95967253543213
79559,1.1213272570524033
79560,0.974046036809292
79561,1.7970621947646435
79562,1.3789080542155518
79563,0.11075663601022234
79564,1.0064738162153803
79565,0.5545727140718248
79566,2.9251076180741573
79567,1.2208135151020785
79568,0.8532158615187064
79569,2.3432038898630907
79570,0.2665300110235376
79571,0.6930100938604352
79572,2.8875278711169337
79573,2.070116085702028
79574,1.6287264868164504
79575,8.482263027978867
79576,0.37643743649587996
79577,0.9355240043626503
79578,2.9221332471853256
79579,0.8712807919657028
79580,1.3983327231484892
79581,0.20989405358114183
79582,0.2643444749662242
79583,0.0774088691259167
79584,1.7495439143150826
79585,0.42971893553001894
79586,0.25803942834661003
79587,0.4045368341496988
79588,2.8388085818321773
79589,1.2684509871891376
79590,0.6640904942373846
79591,2.4836433336579087
79592,0.9341263186199469
79593,0.5291746786824435
79594,0.05747714788019028
79595,4.499588567921434
79596,0.4282396182108727
79597,0.4912774083432912
79598,2.245011717552689
79599,1.1348123135293409
79600,0.16356014669496247
79601,7.853363857956539
79602,0.46784010193110925
79603,0.7722499643095668
79604,1.589484812383527
79605,1.3394065979195493
79606,0.8254434555926959
79607,0.07824732721688629
79608,0.5124510172659331
79609,2.110669588710029
79610,0.42370407142800365
79611,5.318763914157742
79612,1.9660663414665875
79613,0.5141500694359094
79614,0.28627570923843004
79615,1.795296944480564
79616,0.4037488029204483
79617,0.4714811053207235
79618,2.5008698431367113
79619,0.13638468806901793
79620,1.3658667918647358
79621,0.28342890001221954
79622,0.6925949227565852
79623,0.665342501803144
79624,1.7116796925944497
79625,3.051801986347233
79626,1.5895922525258195
79627,3.0353874970031534
79628,0.6277439423189316
79629,0.08159837887655165
79630,0.1381924044958363
79631,0.19907516315218263
79632,1.8213681069766365
79633,0.12192015945835954
79634,0.42625942214717993
79635,0.2554998443694222
79636,0.46732804906363223
79637,3.8975272797762357
79638,0.502858648529139
79639,0.8788453534330651
79640,0.51426922966459
79641,0.6375149428158108
79642,0.5129509454193414
79643,5.76227106752063
79644,0.03974064743288163
79645,0.48702771288612423
79646,2.6883310067898383
79647,0.24678165553948908
79648,0.4468991380973697
79649,0.3931052739477075
79650,1.4215117884456345
79651,0.2034948721886889
79652,2.408358222559521
79653,1.5982921843081868
79654,0.398523138415288
79655,2.5783204822943477
79656,0.9127281227243719
79657,2.299419817412302
79658,0.3823407723882208
79659,0.7695604600580607
79660,0.07426601040762132
79661,0.8823179368862943
79662,1.6337474831850267
79663,0.5839964575748259
79664,0.5115118445175973
79665,1.1385413425948085
79666,9.942418723853004
79667,0.5618304604492849
79668,0.67581214560026
79669,18.760478138120188
79670,0.2195240644619642
79671,0.6261579935761145
79672,1.9199938065690814
79673,0.5972089252913144
79674,1.862291925290154
79675,0.45882188433069
79676,0.8423475280569546
79677,0.3947900674869462
79678,5.757045839770603
79679,0.9720889819067506
79680,6.476074849461505
79681,0.3535527027608098
79682,1.2518891511559251
79683,0.7677604991713822
79684,0.994138002827615
79685,1.678342392251633
79686,0.7667651062668647
79687,2.8718382171299432
79688,1.9395796080646583
79689,0.515911382407459
79690,1.8151157159987732
79691,0.9476755245900663
79692,4.695297213052832
79693,0.5475307712917036
79694,0.8254886040595945
79695,0.07683466848396857
79696,1.567433016999165
79697,1.557090254134699
79698,0.7021318870384111
79699,1.2688151386263395
79700,1.5307349890398079
79701,0.2443756231470068
79702,0.2451752237039924
79703,0.5836292796773469
79704,0.5675200821172519
79705,0.2641528857951255
79706,0.47748986029853013
79707,0.48409657600236167
79708,0.2914478289803119
79709,2.514532192727474
79710,12.403410495673187
79711,1.107832459673231
79712,2.2894384495463105
79713,3.181088121651977
79714,1.26265891732243
79715,1.8386529490728574
79716,0.5563993095570631
79717,0.7362166391621855
79718,0.26205208159332305
79719,5.931180417767036
79720,0.31020120414566416
79721,0.573131448971364
79722,1.3710410799875807
79723,2.3053882036930413
79724,0.21645843706692616
79725,0.11311556057912076
79726,1.967467303715741
79727,0.9321565656271024
79728,0.24650177605883516
79729,0.9333835923272974
79730,1.6112326726005481
79731,1.0295505140923245
79732,0.5009195564338045
79733,0.327150824931161
79734,0.09097654510893124
79735,0.3258017504587977
79736,2.1516611932619187
79737,0.8334526000017919
79738,6.106842714836055
79739,2.441084521493674
79740,4.028570132178611
79741,0.05766232239524119
79742,2.0655704140174973
79743,1.4340685499371526
79744,0.07677876687363555
79745,0.7929433049454825
79746,0.3126258319140632
79747,1.1235592807957977
79748,1.309507811673776
79749,3.002815669790259
79750,0.2266744886550568
79751,0.32030705043585883
79752,0.065523029279629
79753,0.5020458867861803
79754,0.6964591083946455
79755,0.07061943652477992
79756,0.0846701322742709
79757,1.0423631553953183
79758,0.7519539073871302
79759,1.4159410888461852
79760,0.3809863245977374
79761,0.07958268508059889
79762,0.25912607641125035
79763,2.0769618845632105
79764,0.299021133829001
79765,0.8504823628248851
79766,1.7455501036039816
79767,2.5923219652880616
79768,0.1713501629110099
79769,0.5961512363157235
79770,2.513365708249037
79771,0.7519258044151775
79772,1.4899652876717464
79773,0.0992457469696462
79774,0.7733137966562897
79775,0.31661819645169914
79776,7.368105822550015
79777,4.100844896776649
79778,0.6067563129483436
79779,0.28735402200335913
79780,0.06716636196929977
79781,1.0666527466846465
79782,1.1338782686992044
79783,1.9555807493850197
79784,0.5606567265526053
79785,1.4403220237167056
79786,4.26273824034735
79787,0.4597197587609012
79788,0.5987223715090566
79789,0.5490306465249694
79790,0.7335770196723617
79791,1.2884744416498826
79792,0.08074888522084947
79793,0.6656814953831691
79794,0.09076165380846188
79795,3.1417765381166274
79796,0.07017853381847043
79797,0.5237822620183114
79798,0.7317730596433825
79799,0.5064622335424732
79800,1.0253927222775876
79801,1.02455625545007
79802,2.933850717393102
79803,0.06732497686288519
79804,0.23299595039048174
79805,1.297886955876258
79806,0.8442169800668413
79807,0.6659607426094302
79808,2.7006536894263204
79809,0.20496364309272588
79810,0.36475085584472977
79811,0.6249207571005049
79812,0.3218685992409507
79813,0.11752715520148466
79814,0.18498664517580407
79815,1.2222933958283742
79816,1.537338401105223
79817,1.8777130387927137
79818,2.767275708245583
79819,0.723045765894896
79820,0.7702144655873211
79821,1.7358186060923742
79822,0.08545519025487948
79823,2.6830076309953292
79824,1.052684589990788
79825,2.4050756152459396
79826,4.739391537561836
79827,4.606435360946478
79828,0.38914366014225993
79829,0.351772495030473
79830,0.4327967232073301
79831,0.33913901044931255
79832,0.046077868808695896
79833,1.177909539430421
79834,2.382794880600255
79835,0.06641418513943434
79836,0.30183449325260264
79837,1.2771389794338
79838,1.6761706116340445
79839,1.907973677298517
79840,0.6261270999342978
79841,1.5032535626155143
79842,4.551333050138701
79843,0.09691568155531859
79844,0.4387319889464993
79845,0.38755175996630264
79846,0.30792906388420466
79847,0.5897944373316482
79848,1.9354737888649762
79849,0.19335313703684887
79850,1.8371121719880181
79851,0.8676699182740705
79852,1.0772439621845964
79853,5.012980614595712
79854,1.791301827194773
79855,3.047920123221634
79856,0.947619064917366
79857,1.1089874591096551
79858,1.3693173878476408
79859,0.07453907473708461
79860,0.49216279530629
79861,1.1605699146576445
79862,0.6584493256259172
79863,1.9926268707553254
79864,0.8393630457307538
79865,3.210066636085499
79866,0.36630432487424913
79867,0.6708377982603786
79868,0.7069885783545221
79869,0.22624201668090332
79870,12.419105450330507
79871,0.20744519454659077
79872,1.1016743332264434
79873,0.9676602520204053
79874,0.29592538652293837
79875,1.4718464657311974
79876,4.008021196529093
79877,1.1051400928501833
79878,1.130705312561385
79879,0.6272677319767019
79880,1.004639888712178
79881,1.8874423079181932
79882,3.287343351455163
79883,0.48831596801137994
79884,2.735360972269575
79885,0.965194505329872
79886,0.10751326395184495
79887,1.3786779093502932
79888,0.3349436072969221
79889,0.37100166206193586
79890,1.6053658839662743
79891,0.7471233887139703
79892,0.4041776171354465
79893,2.7829918993686236
79894,0.17440112691185167
79895,0.42104988941186483
79896,0.38698340986828395
79897,2.089755885975632
79898,0.05463805316158837
79899,1.3305577563063862
79900,0.5888630715068319
79901,1.4669616603263986
79902,0.6813805470181764
79903,0.6650998403360996
79904,0.6329167649847766
79905,2.374802033365218
79906,0.6779863801167004
79907,0.1885843068937714
79908,0.3608652517386741
79909,0.7965377713950431
79910,0.1727955156811123
79911,1.4734954318786349
79912,0.26152184414862706
79913,0.5588925273044831
79914,0.8534987761011459
79915,1.1324872947700653
79916,0.5937964748194094
79917,0.7300137148920223
79918,0.12959161259062488
79919,2.6729667434937334
79920,0.9669732980983747
79921,1.0951741668475132
79922,2.6727806429428966
79923,0.05819501027463109
79924,0.43680620143713444
79925,1.8549548972016623
79926,1.1734447329294624
79927,3.2986697836494967
79928,0.15123514497446375
79929,2.302267572881557
79930,0.01967791969660175
79931,0.05167814069462078
79932,0.3317959038251227
79933,0.680774347918712
79934,0.8235518628079912
79935,2.298114281082142
79936,1.6511679889357067
79937,4.907709927032915
79938,2.846241000170253
79939,3.5729445663579837
79940,2.470090233984106
79941,0.9913875118631622
79942,1.128288405168652
79943,0.18155012054779127
79944,0.9618431890307658
79945,0.3389076442522663
79946,2.4535821994573457
79947,1.3938572065871817
79948,0.14524990800325516
79949,0.1420009854914894
79950,0.6301822706289957
79951,0.815583544454902
79952,0.11543671920357569
79953,0.45901545693598605
79954,0.20055563327166656
79955,1.9543216614071044
79956,0.8633146049249762
79957,0.24931880086350078
79958,1.590426919723705
79959,0.8171423898800191
79960,1.2897915938007496
79961,4.505460688147416
79962,2.4531453142321125
79963,2.246979704739825
79964,1.2188715837803326
79965,0.20489447722638582
79966,1.1812440366119197
79967,0.22887226421334503
79968,0.3473588102062294
79969,0.6097355943854557
79970,1.446896357174937
79971,1.6523595504077717
79972,0.21021226396848738
79973,4.8698238150322055
79974,0.166877532643416
79975,0.32199816316626084
79976,0.327930066003997
79977,2.9501309488708056
79978,0.417809928758956
79979,18.585331779693398
79980,0.4276762942408652
79981,0.6778952599197583
79982,0.5465892094603378
79983,0.294532689143057
79984,2.1774973061479264
79985,1.0236135406348992
79986,0.15739735536226476
79987,1.375554353186734
79988,0.42675821029610816
79989,66.88702337052027
79990,0.17058554839129997
79991,0.21508976889675516
79992,4.885211893791142
79993,0.8176679990873649
79994,1.63424001509216
79995,0.41645237382465394
79996,0.2868281644715696
79997,0.15684890102533636
79998,0.6285787140112913
79999,0.2148856721813115
80000,1.1395592287884706
80001,0.7136459598040382
80002,0.7727727289007494
80003,2.094265685066632
80004,2.000813954480302
80005,0.2014888553530127
80006,4.952217142140379
80007,0.3094601998764957
80008,0.4637187745288293
80009,0.45009094387074544
80010,0.04538542668990667
80011,0.5968807833616465
80012,0.5437649998076916
80013,0.6353810056254333
80014,0.630050395272098
80015,0.10812006392427674
80016,0.5449541462352586
80017,2.7340320874352284
80018,1.7782447463771596
80019,0.5561223194426458
80020,0.9130122518628598
80021,5.2876629289000805
80022,1.1676212221945816
80023,0.19481352536641808
80024,1.9359172404500113
80025,0.4769201782425082
80026,1.939045551615881
80027,0.6725371493118565
80028,0.904218613674221
80029,3.6849562793716557
80030,0.1171774683834597
80031,2.604129467068407
80032,3.4192419839822206
80033,0.9896764091161478
80034,0.3562305595296779
80035,0.7437161708725541
80036,0.14005127325505706
80037,1.9434279526212066
80038,0.4616078806758007
80039,1.0989632478627003
80040,0.27039793730472017
80041,1.1554180457875414
80042,1.883238931363615
80043,0.6433471954801482
80044,0.08132452396795257
80045,0.1092644054166605
80046,0.41989561842847084
80047,0.5550599229793501
80048,0.3637599470186446
80049,1.4020270418446072
80050,2.136907342126621
80051,7.589398383252211
80052,3.0086495889565725
80053,2.2797994291895574
80054,0.4976233712982592
80055,1.1195305713470032
80056,1.7978729602271368
80057,0.12977897092968696
80058,1.4493755770514354
80059,1.7393654881360197
80060,0.7648357119256896
80061,0.3549116745150021
80062,0.39760190586488314
80063,1.5779631913351329
80064,0.12432203235439182
80065,0.4256670537550196
80066,2.2621044901428125
80067,0.18834357062043897
80068,2.483599502510567
80069,1.346995982557161
80070,0.4379400109527305
80071,0.8054341379323939
80072,3.349085632094326
80073,0.19808254598289307
80074,4.091352140424953
80075,5.814419403867982
80076,0.5192684134843587
80077,0.1956965500243349
80078,0.04899269110903725
80079,3.0149696222974574
80080,1.123438711283831
80081,0.11582552781669934
80082,4.371620840426102
80083,0.4948145377109183
80084,0.11886794923469991
80085,1.4494318981707157
80086,0.12676955002130977
80087,1.7358307522454277
80088,0.6369740297266555
80089,0.11668257348312013
80090,1.3938886911269055
80091,0.8755971122985342
80092,0.2183459703674678
80093,0.34556904081915496
80094,1.8290918981631612
80095,2.116636711276469
80096,3.0171527564859457
80097,0.7796601843921708
80098,0.3376094264752225
80099,0.6392442754249704
80100,0.16427125380544005
80101,0.7176321583838732
80102,3.1360330128494978
80103,1.722212921255451
80104,0.2529431302733377
80105,0.6401800632654444
80106,0.12463080118107037
80107,3.726888637769813
80108,0.9251137830018112
80109,0.39437886374664616
80110,0.27414575738063873
80111,0.8437586392204
80112,0.6213793821672332
80113,0.1593863347284772
80114,5.916427260597193
80115,1.1898049121692507
80116,4.711466790478483
80117,2.0458104866945765
80118,1.1834056106306723
80119,2.585178168162364
80120,1.785616153303301
80121,0.6035066418491629
80122,1.9022997635558068
80123,0.38407456222666164
80124,0.15751516018448086
80125,1.557050822861253
80126,0.1990119728446101
80127,0.256225420878378
80128,0.3229012441174703
80129,0.7382755428026122
80130,1.146908719130929
80131,0.6069219593026006
80132,0.7912580565001464
80133,4.070162279851989
80134,0.21385265485827706
80135,0.14843298262817278
80136,0.16414465113925863
80137,1.5791169651357935
80138,1.687196581988337
80139,1.6754346845432817
80140,2.61640985738822
80141,1.5442957411243539
80142,0.7891021788500171
80143,5.421471404033657
80144,0.11090786312844841
80145,1.031024249995428
80146,1.134928207402186
80147,0.5608090177197174
80148,1.8193007509578474
80149,1.5144511816894906
80150,0.4122412652412754
80151,3.3838761588197244
80152,0.5533891631465581
80153,1.3497812739343895
80154,0.338983692895353
80155,4.898613182219959
80156,0.5203049076193433
80157,0.28386860844558265
80158,1.0841731210185552
80159,0.5266612212391698
80160,0.21129471718356863
80161,6.267101729956622
80162,0.15152519960503313
80163,0.2278874346559821
80164,2.709967901888185
80165,0.12670104526628703
80166,0.24723637579871194
80167,0.3454375417323074
80168,3.4319603863561925
80169,0.4717365347924326
80170,0.3832064832959582
80171,1.352588701814962
80172,3.0033303971420304
80173,0.8867018518342508
80174,1.2168593193619388
80175,12.941083749599011
80176,2.5375244343105345
80177,1.2516635397370002
80178,0.7764892191497481
80179,0.5503779005392604
80180,2.1376647428312157
80181,0.6951804435393433
80182,0.6202570645466219
80183,3.0397836530335636
80184,1.1071452655613652
80185,2.912958333213932
80186,0.8437238891195693
80187,2.544216298678144
80188,2.6679010947240083
80189,0.2954942669279538
80190,0.18134341749860375
80191,0.41318691741641445
80192,0.5902384224237727
80193,0.6184316078223946
80194,0.16982969294887987
80195,3.2808877769411184
80196,0.16941427104302423
80197,0.3707704826209307
80198,1.2333194440824082
80199,0.12697366653586512
80200,10.457937448967153
80201,0.13022628475205897
80202,0.1641399299992283
80203,1.412267583157271
80204,0.43724859923014786
80205,0.5841282891041573
80206,0.21836636953343688
80207,0.7164561288472158
80208,1.0117519209533916
80209,0.6167432553010332
80210,4.437359391537493
80211,0.32671614793496084
80212,0.0842834899189478
80213,0.24249779241017164
80214,0.4827524875100183
80215,0.8512182049261876
80216,0.1015184388591304
80217,0.1354624301127203
80218,0.7114540946720417
80219,1.582896377650365
80220,2.975449204061603
80221,1.427846198276117
80222,0.3813205812695672
80223,0.35593629437247803
80224,0.22747283144850677
80225,5.043115384832563
80226,0.566965682089897
80227,1.2227618133029317
80228,3.030636599510137
80229,2.1188317690130507
80230,1.4698523983656444
80231,2.047586076567343
80232,1.3172003713570686
80233,0.3347705872719845
80234,10.10309024716295
80235,0.6948920260014403
80236,1.2651677071226988
80237,1.4269920063793218
80238,0.9970369917241955
80239,0.6629879637488797
80240,0.3260893075239148
80241,1.206645395327772
80242,5.211039875507883
80243,3.0844070132812016
80244,1.1315869104928409
80245,0.14694131974952962
80246,0.8759671522981713
80247,0.09383456347367654
80248,1.7691593936800305
80249,0.18003551256964878
80250,0.8581322953665821
80251,0.9481542566029828
80252,1.7779143537467765
80253,1.0748951217021836
80254,0.09264051954389776
80255,0.45189095334774737
80256,0.6804407494834191
80257,1.2346675920392944
80258,3.402884862538425
80259,0.4226350060989515
80260,0.5918589356503026
80261,0.46741637100986055
80262,7.230836368148304
80263,0.4047773694853347
80264,1.8988201115776346
80265,0.2230543634033155
80266,4.119675926696912
80267,2.2251247046936364
80268,1.683374272428568
80269,0.4472426115578555
80270,0.6602403278554176
80271,1.1895744894231879
80272,0.4441390788404191
80273,4.4105801508903975
80274,0.3077537358595566
80275,1.169325939975918
80276,2.101367656954188
80277,0.04702906642277653
80278,0.276536888057506
80279,1.2539524949325218
80280,0.18554178021915585
80281,0.04510515410154101
80282,2.0732497119223443
80283,0.12542885919859345
80284,0.6506346521843765
80285,0.32968243987227863
80286,0.11583269283686264
80287,0.8225323190771168
80288,1.1685668737357262
80289,0.7673504883216644
80290,1.6807859078392076
80291,1.763995910501631
80292,2.294108771796891
80293,0.5569548767155182
80294,1.8310846023141294
80295,0.6742434405098833
80296,16.17488782027469
80297,1.5644519300909032
80298,0.6040581314719818
80299,3.618918005866948
80300,2.8604334986391917
80301,0.09465082920548624
80302,0.6098090840436422
80303,0.2752062805313769
80304,1.4002091505075507
80305,0.8058688394814497
80306,0.19948121052396292
80307,4.033286173664902
80308,21.018138672437058
80309,0.6905440222696296
80310,3.7115224976737755
80311,0.24812031491591116
80312,0.5043704817557484
80313,0.25648719638986417
80314,0.5597204640579195
80315,0.6389196019920426
80316,1.0181484019305662
80317,0.18045906744994045
80318,0.21613239966356407
80319,0.32072270757175425
80320,0.21161803676235846
80321,0.7838589172934909
80322,0.2648639521963201
80323,0.3737066328159433
80324,2.7127279329045484
80325,0.7185024173604954
80326,0.4920880757510605
80327,0.23330349828768854
80328,0.59063080065956
80329,3.5872192334163064
80330,0.16419606681354357
80331,0.29457179103024816
80332,0.13493942997910258
80333,0.11235772313837164
80334,0.10864497171585216
80335,0.6641096838748075
80336,0.5373349920987537
80337,2.356015978948765
80338,1.0484511984686469
80339,2.6801325052159526
80340,0.9969464321906472
80341,0.4950240229247243
80342,1.0723246412763576
80343,3.9567522989905117
80344,0.08203371864853898
80345,0.5371602919414172
80346,0.7848151308558744
80347,0.5157349109941495
80348,8.798932832594474
80349,0.16298377138550899
80350,1.1015683273382433
80351,0.7082686682943758
80352,16.125349427845723
80353,8.377769986891085
80354,0.31344766214308234
80355,0.1343967848382307
80356,0.2817059125868088
80357,0.22047062984396404
80358,2.103986103041203
80359,0.998335093313435
80360,1.1237945389307735
80361,0.09074434773499795
80362,0.6156768181735702
80363,0.3482466445993854
80364,0.16413216164469457
80365,0.9892490787414224
80366,0.11895834500180376
80367,0.13573905159106225
80368,1.4110391611566848
80369,0.5369230920508509
80370,0.0700611660128788
80371,0.05993574388992778
80372,1.287251537850095
80373,0.8194134112164855
80374,0.11711025905035531
80375,0.3976087426649616
80376,1.591774565953472
80377,1.902060390423683
80378,0.7031774810954267
80379,0.8610835882403188
80380,2.202592741809729
80381,0.4373623879766466
80382,0.08707318772276158
80383,1.0033804458264157
80384,0.14695941439875684
80385,0.6371790296619116
80386,0.07234465255121432
80387,2.1391067746858625
80388,0.20372370169929888
80389,0.7057805726397426
80390,1.6318359657446382
80391,5.032858215374238
80392,4.058569946658164
80393,0.318615215866009
80394,1.3879101996062506
80395,1.709131716577561
80396,0.5246368945331062
80397,0.7018437839963739
80398,0.06753548383056138
80399,0.3159178358683669
80400,0.2687089788191287
80401,0.7418046681907682
80402,0.15166667958112479
80403,0.642792232935918
80404,0.31562554532558285
80405,0.7403658512519729
80406,0.07911002643644385
80407,1.106023808128163
80408,0.8184621780047906
80409,0.701276721687042
80410,0.7701563430941569
80411,0.6577770575757769
80412,3.23706768508959
80413,0.27509093698660053
80414,0.08903657141873852
80415,7.076653772786932
80416,0.7328719554380235
80417,2.1182975342122927
80418,0.3186967766266854
80419,0.39705414799599986
80420,0.4186925580720164
80421,7.269895870885956
80422,1.1619274856549768
80423,2.2493064960225357
80424,1.7747586706370166
80425,0.09290920001671021
80426,0.1062717621430747
80427,0.09690677075299667
80428,0.4130446160388039
80429,1.429098978521331
80430,0.23319968301050803
80431,0.3029014056529632
80432,2.4878784939098195
80433,0.8784812409438514
80434,0.4307544627082489
80435,2.061574056546741
80436,0.8572126876080767
80437,2.7506778092055453
80438,0.6840897979387801
80439,0.31306379008493024
80440,1.399944150238014
80441,0.1436281616341042
80442,0.12093696687182381
80443,2.570121940158231
80444,1.574597650023643
80445,1.1541678171875427
80446,1.113794505132238
80447,0.21049945246621307
80448,0.8133948100203215
80449,2.7655213956504134
80450,0.47348643947025265
80451,0.4072474611046477
80452,0.15550847903169931
80453,0.5915277813558307
80454,1.0998386579529404
80455,0.9499646260683017
80456,0.2746872597673292
80457,0.41403122718338914
80458,0.3747067764921769
80459,0.20548021594891852
80460,4.745823024052503
80461,0.13833690968038162
80462,8.072248865843221
80463,0.7749326570249219
80464,0.2480980517060092
80465,0.5606897052825336
80466,0.5812759820518583
80467,0.6338563823097858
80468,0.18511782624900192
80469,0.09623312189729674
80470,3.0188707703252975
80471,1.6335880909375964
80472,1.59914912901935
80473,0.08751244086684799
80474,1.5654998784269174
80475,0.3649058870220385
80476,0.2764120833516667
80477,3.496416066088839
80478,0.30785755407617343
80479,0.2697471941742051
80480,0.8426746831949085
80481,1.4319341622887363
80482,0.8062333219908542
80483,2.9308334388386337
80484,0.03621927906095238
80485,1.08327341700865
80486,1.4613223359479288
80487,0.08816083700417311
80488,1.4589008018305691
80489,0.26022978728628093
80490,0.2690981641235371
80491,4.2985210764171216
80492,1.6564770281744892
80493,0.7165642178157204
80494,0.07157076257966835
80495,0.26848445551687755
80496,1.014589166258552
80497,2.080076402423052
80498,4.286050412860406
80499,1.1280003692174947
80500,0.1989169109204723
80501,1.5748783844202974
80502,0.26120371018343386
80503,0.2703005361174647
80504,1.1262495345147785
80505,0.7434505473616486
80506,2.500131133155377
80507,0.5296573659204853
80508,0.9918818030232144
80509,0.6931713325604749
80510,0.24514949577194942
80511,0.2963774431130774
80512,0.28501831354952173
80513,1.221894478046832
80514,0.5986747149823435
80515,0.5916061856724588
80516,0.1296336906383671
80517,0.566488309686831
80518,0.3645187643751816
80519,3.0455981311950096
80520,1.1455830200434014
80521,1.680897097993199
80522,0.6723199135148173
80523,2.2993259270601936
80524,0.2947254525318505
80525,2.90826225364097
80526,0.3308385859999233
80527,0.6646008508086086
80528,4.185222820022473
80529,1.854259028637622
80530,0.3940461206267705
80531,0.2016446352741476
80532,2.0097588594542977
80533,0.49138586721563693
80534,10.096683453242367
80535,1.0463534960677028
80536,0.21994187078632907
80537,1.9399760275896676
80538,0.14016816604718502
80539,0.854811743745697
80540,2.7678522775030374
80541,0.7715854125618204
80542,1.4624285289359569
80543,3.382628499254623
80544,0.13778143393494705
80545,2.454896978591518
80546,0.18949630840024828
80547,0.9932353106985125
80548,1.605157861699288
80549,0.6576779223789675
80550,0.5232723476074627
80551,0.5026988699594201
80552,3.7364809417040936
80553,0.16321009693478486
80554,0.5225417937312166
80555,2.8435165254288313
80556,0.6721590019126603
80557,0.2931219403111895
80558,1.965939516948064
80559,0.26763833703773443
80560,0.12309876649156677
80561,0.5983669011284659
80562,0.6642776050118204
80563,2.892916330945252
80564,2.0500267289232204
80565,0.2966800019664672
80566,0.263529922931552
80567,0.14473875369084727
80568,0.4722359005184269
80569,0.5153949778656745
80570,0.9549938537552042
80571,1.3234638391285254
80572,0.8676101553984741
80573,0.9976910848776157
80574,18.188993547143358
80575,1.1989198402564911
80576,0.5648827092193309
80577,0.07796343876314417
80578,6.3740565395405495
80579,0.8684879468178464
80580,1.5616021904408013
80581,0.6871764043045869
80582,0.1047832386756514
80583,0.8476142998703068
80584,2.7900634614515987
80585,1.1853678117529247
80586,0.11131952612155498
80587,2.5016402253477352
80588,1.027385537534414
80589,1.4892336508163995
80590,0.10587881705560782
80591,1.2755300075069282
80592,0.8321181530461556
80593,4.388494140917082
80594,0.4785731106002863
80595,0.30491997895889306
80596,0.756622759324523
80597,0.5602061407582176
80598,4.6659065606052765
80599,3.1584090212255767
80600,0.5181628177809866
80601,1.5867771687245502
80602,0.28004928546114727
80603,1.0916099170281273
80604,0.16890838447363493
80605,1.2174376639047262
80606,0.4936407172962517
80607,1.075732274228594
80608,0.8843458408219128
80609,1.676327284929406
80610,7.3561869739204155
80611,0.22314607122788296
80612,0.0958921379019151
80613,1.1159139974617522
80614,3.6911239853859685
80615,0.9585925645709295
80616,0.6773263914296709
80617,1.646711752383776
80618,0.19135095518702225
80619,0.7368994342539738
80620,0.04582204992693626
80621,0.9228742304898389
80622,2.8064258640348747
80623,2.074061102207638
80624,0.971414973577045
80625,1.9574652404237058
80626,0.9943103580696792
80627,0.8579205809704336
80628,1.2555340884331154
80629,0.989656661264937
80630,1.004184313957291
80631,0.8096997072254477
80632,3.4636291823592678
80633,0.48497624560791125
80634,0.5036327677319982
80635,0.24594935540717816
80636,1.788383869030377
80637,0.5387612756930629
80638,1.6985624509782948
80639,1.2407071177650262
80640,0.9535212131588735
80641,1.271698598727294
80642,0.5687345642084575
80643,0.18486793510340613
80644,0.48663988886092147
80645,1.5049839220513148
80646,2.6247639325951932
80647,2.1204755028265003
80648,0.13600019737884944
80649,0.46391281221860103
80650,6.806043355759859
80651,0.5438931773785562
80652,0.48732281496026647
80653,1.0178202203270945
80654,1.033233679011688
80655,1.3784786234482564
80656,2.8257484603374685
80657,0.8257689028714051
80658,0.5249393864283415
80659,1.7321173414848507
80660,1.2219816054308785
80661,0.18426102392690583
80662,0.3853000511784884
80663,1.329795593319451
80664,6.41904744123367
80665,0.6592776549128594
80666,0.6031090455600572
80667,1.4703556862478162
80668,0.19164467504880708
80669,0.6400319013959445
80670,1.063469620323819
80671,2.229544348198107
80672,0.45477457868116267
80673,2.049000639138696
80674,5.265710492219532
80675,0.5546101707844014
80676,3.1957336388423903
80677,4.965199997239935
80678,3.1265812755116773
80679,1.263237425532215
80680,0.5408112719272572
80681,3.1346304776855827
80682,1.7428577167262098
80683,2.751793676627594
80684,3.1918887871953223
80685,0.6873150817355913
80686,2.3090101727578682
80687,0.7989884256439748
80688,1.002945953788264
80689,0.05249740841245952
80690,0.7644039701887821
80691,0.38324301439458275
80692,0.21330750584979252
80693,2.8923074817489702
80694,0.061625362294222975
80695,0.24319272335904174
80696,2.770255559929604
80697,1.2702848732553458
80698,1.51415241995858
80699,0.46397865957945444
80700,0.10777098969494361
80701,13.5809194042832
80702,0.29392719137367973
80703,1.8272714655924571
80704,0.2784558715512378
80705,0.9713501318705648
80706,4.215169953424749
80707,0.3523336595608415
80708,1.306111383777463
80709,0.7139278952591458
80710,1.2537376158976108
80711,1.4544893675006083
80712,1.285842447652776
80713,0.6244386212654565
80714,0.5322942354649423
80715,1.1308988141157434
80716,0.23508896148081523
80717,1.5026833669423982
80718,1.7253374758919924
80719,3.616500847862099
80720,1.1920105958320055
80721,0.8230081936111883
80722,3.072587604096613
80723,1.4053163575329886
80724,0.2225876829946975
80725,0.47552700544635623
80726,0.3863918445347783
80727,0.7558447200048339
80728,0.3446970593262336
80729,0.24726219034974947
80730,3.9581833064148504
80731,6.451056887442506
80732,0.09393598938191057
80733,0.18265589206769217
80734,1.0695899225207237
80735,1.4151047601067717
80736,0.3284234532092706
80737,1.9587164784787878
80738,0.12702856412291577
80739,0.8914029340142715
80740,2.1999091446479224
80741,0.35491672679789776
80742,0.7257328495522117
80743,1.5693382099708355
80744,3.4265212200455286
80745,0.1752219505178919
80746,3.0637407492567763
80747,0.6126528281377424
80748,0.6073888858238686
80749,0.16633677865344354
80750,0.8568622128326386
80751,1.6011383011109954
80752,2.001342544605623
80753,0.5449068620672448
80754,1.1018007784060018
80755,0.48725337661021983
80756,1.5123172244130105
80757,0.3891976080469732
80758,5.413496378460698
80759,0.3899582599542353
80760,0.921068302025037
80761,1.2748922835277807
80762,1.6070319855764759
80763,0.46786096185021514
80764,0.22675251641593086
80765,2.507673835630095
80766,2.3837395747191445
80767,2.276041149438393
80768,0.04358491464005709
80769,1.8903675994865639
80770,1.38537975644083
80771,1.1406851316794544
80772,0.9794392034001553
80773,0.7793941559246204
80774,0.841574792625508
80775,0.4149016836234416
80776,0.8142733434228984
80777,0.41148341292100865
80778,1.2364533211545812
80779,1.6963665336755593
80780,1.0920509854176526
80781,1.9240953694845242
80782,0.4279727634067714
80783,0.18705175660466958
80784,3.251037247083304
80785,5.575448199124989
80786,8.508280878765937
80787,0.25032053537958426
80788,0.7308013208819899
80789,0.17038608217078155
80790,1.1416544827183386
80791,0.10004239202272192
80792,1.6999655619076708
80793,2.016226174528425
80794,0.7590163667892793
80795,1.1039844430744874
80796,0.1255864945112881
80797,2.1972689920199997
80798,0.2564590627926871
80799,0.15977201991776185
80800,0.435237371386076
80801,0.25276631764702095
80802,0.4214055364309272
80803,0.19677075879954103
80804,0.2997554336192752
80805,0.8609589881547912
80806,0.16848890857024384
80807,1.0991689534592348
80808,0.3992222719631892
80809,0.38389144276570664
80810,1.1506919475571282
80811,0.1187723044350603
80812,1.997913169497487
80813,0.1802986872676627
80814,3.263349194281698
80815,0.96873713668633
80816,1.2589411283043839
80817,0.7491123016515665
80818,0.399559880118719
80819,3.1998330692181374
80820,0.5267393325180109
80821,0.06588217220512176
80822,0.4614608543143477
80823,1.0227789630676842
80824,0.04046732044901941
80825,0.07446523991375384
80826,0.21455498926640137
80827,0.3022044407771066
80828,1.4985065383653406
80829,1.213183335226563
80830,0.31310170446878094
80831,0.7750770557211525
80832,1.0533263027135127
80833,2.8456305446466086
80834,0.7884443476636046
80835,1.2369220355670056
80836,0.38642463988850484
80837,0.2179718015132803
80838,1.2532543884912284
80839,0.15890898171003312
80840,0.2510597913502015
80841,0.3683274563309264
80842,0.4271404740008138
80843,0.0724967543012599
80844,1.1158925866648106
80845,0.914344875932595
80846,0.41533734235768976
80847,1.3124454041585805
80848,0.5326738828397415
80849,0.5427993925661411
80850,3.960840675131097
80851,0.3793851002693935
80852,0.517544731114504
80853,1.7000878794724907
80854,0.160494197280621
80855,0.4550227591534526
80856,1.5653776392425756
80857,0.3362650559035948
80858,0.5674633724317418
80859,1.5093062704427007
80860,0.9178939087663609
80861,0.1514134844968064
80862,0.8152605963563219
80863,1.0750603563535224
80864,0.4252566077761229
80865,0.22840381012285127
80866,0.1938480862417299
80867,0.5865564218518738
80868,0.8024148952706223
80869,0.9733612381352666
80870,1.233997861095403
80871,0.8983875618893881
80872,0.42477467528644675
80873,0.14187813536815114
80874,0.30093660708327835
80875,0.8734895267696381
80876,1.4022269419943048
80877,0.9214001549622076
80878,1.0279692984036364
80879,0.16589055426400048
80880,3.0146454364889426
80881,1.6000236496452405
80882,0.14494163644174995
80883,0.34170062581708704
80884,2.046593993216796
80885,0.0408918496927908
80886,0.3437833698005106
80887,0.7248865567568467
80888,1.7296393238921208
80889,0.25399454771255014
80890,0.09121793322803333
80891,1.1913171986581528
80892,2.153786454825554
80893,0.0953151598098907
80894,0.22131588790637172
80895,0.16534884437660965
80896,0.6172746342535851
80897,0.4918505520737888
80898,5.186957503358177
80899,1.450214624753994
80900,2.057503486561548
80901,0.18519568665067893
80902,1.3147507207733902
80903,0.6127712395091267
80904,0.2937164620588261
80905,0.38821126844959974
80906,0.5573133966871269
80907,0.8428747561925477
80908,2.1311522540378904
80909,0.22625521242460675
80910,2.335128132839527
80911,0.3561442602964607
80912,2.7256763672441005
80913,0.6224282837308707
80914,2.0635724297837075
80915,1.676502260338959
80916,0.48495565775271543
80917,0.8054553112455919
80918,0.14785308533769626
80919,0.5839997841186683
80920,0.4060328139170046
80921,1.1509044625505276
80922,1.764156221168728
80923,2.04640491295942
80924,0.5877148020977647
80925,1.2728142457759548
80926,1.155575248770919
80927,2.078358045575675
80928,2.0413941987380695
80929,1.3057310201235814
80930,0.6965658043992153
80931,0.3259834854743281
80932,0.29742783712226617
80933,1.5223248635630848
80934,0.2918865205512852
80935,0.4690931195770387
80936,0.27026053149575413
80937,12.8546488927263
80938,1.1323192251183702
80939,1.816189876149849
80940,0.5226956752598905
80941,12.708887748044855
80942,0.41748860550876454
80943,1.1184113104340856
80944,0.5446906245591078
80945,0.7769749705386496
80946,0.5476067013968993
80947,1.1862806556924785
80948,0.255181919627689
80949,2.318613882262127
80950,0.4604859075379705
80951,0.07712625930000185
80952,0.7891089085107619
80953,0.20502184696686823
80954,0.3891848372866824
80955,0.6959722393194213
80956,0.012037709684771919
80957,0.03470970347471738
80958,2.385891649297351
80959,0.3722604167362028
80960,1.3845007779935559
80961,0.6952774408417082
80962,1.6800957313089655
80963,0.2770502392723559
80964,2.7316601675427066
80965,0.6536363014565163
80966,1.7504296112003386
80967,3.1462123122792125
80968,1.1834887260734313
80969,4.408836733677128
80970,1.2255861705667255
80971,2.7894093048818127
80972,1.0245559087532503
80973,0.8528389527307272
80974,0.4247645164458205
80975,0.5311293313278983
80976,0.6821395884977198
80977,1.7915000656531892
80978,2.3442577659729844
80979,0.4916809079863506
80980,0.2128143022878196
80981,2.6171273767284435
80982,0.22556228081264965
80983,2.343076062860181
80984,1.159263193630289
80985,0.41810425192757317
80986,0.07802435218729553
80987,0.13692673515339532
80988,0.21630320456616164
80989,1.64334778833134
80990,2.887076652416362
80991,0.17190564476023576
80992,0.3845781566964398
80993,2.482318726759499
80994,1.4972260662586123
80995,1.2664497410184037
80996,2.321202478101758
80997,6.859305431691806
80998,1.255648043045753
80999,0.7915386677870248
81000,0.35104844922935474
81001,1.1163219585979594
81002,0.6283639448197541
81003,0.9732052482734095
81004,1.2141403315523023
81005,1.2519603150835226
81006,1.1989219247385443
81007,0.8964154409949371
81008,0.0701925634875919
81009,0.08769350661053445
81010,0.5622324860359222
81011,0.15555041814596912
81012,3.0953023324232647
81013,0.12383769871466224
81014,0.24274614583957416
81015,1.0510328787821024
81016,0.34676305629639215
81017,0.5076499382488185
81018,1.6837329856493828
81019,2.2494836592748584
81020,0.5260596087206382
81021,1.3606617718848943
81022,0.2303325553326756
81023,1.7685957573573496
81024,1.4327981223438369
81025,2.5713873701988232
81026,0.3013276400795811
81027,1.7866607041633438
81028,0.4312095690618621
81029,1.264231410045352
81030,0.6979288816159137
81031,0.3328358126794966
81032,0.3792134144849
81033,1.702386443518667
81034,1.6289239196914103
81035,0.047674708701627364
81036,0.9795518733371988
81037,0.829526901552098
81038,1.2414276923007266
81039,1.153588291849603
81040,0.507404794601215
81041,0.16085864434460045
81042,0.49687923160895003
81043,2.0199351054310224
81044,0.8036338361243597
81045,0.06773134556627554
81046,2.2952999780207555
81047,0.17726592673542074
81048,0.9085625660796597
81049,1.147685524278261
81050,0.38758414826938425
81051,0.2489550602432122
81052,0.2000139085305147
81053,0.11702679771863073
81054,0.3419421539079638
81055,6.756683773705286
81056,0.1166699351003781
81057,0.26095873186563595
81058,0.44808018250702336
81059,4.8591425247669875
81060,2.8454190719908334
81061,0.05945615527679617
81062,2.351570413558254
81063,0.8486304472478317
81064,0.33014321149725856
81065,0.6736120724864877
81066,2.253790850625845
81067,2.151819154576423
81068,3.269180156978882
81069,1.1019073328443874
81070,0.22114622279146162
81071,3.2931306283850654
81072,6.948868929754091
81073,0.7032380544073538
81074,0.5702279457155964
81075,0.9179212294611817
81076,0.1642677462199653
81077,0.23062268710957173
81078,1.2738895005770579
81079,0.48028401383926234
81080,0.19315041113317447
81081,12.992819592675678
81082,0.3462657265474578
81083,0.6071868757388396
81084,1.6053234066365372
81085,0.5113897420487262
81086,0.15666495690669416
81087,0.709362332037119
81088,2.346713050351356
81089,0.14918874124306897
81090,0.4417294633176765
81091,2.703894058345627
81092,0.43791236022647795
81093,0.06371509374969817
81094,0.30919629779043
81095,1.386022806398319
81096,0.04114592112748568
81097,1.2800186760043673
81098,0.2039217506222527
81099,1.1407350665174036
81100,0.4493711517504328
81101,0.850196565537158
81102,0.7028282292808711
81103,0.20116664911192228
81104,0.28327534867667714
81105,1.8376236116914884
81106,0.04992369664367483
81107,0.34020579616002583
81108,1.6485275892909528
81109,1.3863000564786716
81110,2.3552905191032982
81111,1.260495011535458
81112,0.15547073825742996
81113,0.26877630300288613
81114,1.34742397301137
81115,0.5602742208375859
81116,0.6989273921360434
81117,1.5603065736041333
81118,1.9681172318120779
81119,0.9350197075164252
81120,0.5979678535890866
81121,3.0496865063925442
81122,0.3796982230587723
81123,0.3217599635895461
81124,2.6550161650295427
81125,1.2940429540475489
81126,1.6835548931052717
81127,1.6540656166097476
81128,0.2566421430407261
81129,0.4619614271945973
81130,1.1950094663424151
81131,0.42811675449339515
81132,0.22954678980834317
81133,1.9812728854363424
81134,1.1025267700266173
81135,0.8656587814406276
81136,0.6524704661528558
81137,0.6864005677086618
81138,2.9854138135819643
81139,1.8836407358011311
81140,0.22831065028884528
81141,2.3790194067806847
81142,0.14574223078831963
81143,0.8377223988630971
81144,1.2101734141611795
81145,1.3689671162815027
81146,0.2115461879130614
81147,0.07677704055052453
81148,0.14781550028296953
81149,1.1114327780231443
81150,2.0832414908730983
81151,2.5730341660159857
81152,0.09546972596005739
81153,1.6752696281014616
81154,0.7220959906489013
81155,0.15179943888488426
81156,0.20949311194513404
81157,1.5511629773527926
81158,2.759689849019001
81159,0.6150196491351833
81160,0.2525813156507619
81161,0.1254179320227104
81162,2.3784032302296456
81163,0.3503072381722987
81164,1.8820365728633524
81165,0.13250095494018913
81166,0.1296293163546297
81167,0.5196459084015933
81168,3.7510574629578444
81169,0.7420364389950845
81170,0.17538753127224663
81171,1.6072350811502403
81172,0.9143019598784553
81173,0.5627672426149837
81174,0.5103364737898171
81175,0.6756589477444506
81176,19.042745624290152
81177,0.27866869875223205
81178,4.004745125119934
81179,1.7694887769820458
81180,0.14967036765785133
81181,5.167552498099167
81182,0.5834277999195009
81183,0.5439368568120106
81184,0.0793655894570848
81185,0.7831296523562522
81186,0.29593434238916705
81187,0.5678872783261812
81188,7.007414977854421
81189,0.7723351880628773
81190,3.0807430064919106
81191,1.4700217690741644
81192,0.36822098998939046
81193,0.26663796627255737
81194,0.22722970148025856
81195,0.9641224844096706
81196,0.18353592331950774
81197,0.7816590921052647
81198,0.5493306895046546
81199,1.3922011831321728
81200,1.2473201943840087
81201,0.8415119068228344
81202,0.14955189344983807
81203,0.5341164551060678
81204,0.19715864286009246
81205,0.25462223959997904
81206,0.3793165070502828
81207,0.33543408379387857
81208,3.433722462180946
81209,9.766131900392448
81210,0.37955708963624024
81211,0.9331384621617056
81212,1.0461345822903847
81213,2.8391533505008417
81214,1.8409975007893427
81215,0.2685340363532454
81216,0.7046142243308917
81217,0.399243185335039
81218,2.796030707838908
81219,0.9615404894568594
81220,0.22554809674810666
81221,0.23975764837568106
81222,0.1478931276409357
81223,0.06742905443852965
81224,1.1284685536486012
81225,7.589711978516857
81226,0.14728281564995102
81227,3.463648030949075
81228,1.6744011508927998
81229,0.9239955593965526
81230,3.5416912180651856
81231,0.9099368065237354
81232,0.09077883726788104
81233,0.422223025600252
81234,0.49446180665526684
81235,1.2486674738152894
81236,4.264086784027005
81237,0.9401942640719304
81238,0.7716460484440641
81239,3.439565569430173
81240,1.844782735528224
81241,0.9591154316763831
81242,0.16180579579428864
81243,0.42565635110835276
81244,0.3131302733290824
81245,1.1234864097968555
81246,0.7171474582226064
81247,0.16557153266294775
81248,0.5278569825067121
81249,0.8759253355588607
81250,0.5582579653546411
81251,0.5642219911346895
81252,0.26794818479041305
81253,0.48065561594380823
81254,0.593401431155565
81255,0.1757936670624006
81256,0.25045950372786335
81257,1.6465229025949553
81258,1.500836362730188
81259,0.7762583081963393
81260,0.3657756347744102
81261,2.7908068654877782
81262,2.563488196970001
81263,0.8736010911163758
81264,4.372159538345647
81265,0.337847508024691
81266,0.3447588424735612
81267,2.0999827716606845
81268,1.7208212003594934
81269,0.7470716143901885
81270,0.03662768423341496
81271,0.32389706311936917
81272,0.2386297035621841
81273,1.0072475168456867
81274,0.8376474424487534
81275,1.4207737045758995
81276,1.4271778244233897
81277,0.7114678763852565
81278,5.594877553513725
81279,0.15849764300455804
81280,1.1014175024148147
81281,0.17457749712560447
81282,6.524771480950399
81283,0.3570305186115444
81284,2.528503853050827
81285,3.3696702131373875
81286,2.206705262125383
81287,0.9668841835014867
81288,1.2572014049903675
81289,1.1919877370870169
81290,0.4640490041737292
81291,0.336764833218482
81292,1.665909245876295
81293,3.895209177065084
81294,1.1879626568375243
81295,2.7375941080007706
81296,0.5001071217678363
81297,0.5509664441675785
81298,0.20026170508879318
81299,0.2586584422487395
81300,4.950095297655229
81301,1.0382814310240616
81302,3.0786359093209494
81303,2.5429515496142088
81304,0.9637902451232878
81305,0.5629817589209166
81306,0.08803407676745803
81307,2.2866689092066075
81308,0.9800673747036112
81309,1.5533202972570201
81310,0.06885433383500486
81311,0.5850069442697591
81312,0.8070830096296048
81313,0.25711039260373775
81314,0.31625110305579374
81315,0.9007284425285731
81316,0.31731881759123015
81317,2.0712626904473126
81318,2.241312950813787
81319,0.7453652325765597
81320,0.32316398949834546
81321,4.528485659002103
81322,0.11940778022875559
81323,3.1271765333630617
81324,0.9566030302035792
81325,2.6001987073061015
81326,0.4897379942902824
81327,0.249878562809368
81328,0.3654015342940709
81329,0.1337823038461335
81330,2.8103145353045735
81331,0.9102426907751155
81332,2.729464604760948
81333,0.5446550513251471
81334,0.13173577333632935
81335,1.2281013207628204
81336,0.37748456915440853
81337,1.4888920174806513
81338,0.8605730177931015
81339,0.11190358216885529
81340,0.33838857372134756
81341,0.20244491503399467
81342,1.7419606752827557
81343,0.6443137672732361
81344,3.4094795510064286
81345,0.17740283977832305
81346,1.5338293327425898
81347,0.6350947771484486
81348,1.6714696783971577
81349,0.19893146315759164
81350,9.341011309257398
81351,0.13427660616585235
81352,0.2884280701652319
81353,2.1280372365150297
81354,0.10377442044452566
81355,1.2536677689855746
81356,0.667893298245209
81357,0.13621023697959483
81358,0.3807029137804446
81359,9.440689387870744
81360,0.41902460308800316
81361,0.8967840341049779
81362,0.11783942420195617
81363,8.150684577908738
81364,0.12929464218811235
81365,0.8237075675334715
81366,0.09133347582416555
81367,0.9706290278856218
81368,11.06541723905583
81369,0.22489941292940283
81370,0.3017630831095382
81371,0.20717743786016554
81372,0.17234679195384794
81373,0.5844173746422223
81374,4.475309165197983
81375,1.0787949807359074
81376,1.158635840804254
81377,0.668542283931478
81378,0.16736019959269574
81379,0.2192490132634291
81380,0.412722995241239
81381,0.5127463553128982
81382,1.4415454312820783
81383,0.39747700370025446
81384,2.0631250144533997
81385,1.4815324449356162
81386,0.057561916381435076
81387,0.16416460065352195
81388,0.5124506782188449
81389,0.45002359616617227
81390,1.7120232523624752
81391,0.12269169530865896
81392,5.985355521960986
81393,1.553763377178941
81394,0.5910287185644993
81395,0.5330902292207081
81396,0.3362617111805025
81397,2.7367365757582567
81398,2.668393170673637
81399,0.07504681700089288
81400,0.9456426134389818
81401,0.12563224793072156
81402,1.8166186479721853
81403,4.4876271912226215
81404,0.36583224104823076
81405,0.46125677114368874
81406,0.9413305086638968
81407,1.7678718495109078
81408,0.102798866837458
81409,0.6415128157309903
81410,2.406346622520446
81411,0.21203764199857894
81412,1.7618884914622361
81413,0.4977715087554384
81414,3.1300429050523206
81415,0.5013898781437753
81416,0.7393309446866818
81417,0.7222593193312911
81418,1.5269029282246547
81419,0.23105500882390428
81420,0.35306802047826435
81421,1.5556816817475876
81422,1.0930743620450505
81423,2.4111177642430275
81424,0.10171323323199004
81425,1.552749170257296
81426,0.9899258207149567
81427,0.8209692711569707
81428,3.4559898789139507
81429,5.151895274382551
81430,0.6346509966680429
81431,0.9776861950611425
81432,0.3440012243811462
81433,0.5146666390445271
81434,1.7477316050467264
81435,1.1055514138567006
81436,0.28430708311143166
81437,2.5695437572938027
81438,1.9523103903274373
81439,0.39514780919812537
81440,1.2505345974784803
81441,0.8213106036854189
81442,0.13895868039708884
81443,0.9741855456307443
81444,8.345827962027368
81445,0.06781617639127861
81446,4.527549530459141
81447,0.700054282679831
81448,0.7590276758283738
81449,0.4269758251295621
81450,0.3990952669633444
81451,0.5004567080525589
81452,0.9422477223535902
81453,0.6407003488250106
81454,0.41258283079308544
81455,1.1054360758818003
81456,0.7967033305798964
81457,0.4840690754788737
81458,0.21937413040604142
81459,0.6321447272700798
81460,0.4258354249365077
81461,1.545466862298522
81462,0.6580506424085972
81463,0.22583132613868054
81464,0.3138398463352946
81465,0.22685807303560085
81466,1.051412744543727
81467,1.7701718862438935
81468,1.9132279189281343
81469,0.11267354566974523
81470,1.3003381632437176
81471,0.12417649266104218
81472,0.11829536714728292
81473,2.131399387562504
81474,5.7783429575868555
81475,0.40599120217780116
81476,0.9381901170451417
81477,3.753135859005835
81478,1.8248313067482336
81479,0.5605586425258084
81480,2.6075165482674247
81481,1.627673957968854
81482,0.24194181444521504
81483,0.07380384080132753
81484,2.2326103204094583
81485,0.5183376629033024
81486,0.1600710170234567
81487,0.35409912694301676
81488,0.5088319605776769
81489,4.869743921787302
81490,0.3908079270194862
81491,0.47146130260585234
81492,0.2711252165597571
81493,2.3915709551876043
81494,2.986362302015681
81495,0.269888219515039
81496,0.1359609525917429
81497,0.29872562540359227
81498,1.0543821768630202
81499,0.33574191336438125
81500,0.10746939620543239
81501,1.4165749990106153
81502,0.5312967038197545
81503,4.119403241341738
81504,0.7650437833175475
81505,0.1990648693259026
81506,0.11019862476544504
81507,0.26333920163245395
81508,0.40213861661851413
81509,0.5451255665470723
81510,0.8883182282971644
81511,1.8329158733326083
81512,0.3659448920150627
81513,0.3231999798375378
81514,0.21324046392966362
81515,0.6059022175564017
81516,0.5351813134767187
81517,0.3037151749329817
81518,0.5673273848863887
81519,0.6901315592500433
81520,2.133812680325778
81521,1.0175424906338961
81522,3.948448813928627
81523,0.42435061536225444
81524,2.4948468124654974
81525,0.9547238922617248
81526,1.1849338065808597
81527,1.3345625665028757
81528,3.2302394966027212
81529,4.446024308389714
81530,2.37940678755289
81531,0.4979956382148112
81532,0.560293206980555
81533,0.3599456247252959
81534,9.740280474586465
81535,0.11894882632230555
81536,0.3260577064105792
81537,2.2445900140059756
81538,0.9117089491898335
81539,0.10204846335129891
81540,0.4464858305574303
81541,0.39759316942722894
81542,2.814426193716833
81543,0.4341790874265115
81544,1.4751283430999742
81545,0.7677023723930118
81546,0.10437179968468283
81547,0.2240439610616234
81548,1.2117850211553336
81549,0.10332328550199679
81550,0.5445883168650851
81551,40.65175809723146
81552,10.529292773286794
81553,1.6451404916125467
81554,0.7949233851254354
81555,12.923470965348232
81556,0.8000322821185407
81557,3.48043448052101
81558,0.4164661982250846
81559,2.896010433208163
81560,1.4977496488375281
81561,5.35780171892172
81562,0.5269686659214883
81563,0.14678485723772494
81564,3.764482844331349
81565,0.4268873816621839
81566,0.7184042698092031
81567,1.7465472775807471
81568,0.040184180401329435
81569,0.41963435816991407
81570,0.2559493898578732
81571,2.2538743740754095
81572,3.437442026559696
81573,1.9232816616011585
81574,2.95237123576137
81575,2.3402234866882323
81576,5.518297420858306
81577,1.0550484813919887
81578,0.27449034964471675
81579,0.9036681599584673
81580,0.3875499743407851
81581,0.5667598449813767
81582,2.5993368043801675
81583,0.25455146114715166
81584,0.7889932523002929
81585,0.41410352357656244
81586,6.110074222839265
81587,0.7135463243436067
81588,0.33185382321817203
81589,0.2630209689275096
81590,3.7862829258855344
81591,0.9582812536884772
81592,1.9318820026120584
81593,1.361903816624149
81594,0.8497014609829867
81595,0.10612408038858745
81596,0.7075847636399181
81597,0.42591749787921784
81598,0.3449605644482465
81599,1.4506971635939196
81600,0.06438309792476214
81601,0.8463887381304749
81602,0.044738721960703984
81603,0.20915062395877984
81604,1.1495937531493432
81605,1.1591117921014111
81606,2.975729407381638
81607,0.5390241650489717
81608,1.7643039408853995
81609,1.0796140333113262
81610,0.6213125400962938
81611,0.642933312084068
81612,2.978505691923681
81613,2.1132457161121967
81614,1.0837182690148592
81615,2.017796477290449
81616,4.59216615349648
81617,2.034057583794964
81618,0.6737595528975973
81619,2.3110781349304523
81620,6.039643319991526
81621,0.20100292179242152
81622,0.42070773498026925
81623,1.1645236735785052
81624,0.7053469707200539
81625,1.2461419017596724
81626,3.6685042016940654
81627,2.0377514378832204
81628,1.7528951091938554
81629,1.9855708991808019
81630,4.892074589852282
81631,0.28657121885461767
81632,0.258938180393494
81633,0.6144737660621102
81634,2.1142296285851954
81635,0.6439015829302029
81636,0.3246664118206454
81637,1.2713782578507224
81638,0.46985263492337914
81639,0.33644100435002977
81640,2.7087432834089658
81641,2.518360040639757
81642,0.07391895624774483
81643,1.5261306077330976
81644,0.7242903977438133
81645,1.8427801079572022
81646,0.32174737423248767
81647,0.11336775243649157
81648,1.5771840914573285
81649,3.2794524398757043
81650,0.718734147880365
81651,0.6909646115218319
81652,0.8904467359994718
81653,2.3425648327060995
81654,0.19559788862066044
81655,0.5787013564137065
81656,0.9659842220162651
81657,7.479383510873731
81658,1.4783263926725543
81659,2.4343880822435002
81660,0.49721586837300635
81661,1.8577406001046133
81662,0.377735579269305
81663,0.552022035833308
81664,2.7456748494706678
81665,0.6288185386222004
81666,1.118808007642056
81667,1.0210570201907438
81668,0.23442912820603393
81669,1.4616060759570808
81670,0.2288627367609174
81671,0.13602322292740301
81672,1.6953451045456662
81673,2.8013613665601422
81674,0.5516569269449981
81675,0.121689544454466
81676,0.33387418393813967
81677,0.3931935853387722
81678,0.5470321283138567
81679,0.8565125386482868
81680,1.0082310233299048
81681,0.720924725403767
81682,0.6372137615036042
81683,0.8095660382485893
81684,0.8550727218556196
81685,0.2718230780364511
81686,1.166426033449775
81687,0.3893436933631305
81688,1.1261632768500727
81689,2.5008893058042303
81690,0.38909138041656605
81691,1.2867345083466886
81692,0.8758868683003077
81693,2.5217216181531947
81694,0.546952136724662
81695,2.673650073235529
81696,0.958874326064588
81697,0.22360567336609602
81698,0.6465128366829352
81699,1.6750680097190895
81700,0.3718713670933048
81701,0.5353341702656325
81702,1.108808249615214
81703,0.21107278210171815
81704,0.6171718291198143
81705,0.12990156164672328
81706,0.17720243664284016
81707,0.2546844385622807
81708,1.8984980055685632
81709,0.9982422799518117
81710,0.16884311583459558
81711,1.9357976658999243
81712,1.9118624056526958
81713,0.16860224465581455
81714,2.4704838686003647
81715,2.3060151050684046
81716,1.6483778703736556
81717,0.8588910900296259
81718,5.598173133920575
81719,0.7611405371777613
81720,0.08733096389275462
81721,1.1172120644073993
81722,0.2818263426237029
81723,0.23362601225323154
81724,0.43494221020486956
81725,0.4307078748043337
81726,0.989027822025736
81727,0.5513873794740749
81728,0.2858262779734556
81729,2.8878012920274667
81730,0.5360424071694054
81731,0.43238557259279303
81732,1.0880781964024584
81733,1.2044135654890655
81734,0.0856933444188375
81735,1.2768954732555136
81736,2.771801603207443
81737,0.33163498559658366
81738,0.9606473240813448
81739,0.466832451685829
81740,5.086392886791458
81741,0.33939889806173335
81742,0.08452294470781713
81743,0.13237147780628
81744,1.0912914318830178
81745,0.2730714541404544
81746,0.7668048438890499
81747,0.5861845978746418
81748,0.48428425999112673
81749,0.13890931132295592
81750,0.4580731003880283
81751,1.217581130923607
81752,1.5526659147333324
81753,1.7752909066748586
81754,0.9039295863523436
81755,5.349018968790889
81756,2.842446653311656
81757,1.7284451752485364
81758,2.9226407702997506
81759,0.32674494094090945
81760,0.8572058446394021
81761,2.1775728310001683
81762,0.19133865284225143
81763,0.6627345364108804
81764,2.4528002038358885
81765,0.7900795444986832
81766,5.534455862925901
81767,0.1963499370458845
81768,2.456273394546682
81769,2.678120955126262
81770,2.3086755715077434
81771,0.49455173610018066
81772,0.6718751031590914
81773,2.6784036968646747
81774,0.016877438948710827
81775,1.2129011127865763
81776,0.14139470297351275
81777,1.5205790580309104
81778,0.35868038226164783
81779,1.5158625674288053
81780,0.8074789755071007
81781,2.8435370028473534
81782,1.5846127083606547
81783,1.2767987777809675
81784,0.964004608000298
81785,0.6876740789564724
81786,0.6834057887339743
81787,0.6953732266301217
81788,0.06540979266915242
81789,1.4101453368455126
81790,0.16308889369078278
81791,1.9559766369612075
81792,0.9111238618032287
81793,1.4759483891676883
81794,4.23616247467238
81795,0.4260796402600047
81796,0.24418060043729004
81797,0.06742079985413327
81798,1.1179304650608661
81799,0.3469990404749612
81800,1.0802064615085103
81801,1.4862962121251386
81802,0.07665913414559986
81803,5.316750940973469
81804,1.5752535535501262
81805,7.773410966195862
81806,1.7834169499206811
81807,1.6953231422165573
81808,0.22460608100166518
81809,0.29674499480975053
81810,0.5400669500588877
81811,1.775623853524396
81812,0.11094446417552926
81813,4.2854791371553835
81814,5.020275504546286
81815,5.991878669120785
81816,3.868180575484763
81817,1.5571863968176145
81818,0.6231461241264041
81819,2.3309619133298427
81820,2.289042662072218
81821,0.7871006498987421
81822,0.05630147193400552
81823,1.5729812610607627
81824,2.202584100843118
81825,0.5035218497186669
81826,0.4411376763518071
81827,0.4286353510794511
81828,0.6114710142533013
81829,0.9631086944517893
81830,0.5663247657554371
81831,0.14720915923218394
81832,1.4054166602538205
81833,2.318135067108564
81834,1.0213522659908874
81835,0.4097412705618715
81836,0.2774993678341952
81837,1.7896535980412343
81838,0.45160790709846843
81839,0.5784234252772137
81840,1.096901956668061
81841,0.7059997399872607
81842,0.20707812976007506
81843,3.9716245438826556
81844,1.141629729312488
81845,0.15553976855442025
81846,0.5008264481314687
81847,0.215573125031864
81848,4.314338791075403
81849,0.6024349439267017
81850,0.2225205278161234
81851,0.413739970299922
81852,1.2848746625438343
81853,0.49661528461128795
81854,0.11283106306314253
81855,0.2014856281702412
81856,1.151484645226868
81857,1.8998513876404548
81858,0.2631658660316154
81859,1.0051163381403392
81860,1.3951906575559767
81861,1.2195335069167699
81862,1.6735064211886705
81863,3.9680892837951793
81864,0.8050293917081655
81865,0.4268866087509398
81866,0.703457105637499
81867,0.5759718677908505
81868,0.6726437369292094
81869,0.13507495916550935
81870,0.2457777689585129
81871,0.21992903330261965
81872,2.023815870519673
81873,1.129744873588768
81874,1.440061515247616
81875,0.4781729910977293
81876,0.7987443198770815
81877,1.6653683842252645
81878,1.691062092420184
81879,63.708668464588236
81880,0.1815355572132944
81881,0.6190867286320533
81882,0.850629603958399
81883,0.2180415263982472
81884,0.06075084905508778
81885,0.34142958779479987
81886,0.12429330782641729
81887,0.24207827316800026
81888,0.8843470911765107
81889,0.7057889575152243
81890,0.37596488453348664
81891,2.930179177753314
81892,2.9923224734823766
81893,0.9474615299528655
81894,0.1993535112956136
81895,0.7814589105411456
81896,1.4529464963022316
81897,0.035997152298540745
81898,1.1202088650092534
81899,1.243703007413096
81900,0.5757323017939956
81901,1.7398355796571556
81902,0.2963054597540428
81903,0.0331692549838969
81904,1.63337831607216
81905,0.3493657335489058
81906,0.3679849520104013
81907,0.47191151658965586
81908,0.09819657665048698
81909,1.7826469387856596
81910,0.3604332816234919
81911,0.2562225240047922
81912,1.8243744681931817
81913,0.49615570986538254
81914,2.1254331064645204
81915,1.08500531327708
81916,1.6947796136813273
81917,0.5812859916395211
81918,2.299110510721196
81919,3.5307690960360114
81920,3.738604648135196
81921,0.1326561892374936
81922,1.2533005927222673
81923,2.875788952551716
81924,1.9526260970755627
81925,0.06324464450174075
81926,1.7725675152618368
81927,0.2189237264341001
81928,0.6460006847921964
81929,0.7514938658194267
81930,0.39427836923191395
81931,0.4154520967782686
81932,1.1325711883609066
81933,0.9287640471846923
81934,0.020912103468483417
81935,0.6785766376635983
81936,1.4818389001099266
81937,0.29094998170305103
81938,0.04427892800745125
81939,1.7428705859189262
81940,1.539502670215537
81941,2.138018640170041
81942,1.4956277087873813
81943,1.0755188444566375
81944,0.5570998706789404
81945,0.4849185648977391
81946,0.6103812596895954
81947,0.8459311654899558
81948,1.384963712409237
81949,0.6190218065372386
81950,1.3222231121729953
81951,0.805503727149937
81952,0.4027870005544134
81953,0.0837206874786936
81954,0.12386943096789366
81955,0.0757724990568895
81956,1.7013152580220638
81957,0.30660867946436837
81958,1.7463190572801355
81959,2.1727395320138148
81960,1.1977038846314174
81961,1.8819060752024417
81962,2.680807059301772
81963,1.2484865221544685
81964,0.7157863278340781
81965,0.5366780080761491
81966,0.43311093721396837
81967,1.4881415194218548
81968,0.7235102215424432
81969,1.6406447495458745
81970,0.8699467251815077
81971,4.368861201197731
81972,1.1847652016603998
81973,0.2926739562711542
81974,0.7749868240394813
81975,0.5006002169091316
81976,0.3198229686062817
81977,4.961657284799184
81978,7.729739841101007
81979,0.8042669660498859
81980,0.5677889416416574
81981,2.7531482489867702
81982,3.0671037985900975
81983,0.582722727132108
81984,3.099937780564155
81985,0.1952815147127104
81986,2.5333826415363174
81987,0.7259026715493619
81988,0.5163794159073481
81989,1.4528268014119512
81990,0.7334887607381176
81991,1.154523123274031
81992,0.8774153159476936
81993,2.065797863526869
81994,5.49552737941976
81995,0.27458291130342893
81996,1.2056057333252137
81997,2.897168092832091
81998,0.9431257857690966
81999,0.8173924650351385
82000,0.7406889130831827
82001,2.6081527331400394
82002,1.361551722385983
82003,0.485878064976614
82004,4.569858854039935
82005,0.619377551151429
82006,1.1096269327188375
82007,0.4114229918781559
82008,0.2731320120039347
82009,0.36431101397118126
82010,0.8834689572487999
82011,3.3612065168170604
82012,1.3680870454478287
82013,0.22969397866528643
82014,2.7007887465950136
82015,1.6683609391814933
82016,0.8459406397308371
82017,0.408346726461571
82018,3.4683727195753176
82019,0.1592530405934356
82020,0.2765367154363157
82021,1.1669190855846312
82022,0.703282879420136
82023,1.3383169368135726
82024,1.507363453746435
82025,0.8478207365122075
82026,0.8893962762496168
82027,0.8757815228069159
82028,0.48353937241472905
82029,0.760078162489169
82030,0.47408262281097774
82031,3.2571153502332315
82032,0.4669147153982585
82033,1.8100407705800976
82034,0.8204484213858708
82035,0.17846591263525702
82036,0.3870849551115925
82037,1.1449298477903438
82038,0.12923809609804812
82039,0.3154287843754436
82040,0.36311343205091673
82041,0.2544097574236068
82042,5.056894984083912
82043,2.230218035839304
82044,0.9900763713215658
82045,0.21721931130737201
82046,0.1626434007723716
82047,1.1720837003669533
82048,4.697847654138544
82049,0.042313795659296036
82050,1.7384493568909911
82051,1.1463951471664737
82052,0.7601411186655871
82053,0.7384976826015909
82054,0.9246768141270924
82055,0.6444651208006109
82056,0.21603781379494214
82057,1.5294846365378512
82058,2.324192744001539
82059,0.38012997818661987
82060,0.17999555290916958
82061,0.2163137196597171
82062,1.4685328812571117
82063,3.006752063390955
82064,0.34980322061954716
82065,0.8101612557491558
82066,1.0218144649160938
82067,2.03060469984761
82068,0.34553135569207916
82069,0.91110471554587
82070,0.15466185281161826
82071,1.2705392722958757
82072,1.9304512713097268
82073,0.2907260788119396
82074,3.1698630609035288
82075,0.689654074856574
82076,0.4587131369330844
82077,0.5022282092639265
82078,1.4163668757764678
82079,0.07812750967704298
82080,0.25623150664351235
82081,1.5479562926257264
82082,0.7389130969764192
82083,0.0953741086274004
82084,5.789472188616421
82085,0.13091366013520775
82086,1.0657832054434682
82087,0.41088439062839754
82088,1.850387551242792
82089,2.914454766767341
82090,0.20576211489430946
82091,1.496541233992118
82092,2.1245921098657004
82093,1.3752785781312369
82094,0.5297422437623956
82095,2.691341425839151
82096,0.39502263764133916
82097,1.9842282615124667
82098,0.30621129897856386
82099,0.23834926929370132
82100,1.41083656988824
82101,1.4487804052532136
82102,0.4528663549149716
82103,2.3094860704347555
82104,3.2871508505470373
82105,18.89243866619409
82106,24.141657699425497
82107,0.16056601239143867
82108,0.6843584130243415
82109,0.13860416451436838
82110,0.9828417197878181
82111,1.869620992293897
82112,1.1916732237733516
82113,0.7303553115911083
82114,0.6138449232740542
82115,2.3496890721446912
82116,0.37414847916691546
82117,0.43209835708395644
82118,0.28826788959679855
82119,1.4644654232961336
82120,0.053505896206835504
82121,0.7284752052893595
82122,0.24818759279382036
82123,1.2079335318080138
82124,0.09411944279438704
82125,0.9236469457906634
82126,0.26666618889316834
82127,0.29061270848099185
82128,2.6260098958221585
82129,1.3062465977240982
82130,0.13616258982502438
82131,2.687897858085316
82132,0.19198226439932736
82133,0.347472464917624
82134,2.063386012099154
82135,1.0960320439357996
82136,1.1202152217831138
82137,2.3235317246457003
82138,0.48595036406024705
82139,1.1559521245232776
82140,0.7269686822045381
82141,7.480843985905738
82142,1.4418875394217288
82143,0.32790848575054543
82144,0.0751259259161171
82145,1.2676370975244344
82146,0.11623705174533434
82147,0.35229462118694926
82148,1.1109034267909195
82149,1.6376257252303554
82150,0.34475233360700297
82151,0.5909392096180567
82152,0.7144394733607299
82153,0.12396357788707664
82154,0.09016176854474735
82155,0.8465711188421678
82156,1.6303094571422072
82157,0.4379775476820419
82158,0.06817208592804626
82159,0.5759828863499576
82160,2.833788073850182
82161,0.08779862052086289
82162,0.4968108523222017
82163,0.5764175338185354
82164,1.0966214333936113
82165,1.1723351142246732
82166,2.1958085593925034
82167,0.9998660452473975
82168,0.6726258287434158
82169,0.14936079265767221
82170,1.4028288704439047
82171,0.695801748760138
82172,0.8859720453323051
82173,0.477104853657909
82174,0.4589682760868356
82175,5.25959733786447
82176,0.07201742481084086
82177,0.37114935535690174
82178,0.09730199917873755
82179,0.30228491573866256
82180,1.9679599199161397
82181,1.4756063874817966
82182,1.4648011948368935
82183,0.22331892423603525
82184,1.6385725772736544
82185,0.21245619892102263
82186,4.089303928269066
82187,0.6255792902564209
82188,0.7806353702119411
82189,0.6070468786150693
82190,0.19782553021985266
82191,0.6933844613378332
82192,0.3868857394448091
82193,0.9017034001404989
82194,0.5978154577201282
82195,1.5398381267669456
82196,0.24216560690001418
82197,1.0322101699977646
82198,0.06887255463722979
82199,0.7270768964594129
82200,0.4267845823428411
82201,2.955228438225949
82202,1.0842455934645883
82203,0.47558974489189476
82204,12.834291665938963
82205,0.12149090701135931
82206,0.6539527384235113
82207,2.1771116775131785
82208,0.35837366442717866
82209,2.644428931254245
82210,0.7370821285141194
82211,0.2960182544628551
82212,3.091112771487996
82213,0.30404257959812975
82214,0.37658739354525167
82215,0.49607525513921236
82216,0.2635972493357524
82217,0.3359476931360186
82218,1.255786314844177
82219,1.766359851618245
82220,0.1982617759930836
82221,0.20944385955022782
82222,1.2027510748231929
82223,0.12569886736845817
82224,0.11905527098567534
82225,1.790228665710011
82226,2.3310230757638424
82227,2.0262396766310746
82228,0.08648503698079668
82229,1.884090260435772
82230,0.849083043280119
82231,0.5096801840787242
82232,2.979960111338082
82233,1.3396629863962826
82234,0.4070214555216524
82235,0.4891138334203441
82236,0.11576484540132984
82237,3.2624540076438557
82238,3.197566166809204
82239,0.3077305237727139
82240,0.3722416348496837
82241,0.2440960459863042
82242,0.7196221747821971
82243,0.2666583609833308
82244,8.167232898098836
82245,0.3656723399461828
82246,1.2377859317778759
82247,7.490781636338168
82248,0.46469612546934946
82249,2.2106965589622867
82250,0.23439307700064832
82251,1.1959691480806134
82252,0.7184569547041915
82253,0.7226267084162264
82254,0.11977330240519171
82255,0.43164564505354763
82256,1.003383211310131
82257,0.7209365282219835
82258,0.40462868209409925
82259,0.8343943503855302
82260,0.4523202926694222
82261,0.1464979436203163
82262,0.8454567545285594
82263,3.123041348613744
82264,0.12650443257946042
82265,0.6977706581258741
82266,1.2371655393076835
82267,0.5152539040126587
82268,1.6549328599094564
82269,0.6942632642106457
82270,2.3244276064112617
82271,0.8238124949890718
82272,0.22169266062696738
82273,1.4482187773579416
82274,3.0107360901563656
82275,0.6857832496121776
82276,0.05219150239651278
82277,0.6893088833110504
82278,0.1088553846912594
82279,1.8169058008065946
82280,0.06927557418963534
82281,0.2907213618352806
82282,0.6459128579032577
82283,0.09489144190805844
82284,0.7172162229084205
82285,0.1259348728928596
82286,0.4394751435826645
82287,1.1252622455830552
82288,0.037189672661079184
82289,1.510872167278703
82290,0.6315811185298502
82291,0.411809421122715
82292,0.576034436590197
82293,0.1408572812518231
82294,0.0600962014518342
82295,0.600165032310209
82296,5.101228942531662
82297,0.09123209010830405
82298,0.43012115101443593
82299,0.38038559816607365
82300,1.429252122665566
82301,1.8003920501869248
82302,2.660452841950925
82303,0.0584802843826384
82304,1.1443641942357716
82305,0.4048660860734831
82306,0.9542582934278093
82307,0.36413390720954614
82308,0.4076803450478082
82309,0.2838225043977131
82310,1.6057147740689355
82311,2.6787182108869874
82312,0.46239677597703505
82313,0.19043828306919222
82314,1.445703837920279
82315,0.2976781045218846
82316,1.497644411010878
82317,2.7159752406962663
82318,0.24585418845515133
82319,0.5755745348049492
82320,0.2775321654058596
82321,2.4804948495681503
82322,0.3677737809477887
82323,0.19525373317339206
82324,0.8250112591689037
82325,1.3844593716440716
82326,0.29676727479194454
82327,0.49168315721786177
82328,1.451423617350905
82329,1.2665098802258599
82330,0.3138953277614965
82331,0.738295800538224
82332,0.9266342875098379
82333,0.46760399483384574
82334,1.9506716115456046
82335,0.5348132189402269
82336,1.2269468965436197
82337,0.3999211920351478
82338,0.21036294118003812
82339,2.5121822063215014
82340,1.0066667769165476
82341,1.8202533783167867
82342,0.7243033759292394
82343,0.8265328707099439
82344,4.045192418483942
82345,0.2819328220705381
82346,0.27963846404201986
82347,0.6351129604749319
82348,0.3251880957053873
82349,1.0725132849956334
82350,1.992413419919381
82351,0.12747540703227256
82352,1.0407609793904293
82353,1.0242501409004414
82354,0.6715677553545569
82355,0.909598550348248
82356,3.540886037120865
82357,0.2718098797006445
82358,0.9605067378265093
82359,4.820340307758274
82360,1.262775168058855
82361,5.048570675522343
82362,0.24539919726884923
82363,0.29125062476768304
82364,6.737678227192336
82365,0.16609700094211124
82366,0.7795849303533623
82367,1.2918414040793889
82368,0.08758479267034756
82369,4.351398420522379
82370,0.6476881625176347
82371,1.47189620837616
82372,0.36233602226250816
82373,0.1552648352060985
82374,1.8794088442907886
82375,0.8649565969451809
82376,0.1341141895119447
82377,1.56729041912237
82378,2.460745906577149
82379,0.8608147875626239
82380,0.2866955280546083
82381,2.3542445367451346
82382,1.768369591469138
82383,0.23979930597942756
82384,7.970279343897403
82385,1.9897391640617943
82386,0.9775706360724141
82387,0.5481885448631528
82388,0.07488012546882124
82389,0.7929932316543411
82390,0.060913290601506846
82391,0.07126876019196485
82392,1.9205960255777645
82393,0.7203473862712717
82394,0.8162179454265016
82395,0.22658628260053643
82396,0.3298082742408311
82397,0.715757500820704
82398,4.1218345041476265
82399,0.2690235565667393
82400,1.428291391218678
82401,0.21520756531118532
82402,1.0191309407382645
82403,1.8346398806786008
82404,1.436218665791142
82405,0.5708609999416618
82406,0.7728912953217028
82407,1.887868252829466
82408,6.141009612417747
82409,2.030817096434377
82410,2.0600597582285567
82411,0.27254000214724927
82412,0.1888914214294999
82413,0.11924141944879427
82414,0.13072381814527348
82415,0.5402123980622799
82416,1.5749196633643754
82417,1.9958553138097808
82418,2.5334719564735555
82419,0.6773428130188128
82420,0.4838026790432663
82421,0.3396755329216805
82422,1.014593089517874
82423,0.019379616844670988
82424,1.481822403309063
82425,0.4298487634515562
82426,0.5166106282651102
82427,0.7115916898504643
82428,1.6607080348499201
82429,1.0952568142144297
82430,0.35155609525902615
82431,0.7395761093307417
82432,1.826092321931535
82433,0.47886206841631734
82434,0.760654020209066
82435,0.9211696135616804
82436,1.147781414779877
82437,2.2129580862592584
82438,1.4923616166415834
82439,8.735700235843419
82440,0.5563249902250942
82441,0.8175772229816927
82442,1.7160811095473123
82443,0.4296767147437324
82444,2.702689320961479
82445,0.08368098486698318
82446,0.7754853950201517
82447,1.6236540016771597
82448,2.995742619651086
82449,2.067068841151422
82450,0.20970197624504494
82451,1.6014373837415956
82452,0.21541539142688867
82453,2.0706271825680798
82454,1.904178329062193
82455,1.009601556650491
82456,0.30664918258381524
82457,3.8197456679876516
82458,0.5939594858789506
82459,3.2935485188156215
82460,1.2726091864448126
82461,11.45838868025064
82462,0.6274987481077705
82463,0.1170260071215045
82464,0.3054649142387702
82465,1.6161879834829083
82466,0.6028360322466925
82467,0.42421280689231733
82468,0.0844624874055041
82469,1.6024614358146703
82470,0.6418688736131193
82471,2.116583681458226
82472,1.9176346088443657
82473,0.7831101645269994
82474,3.7001534552912982
82475,3.217505865275755
82476,1.089110179422873
82477,0.8696972756318495
82478,1.3290460716614558
82479,1.0242225217430034
82480,0.11207377781365896
82481,0.14901916221516176
82482,1.4635136733314957
82483,0.25410665106173486
82484,2.3436434728377153
82485,0.5879722776710339
82486,0.8678443104273114
82487,1.3611874719985066
82488,2.4325818585993404
82489,4.59164667158737
82490,0.2816525716918706
82491,0.16948679148206885
82492,1.9631345386751693
82493,0.06021437670847451
82494,0.31487190575632007
82495,6.050979823798223
82496,2.7145063871992896
82497,1.018237788483868
82498,0.5409957484262655
82499,0.3791530789810224
82500,1.2545159487911355
82501,0.316331144851146
82502,0.24158362327474253
82503,1.4007671244867979
82504,1.9267094034401833
82505,0.41270156810430625
82506,1.9465016829465795
82507,0.2814140038238523
82508,2.3041271386004154
82509,0.5447762015537179
82510,0.08765122340573298
82511,0.20805118170555442
82512,2.5265451875154343
82513,0.5388162031107009
82514,0.16912715937681355
82515,1.709532390439948
82516,4.40777118384266
82517,0.45702579341692146
82518,1.3390384961724273
82519,0.2865251167112278
82520,1.554330549688799
82521,0.2642892501615679
82522,1.1740990339426214
82523,10.8526062895804
82524,0.9577744521293028
82525,0.1835832109517236
82526,0.6262591860674878
82527,0.9403656150498959
82528,0.4334387365774124
82529,0.21544393032053225
82530,0.8249432613255888
82531,1.6614144010203913
82532,0.979504578890854
82533,0.2960655418178765
82534,0.2530998440360196
82535,2.2202922529580493
82536,1.2359651798162485
82537,3.218326089329014
82538,0.5720121219560906
82539,3.2287276541083907
82540,1.5861311817741666
82541,0.24597288901332803
82542,0.22694929376107445
82543,0.9905041228761838
82544,0.7604731829966248
82545,1.0816472773148083
82546,11.407209116820631
82547,0.11033042492287862
82548,0.2958896936507808
82549,0.6243203514831371
82550,0.06754212939056084
82551,0.40977768204299975
82552,0.8696009781391201
82553,0.5452485731155534
82554,0.2995251096111975
82555,0.37609832597692117
82556,3.14176465797198
82557,0.5873521960734809
82558,2.956458040818965
82559,0.20671985844589047
82560,0.6449500585407711
82561,1.2494709856415789
82562,1.8377363988614
82563,1.000855438116472
82564,3.259332141681686
82565,4.3313157372017725
82566,1.0085224994431095
82567,0.6332733830547052
82568,0.32926553356036153
82569,2.0258121358744705
82570,0.9672646414098686
82571,2.4405081776077773
82572,0.2611762241771086
82573,3.0171777095945034
82574,1.6174046649827927
82575,1.295036385553677
82576,0.5672475276386407
82577,0.4239736823778926
82578,0.6138812906962069
82579,2.7389518683330674
82580,0.06382284549339864
82581,1.284698253160247
82582,2.1697921256416874
82583,1.119882085669069
82584,0.3196937757713008
82585,0.37736555324870746
82586,0.08810736784769925
82587,0.5399648900500119
82588,1.403950064158621
82589,1.0701247332518635
82590,5.773918953216724
82591,0.033140903179750325
82592,1.53711867356853
82593,0.11631497149809727
82594,1.4924866103012981
82595,1.0950205491923422
82596,1.1619943674193987
82597,0.08334329131601381
82598,0.3716129776708355
82599,2.1179972176297364
82600,0.6474336953582872
82601,0.6269513329247794
82602,2.459012834770551
82603,1.4887042576834766
82604,0.6753088637772832
82605,2.0199762079793384
82606,0.20517928865288226
82607,1.5932188175289839
82608,0.9825655077290402
82609,0.06914138518865826
82610,0.5795815682123814
82611,0.8515497996577419
82612,3.4704005863604155
82613,0.7212472499053285
82614,3.2345359845784074
82615,0.2334375696906227
82616,0.8199039575431761
82617,1.8448173881834922
82618,1.996224157751508
82619,0.9054635931685497
82620,1.1595658246847356
82621,2.6641628277685987
82622,0.5103301758428945
82623,1.1907063718321018
82624,1.6710860637332878
82625,2.2790851990417895
82626,0.365970246670749
82627,0.7230671131962957
82628,0.6067424600107013
82629,0.4568497460513609
82630,1.105511851693401
82631,0.12027004238118663
82632,2.5466804162372565
82633,1.2517437166028764
82634,1.7575008621660344
82635,0.13782634756846832
82636,0.24692838445380266
82637,3.697589170073332
82638,0.8614544404830828
82639,1.3787097520282217
82640,0.5003184296031454
82641,0.5867657742460956
82642,3.034751942830302
82643,2.4322459904355065
82644,0.4545015014767672
82645,0.7248030686688707
82646,3.9457446580433024
82647,0.4773044071864657
82648,0.11404244287399631
82649,0.4014163404798839
82650,1.1833796774535381
82651,0.31884199090922694
82652,0.7973604509256328
82653,2.7265537588892443
82654,0.36797685664279467
82655,0.5732467758663244
82656,0.10060915429587465
82657,0.6591866362944399
82658,0.1084825846753675
82659,1.3192199088154946
82660,1.570821608619753
82661,0.986427283419949
82662,5.9945805095704765
82663,1.0588388366866694
82664,0.5108737418252692
82665,0.28557284854678316
82666,1.426756257115073
82667,6.310248132975303
82668,1.613797752877331
82669,1.1269965086449465
82670,3.0842676104678692
82671,3.0597077475110197
82672,2.754883225019778
82673,2.405728482857112
82674,1.0688835425520655
82675,0.21885970379208988
82676,3.4435841344798166
82677,0.9400205454573565
82678,0.4622598656799944
82679,0.5182373528316505
82680,0.5745772946562033
82681,0.054303442538901264
82682,0.05153190098571438
82683,1.6719096769450106
82684,0.17673454954764906
82685,0.1936280638670795
82686,2.348023451754976
82687,1.9960212357797749
82688,0.30523946946378033
82689,0.5178871842886921
82690,0.15734147037975937
82691,0.1971206152731691
82692,0.174144882518585
82693,0.375366493526106
82694,0.8807025079835175
82695,0.2522501266573307
82696,0.3571607594394754
82697,0.8443033446829724
82698,0.9697896444837869
82699,0.6461221290973811
82700,1.923121886823149
82701,0.3963725658642711
82702,4.486321036774521
82703,0.3618316919849285
82704,0.6520568973400531
82705,0.1716405328658544
82706,0.15400028794602802
82707,0.4523552132411776
82708,0.7263987441937646
82709,0.5170218576531672
82710,2.6817814253518897
82711,2.028366980325076
82712,2.7947962242720585
82713,0.1546697302368553
82714,0.21776913968011297
82715,1.6109647563190532
82716,3.1212837287074495
82717,0.09410972382420751
82718,0.7784905089324203
82719,0.230430875476954
82720,0.27049195279875204
82721,0.7944467942924143
82722,0.15099268898164714
82723,0.42343402060924146
82724,1.0839650640250102
82725,0.19027465019275774
82726,2.696610182804557
82727,0.38187534563860964
82728,0.4202222380999755
82729,4.55788109803871
82730,1.8914507765182933
82731,2.239716729094409
82732,0.1448217123413526
82733,0.7108522868967561
82734,0.7649906556060894
82735,0.8614155662680464
82736,0.7757608649503597
82737,1.1034968557584584
82738,0.0785804328149469
82739,1.7718269460215414
82740,1.8739464068308294
82741,1.7615632578205822
82742,0.31314702117115784
82743,0.6867164215752408
82744,0.8082346789409165
82745,1.3770074249580562
82746,0.1392227321791527
82747,0.31268340940284955
82748,3.6984761036816254
82749,0.14482483128705184
82750,2.88974803978442
82751,1.2092910247781725
82752,1.1056815323229794
82753,1.1727844773166807
82754,0.135349733284348
82755,1.4838287266183037
82756,0.5350715717458665
82757,0.3409945542529997
82758,0.7517253271457471
82759,3.3060652628748004
82760,2.076752434564772
82761,1.5585373358516859
82762,0.5728147517423021
82763,0.6542622597552242
82764,0.348869203178819
82765,0.03779778411922591
82766,0.8489014852617114
82767,2.723747644526389
82768,4.144029074106212
82769,0.4253898800582114
82770,0.26045096897817643
82771,1.386667547458359
82772,2.60371691063852
82773,0.3043977899019793
82774,0.2445899523963564
82775,1.781442641286274
82776,0.3969432069780037
82777,1.7848471207588645
82778,0.7156874724072406
82779,2.722278757171896
82780,0.2694506661501616
82781,0.18275921377414966
82782,7.5812803453849
82783,1.6448705092894294
82784,0.4657147755015258
82785,0.16878147658102408
82786,1.5546201746008934
82787,0.8985364382623802
82788,1.1607382008824485
82789,1.247989722454768
82790,2.5120178052298923
82791,2.0311465789258847
82792,0.42342733122799237
82793,0.5272367586254706
82794,1.2685633054052252
82795,3.1434723766385595
82796,1.2368734567858708
82797,0.09411673056134193
82798,1.208877230332888
82799,0.5877580097168742
82800,2.082493466366197
82801,1.471159850692486
82802,0.626684854458215
82803,0.6409657475760466
82804,0.6758067511108725
82805,1.4706254074789287
82806,1.9211365832021707
82807,0.5537105123370593
82808,0.9593235400105259
82809,0.7352612146476756
82810,0.4596876461596747
82811,0.4024788946552228
82812,0.45181706865257376
82813,0.46322151711042975
82814,0.04975689784825089
82815,0.4990291934191134
82816,0.787353350596061
82817,2.141892861924279
82818,2.3967404017911003
82819,0.10606892833526765
82820,1.5755839897411275
82821,0.4036283247844209
82822,0.19638195745505246
82823,0.5356728828471665
82824,0.3507079312165701
82825,0.21831870566137776
82826,0.13481962532599912
82827,0.20304056439168047
82828,0.21496974242786893
82829,1.9858149845218254
82830,0.7243570537784795
82831,0.17493227801849603
82832,0.16883977329580316
82833,2.925021713709901
82834,0.6318599076371072
82835,1.3741873342890942
82836,0.14877186794809294
82837,0.11748384882298077
82838,7.675050089619091
82839,1.5013688126575289
82840,0.16096292927295397
82841,1.2877990815646705
82842,0.9092494953107053
82843,0.6772359034914001
82844,0.20358751778296713
82845,0.38440876226809284
82846,0.15775533636011238
82847,1.4970729223265715
82848,0.44072538323470406
82849,2.972281237402572
82850,0.9967705802779081
82851,0.08003911422728377
82852,2.3280255021570486
82853,0.2325871541739771
82854,0.46697072072716334
82855,1.5225502690739665
82856,2.2265161242695233
82857,3.4753791835953702
82858,0.9667824655570905
82859,0.6940727376979666
82860,1.9242048830578997
82861,0.06585161039273836
82862,0.6525164752266376
82863,2.2538361380805196
82864,1.122983907909251
82865,0.9085887001513643
82866,0.03276213700948589
82867,0.09940524314584084
82868,0.34720476439771675
82869,0.6102246520871812
82870,8.09903557103963
82871,0.834367346050847
82872,0.04932530770136618
82873,0.6808282823489042
82874,1.7005644936733866
82875,1.3935883185881517
82876,0.07042713397096785
82877,0.12714044415319015
82878,0.0760520041059767
82879,3.2151448267434573
82880,1.413190585949754
82881,0.12407102514880804
82882,1.1035333243569865
82883,1.4704955314279662
82884,0.041284401184119836
82885,0.059448478972601554
82886,3.3148962177162558
82887,1.2084631259122054
82888,0.507887195977485
82889,1.16706821568759
82890,1.7926973314853458
82891,0.3976124696940117
82892,1.5029870314632774
82893,1.1610407055887089
82894,0.32009635786896606
82895,2.844488528053113
82896,0.1474298467321781
82897,0.9023631321411488
82898,0.142415392476813
82899,2.5131599363895085
82900,0.7231601439495108
82901,1.00367488368525
82902,0.7428925152846415
82903,3.476854948703185
82904,0.29648901646929676
82905,1.354453465948466
82906,0.6668731889669991
82907,3.490960333674364
82908,0.8102655250221279
82909,0.24129641056504117
82910,3.3975430738664176
82911,1.586464398067033
82912,1.6910675616904778
82913,1.8709556820072908
82914,0.7255693643831157
82915,14.867738675619536
82916,0.7541469071369135
82917,0.09933988108587961
82918,0.10496505931758751
82919,0.7948153530738202
82920,1.7198624680729109
82921,0.2639199257589085
82922,0.1049884659100762
82923,1.524379966510305
82924,0.48030531437432344
82925,0.17372243530544043
82926,2.6532826514488503
82927,0.8229096054185044
82928,0.6804698745912473
82929,0.24060875495556555
82930,10.67086980583739
82931,1.3640440939534697
82932,1.1437144216382387
82933,5.081471616827245
82934,0.6081226342936538
82935,0.8656191275460547
82936,0.18695221700111017
82937,0.6689099953879167
82938,3.6246222568533106
82939,0.26363224816777786
82940,0.9803371137298813
82941,0.36039026713060573
82942,1.9957635556674707
82943,0.46455871579755365
82944,0.6712956671237494
82945,1.1982082341106168
82946,1.6486047214749742
82947,2.013579651323156
82948,3.0861549155829002
82949,2.8867734692326725
82950,0.47268791172504576
82951,0.8149265422333558
82952,0.650603223231777
82953,0.4875511889609386
82954,0.2641021899028857
82955,0.12238103486744381
82956,0.1576055205025351
82957,0.36058982122673466
82958,1.182267168780808
82959,0.5728330696799824
82960,0.17970024558259742
82961,0.15482465156119604
82962,0.11293000685429389
82963,0.8563821908099181
82964,2.3497930000810574
82965,0.9797647878120798
82966,17.716017927001058
82967,0.5786745638854214
82968,1.4695763351251323
82969,0.13407418940222737
82970,0.33512188591094355
82971,0.781045108959007
82972,0.16208244411306136
82973,0.5659974900659552
82974,0.25032558195298815
82975,1.091194966938465
82976,0.7063393407643237
82977,0.22108192220373094
82978,1.0388798397986412
82979,0.43252201546651436
82980,0.5663950161030872
82981,0.9630394768991354
82982,1.056318784909887
82983,0.8350097574646863
82984,0.09826039880486001
82985,0.31825772752105896
82986,1.4330635548545314
82987,0.7209102599712619
82988,0.3322828036323881
82989,0.5102935086481345
82990,6.157581740238656
82991,0.2115068815810613
82992,5.643972244476389
82993,1.2339625156759044
82994,0.3954223589208248
82995,0.3287226674916056
82996,0.5177576578363934
82997,1.5393534894896146
82998,0.10660626749247665
82999,0.5572072432657132
83000,1.2726089881425642
83001,0.8212207706876881
83002,0.6897110921842845
83003,0.10242979098335717
83004,1.4882400869777965
83005,0.6518375211974602
83006,3.409312036278099
83007,0.4722551896080581
83008,0.3675485828676107
83009,2.085015211313757
83010,0.5836648423154154
83011,0.9889859599355424
83012,1.174927294631941
83013,2.5555874572350765
83014,0.2499244800401359
83015,2.9054092757649634
83016,0.2719161699970685
83017,1.339908653156984
83018,1.1558926672244132
83019,1.778241639231281
83020,1.761366541987597
83021,4.770310787140006
83022,0.7761526314637883
83023,1.4543897393398217
83024,1.685635115553169
83025,0.49282624327442637
83026,0.6318688146867688
83027,3.2041547170558107
83028,0.18295958599152695
83029,0.1658068851295331
83030,4.53418301775177
83031,1.556298248902334
83032,3.4290846681005
83033,0.861552386159701
83034,1.4760963977590453
83035,1.0705248150875053
83036,0.9192899907396465
83037,0.497871072672598
83038,0.5001180348138521
83039,1.8669899355866733
83040,3.2059801158604087
83041,1.104530185836826
83042,2.8211969711893463
83043,2.3850327294550393
83044,1.889961775697984
83045,0.6543229690430088
83046,0.5864168098476267
83047,0.22546321503124594
83048,1.0618843683666637
83049,0.21607191949283305
83050,1.2569158826306326
83051,1.968771076124032
83052,1.198539791175668
83053,8.417280092177913
83054,0.5749641855809837
83055,2.209618432149216
83056,1.4546663251752512
83057,0.776342897813932
83058,0.3120362025787516
83059,0.9937519864513911
83060,0.9931313088839271
83061,1.709494869088787
83062,0.7808547726017154
83063,1.0219574722837588
83064,2.363551336654098
83065,0.04791816109320954
83066,0.8261591453562769
83067,2.310474562532422
83068,0.38293814168281054
83069,1.0225981936135187
83070,0.39304117259286747
83071,0.47006660526808525
83072,0.1038451464160015
83073,1.336970508565404
83074,1.6888194252072934
83075,0.8842582356180025
83076,0.8294836197795973
83077,0.3098451434449022
83078,1.9335730191430056
83079,0.2259025288169933
83080,0.5940537637072688
83081,1.078397891483477
83082,0.43101236003369847
83083,0.6241331553847778
83084,1.3223371157298531
83085,2.771355884672799
83086,0.6842801756404205
83087,2.7564636388014954
83088,0.8480739793612903
83089,11.637647713759868
83090,1.2706172181328537
83091,1.4045556594838973
83092,0.315398551238758
83093,0.389041135361031
83094,0.6617225879930989
83095,0.7039516608966709
83096,0.4679226792646464
83097,1.009693909256685
83098,0.921209717317703
83099,1.700144567954259
83100,1.1915935864310503
83101,0.7109224898076549
83102,0.08994867366649759
83103,3.474422907551945
83104,0.5369116494675907
83105,1.4964184502318671
83106,1.9129454265739296
83107,0.6872008024902858
83108,0.47170525795198287
83109,0.45157502287033463
83110,4.4662061380956
83111,1.202871624365809
83112,5.277052065285621
83113,0.5589573520337842
83114,1.6499337640906906
83115,2.37052755713965
83116,5.756739784054086
83117,4.928474299206843
83118,0.5139134432295597
83119,0.8777176176814808
83120,0.11853250552888718
83121,0.05680238684934517
83122,2.985294725232295
83123,1.0750438215129514
83124,0.6328774621033667
83125,1.1695965184945514
83126,1.7028188219534366
83127,0.11565255915835458
83128,0.06610336812262421
83129,3.0013369787482365
83130,0.15216564989204143
83131,2.408916044414874
83132,0.3996012619379806
83133,1.209432292666306
83134,0.8028998896038123
83135,15.72586978666514
83136,0.745636069562612
83137,0.5859572169502597
83138,0.23634545623969255
83139,1.9895424690719292
83140,3.2745520725405526
83141,2.691047633094315
83142,0.9636662938459154
83143,1.2248775988555964
83144,0.3768648254262891
83145,1.4746961966895904
83146,1.0296909310811582
83147,3.666860733388121
83148,0.9923601547040785
83149,0.9611466902244038
83150,1.2990354226845546
83151,0.6631936074372116
83152,0.22682433406871852
83153,0.6213752100277922
83154,1.1706546258091934
83155,1.9996036768715315
83156,1.2355990061179656
83157,0.12796008744897072
83158,0.7361626013920535
83159,1.8861484541434947
83160,1.4523869480807015
83161,0.7293574052370664
83162,1.3298437645411074
83163,1.9158361745116506
83164,2.659083468325482
83165,0.17624441804946434
83166,0.13995957442303847
83167,0.905427821490418
83168,0.23891153032532597
83169,1.8903103984624319
83170,1.5379843004999856
83171,0.44716647853193014
83172,1.0596204623762344
83173,0.16151127223736844
83174,4.126564212333972
83175,1.4344987920033303
83176,1.2224173425703997
83177,0.95987739973898
83178,0.625310040087778
83179,0.6645851740318794
83180,3.3060119195433835
83181,0.16995374763106175
83182,0.13100847895485196
83183,1.5161743995578651
83184,0.2639891056239397
83185,0.35074946988352196
83186,0.32053394059527823
83187,2.0427843699548913
83188,1.363609609963003
83189,1.564009343209263
83190,1.5869781617307748
83191,2.9792003107933507
83192,0.7318920458825908
83193,0.1360325438078656
83194,5.218161372828952
83195,0.17650370000152657
83196,4.319961928711387
83197,3.5408599771185445
83198,1.0879035004579047
83199,1.629103441962108
83200,5.14349618710391
83201,5.1875975672122365
83202,0.3743233803051877
83203,1.6616870564699302
83204,1.8077348610337303
83205,0.6713494682942595
83206,0.4283236354153599
83207,0.5984520551038316
83208,3.2118239584170802
83209,4.288947216258961
83210,1.364558828275369
83211,1.3347478063740899
83212,0.3750617582518417
83213,0.9916558575932649
83214,1.0472443000470635
83215,1.0747445258507882
83216,0.07335814794361102
83217,3.087674112713881
83218,0.13701986477819353
83219,0.26681620895862823
83220,0.4550302301929632
83221,0.29317614149445176
83222,0.31195926839600224
83223,2.8755334857322237
83224,0.434024840750422
83225,0.6925965231351081
83226,0.813315314670833
83227,1.7863328762797233
83228,6.414982038568211
83229,0.4528831864305728
83230,0.6971927339324131
83231,0.9675595620327325
83232,0.05536491267633171
83233,0.6076367335359694
83234,2.1354578074822745
83235,1.5402454839854036
83236,0.6832138017541414
83237,2.424403571915624
83238,0.9798892890172348
83239,1.3411989234805235
83240,1.4842800534401372
83241,0.4570355543281408
83242,38.81086642709125
83243,1.1843977963513264
83244,2.241981383740238
83245,0.26380946918241766
83246,1.969386411347592
83247,2.913322845714057
83248,2.169207731584929
83249,1.2140805617981354
83250,1.0032908366172495
83251,0.8429121114829574
83252,0.47707214965333716
83253,2.25433163357424
83254,1.6435428673564423
83255,0.7268359320089082
83256,0.2636666882157673
83257,0.4620909845841525
83258,1.975066939334008
83259,0.40266182723695204
83260,0.08630259853569522
83261,0.3272235271832305
83262,0.45840518148133663
83263,7.589306756584555
83264,1.8416113834944738
83265,0.2646750296586748
83266,4.690478877531977
83267,1.1490896891452667
83268,0.1962565023667785
83269,0.48369564255212283
83270,2.91893007313293
83271,0.5294122258183751
83272,2.523688343782917
83273,0.14575748919316278
83274,0.17683027849446478
83275,0.19092771261608898
83276,1.0136476590163432
83277,0.29494217697256586
83278,0.3502640099232816
83279,2.085669539613042
83280,0.18792190468470252
83281,0.21546274252589132
83282,0.841855228722217
83283,9.023599876201844
83284,0.5528932296405231
83285,0.676433064280233
83286,1.2867061776865298
83287,0.05325942258840333
83288,0.19087300885502542
83289,0.5712456535949476
83290,0.10182799154017473
83291,0.13713095392802027
83292,1.0896111909503456
83293,0.8945519792701805
83294,0.3040845892132478
83295,5.7657799141647885
83296,0.8510793513105288
83297,0.9167134511413807
83298,0.24978960806305547
83299,0.5885925575160966
83300,2.939286028315739
83301,0.35087710181042037
83302,0.9334976142170477
83303,2.1507577180484216
83304,0.5728156863665833
83305,0.7710441972209703
83306,1.8378816263610442
83307,0.5936778812486663
83308,0.6141028925532467
83309,0.9273944412076254
83310,0.37083450530931744
83311,1.181445684883129
83312,3.0580035620865478
83313,16.467276749325624
83314,5.323186508789487
83315,0.11913836010191221
83316,0.1893177707156039
83317,2.091383970178327
83318,0.4217514853849116
83319,0.1781069419938351
83320,1.7507919489978365
83321,0.2889316281221583
83322,0.29451029672369256
83323,2.2264816013157556
83324,0.479120160209458
83325,1.2539996830154942
83326,1.2756448976531307
83327,2.0363253125929806
83328,0.06265258883242966
83329,0.2097370297576367
83330,0.8220191817493323
83331,0.13022250737697802
83332,0.700800184415445
83333,0.5419316592289838
83334,0.6819703605636204
83335,3.8703977894992985
83336,0.27705226719992687
83337,1.1204817379515013
83338,0.48412798982128463
83339,0.6694113843230145
83340,0.654696755863741
83341,0.25305149066147703
83342,0.5815352879002662
83343,0.37033967187013933
83344,0.30799005553842035
83345,0.24269523178432123
83346,0.33343954274618626
83347,0.29931304632639877
83348,1.1180754190251556
83349,1.1069711850231259
83350,0.9139648925562809
83351,3.743284154726984
83352,4.6201688036069894
83353,0.4072124901247972
83354,0.8137375775468537
83355,0.7294978114066081
83356,1.9903836858324861
83357,0.651561501476412
83358,25.58871102455124
83359,0.40011185715527275
83360,0.08411815569768505
83361,1.0158473538110329
83362,0.814246184345035
83363,0.7467752182661868
83364,2.176032903738096
83365,0.4207540539649893
83366,0.7502942778893685
83367,0.5651755614764351
83368,0.5283059774470833
83369,1.054393345165554
83370,0.7734487366100404
83371,1.3884997182499947
83372,1.024024965037318
83373,0.08352559297632975
83374,4.727604561777102
83375,0.4563673247113524
83376,1.09383830867863
83377,0.4344050817207525
83378,0.6311984143455905
83379,0.1794037294226992
83380,0.8402779948278923
83381,0.31706038699085376
83382,0.2102442918548858
83383,0.21607640125632227
83384,0.906355082379371
83385,0.1906787051230136
83386,7.6708440024063025
83387,5.886698858194793
83388,0.9313102290985413
83389,0.8682799313742555
83390,0.878005173397794
83391,1.5041538924051974
83392,0.9204206151330023
83393,0.6278516302215188
83394,7.169745464729533
83395,1.7160116712061753
83396,0.8808053450433988
83397,0.5040820206311716
83398,1.3732375590888908
83399,8.31338737721019
83400,0.21582094567177929
83401,1.1232876541521746
83402,0.08803157622697919
83403,1.0090698834452494
83404,0.3294918876716967
83405,1.2736665570613181
83406,1.7874213563556183
83407,2.449315184268134
83408,0.9965802449268844
83409,1.626320248040427
83410,1.6183440237185123
83411,1.4416456342697084
83412,0.8190689826629299
83413,0.46361171681381946
83414,1.6923157667021764
83415,2.9575085427159546
83416,0.8210653251347475
83417,1.5665832604865229
83418,1.7222363284168511
83419,0.788586333582973
83420,0.11219879988026381
83421,3.560220773449898
83422,0.24104531722878925
83423,0.14336681675141566
83424,1.132023577055856
83425,1.1048915843464262
83426,2.4759063128152996
83427,0.6988138702080398
83428,1.953491829640271
83429,0.1633768879499853
83430,0.1722696654811811
83431,0.26410095899996594
83432,0.5307124132964697
83433,0.20875592456359085
83434,2.2583615062239835
83435,0.41253607268189957
83436,0.9654640681606179
83437,0.36323909243802294
83438,1.8453456561810502
83439,0.38488140648741154
83440,2.018858760640432
83441,3.1397263068642554
83442,0.336457104367968
83443,0.732932238077078
83444,1.0231282377376136
83445,0.5340607157440878
83446,0.6919535785106201
83447,0.25549377512751653
83448,0.29126746374650847
83449,0.5917965377819511
83450,1.5473534378496336
83451,2.8178770634600694
83452,1.4071533001887193
83453,0.38317833892090153
83454,0.639273608593887
83455,7.970850685018045
83456,0.43781645332244074
83457,1.4218960610231375
83458,0.2147345803122095
83459,0.4289452249895482
83460,0.2592489483160321
83461,1.8066075142384597
83462,0.6785636491187045
83463,1.1918759468588622
83464,2.110458083947852
83465,0.7394068670113058
83466,1.0926228171618686
83467,0.379392826940259
83468,0.4746667609818395
83469,1.1993988707120367
83470,1.1878582617108846
83471,1.795893670588616
83472,0.17108876091578074
83473,1.4908817790462439
83474,1.1302728678844496
83475,0.6279563392312172
83476,0.12721663249701373
83477,1.2052150807119133
83478,0.5699616839625257
83479,16.643652590006678
83480,0.3175520420997744
83481,0.3957635108416042
83482,2.0499541605249627
83483,0.2531284939273447
83484,0.2056428645767844
83485,0.43441063098346966
83486,0.20438715410779873
83487,0.2608818821244702
83488,1.2513040093350642
83489,1.0173186611832181
83490,0.6382604404214849
83491,0.8089347882870531
83492,0.9772692898143055
83493,0.9003151953678177
83494,0.15703515282935004
83495,0.3946940835984185
83496,1.7760588737174001
83497,1.0093267516970517
83498,5.427015303594779
83499,0.39464021503869917
83500,0.16638383852427271
83501,0.8524689063418269
83502,0.1633692807285624
83503,1.1722299582156475
83504,2.3868439925391476
83505,0.10046804187998315
83506,0.7515676749087422
83507,2.698590868428343
83508,1.5809738787769874
83509,0.12705479382173818
83510,0.3606615775769245
83511,1.8962549341059476
83512,0.542024288533515
83513,1.826217980452676
83514,0.11728053068334382
83515,5.510296621707585
83516,0.6680554144519876
83517,0.28369807547481457
83518,0.372534777952625
83519,1.8201958812433954
83520,2.1245531970263065
83521,0.4744761756996478
83522,0.47936702716026175
83523,1.384164340991775
83524,0.4076356869041502
83525,0.07240541452612649
83526,0.6470363681994161
83527,0.2854800172459823
83528,0.9768612389398802
83529,1.397193346640258
83530,0.3361119746697604
83531,2.6505170069218633
83532,1.7960277260696351
83533,1.496861090375391
83534,0.37719448036267295
83535,0.8888949174310329
83536,0.48702760594523803
83537,0.5700623894476194
83538,0.08155583931157737
83539,1.1122140406861265
83540,1.1728278385928133
83541,0.4710695851792016
83542,0.7574268090288278
83543,0.7534531197948218
83544,1.2250183861282673
83545,0.822222462384155
83546,0.7531967265994046
83547,1.6381594260270624
83548,1.1598017670266096
83549,0.8831786292568592
83550,0.11843665748030768
83551,0.5202054872560538
83552,0.43620461146878814
83553,0.11425193492521836
83554,0.6019108562402209
83555,0.5344800638235455
83556,1.328869998757608
83557,0.5362237757176895
83558,0.21235150264293615
83559,0.5538816133269199
83560,0.40645845955053883
83561,0.6664719330450715
83562,1.2582979341978018
83563,0.886379679992594
83564,2.3103859169676304
83565,3.279256338132795
83566,0.09567137037537332
83567,0.09272788453581025
83568,0.12320666282636135
83569,0.22535762070817028
83570,1.0220868393601692
83571,0.33689855989687867
83572,0.37852429511741525
83573,1.2402616839906415
83574,0.8285115822267691
83575,1.3846246243450944
83576,0.3238619266406795
83577,8.998177854386741
83578,0.7408660658810241
83579,0.6134538198411892
83580,0.041199030559239375
83581,4.839755757205614
83582,0.06269002978974797
83583,2.120198428345998
83584,0.9026924971854692
83585,0.08540631663726554
83586,0.64260702126404
83587,0.8609602901889237
83588,0.102985663365865
83589,0.1691830260599094
83590,0.40806703055284577
83591,0.9008792784977734
83592,0.19340739958427297
83593,0.3356802899091041
83594,0.12613397527541115
83595,1.5088995376139076
83596,0.2054565823112086
83597,3.9372193919142524
83598,2.0537859920078314
83599,6.843213593845585
83600,1.6452892271374167
83601,0.35859377931999736
83602,0.3691059272107516
83603,0.5039301899323905
83604,0.6911938759201502
83605,0.13486070339180803
83606,0.1747574787132226
83607,0.21803085257954669
83608,2.594784135634556
83609,0.16883930279667986
83610,0.7405467233965517
83611,0.0871954115937554
83612,0.8266434490183511
83613,0.07842534053573195
83614,0.6318378425090079
83615,0.2676072238024405
83616,1.1520834906302437
83617,1.3132973264430494
83618,0.4002960904585486
83619,0.13176096530931697
83620,2.3833476018775164
83621,0.5491757051851973
83622,1.577893268590038
83623,1.2461687954521725
83624,1.9037960886493912
83625,0.36040854986075294
83626,3.086457778914895
83627,0.11940778022875559
83628,0.49028940800520254
83629,2.698362196017842
83630,0.24351104724457873
83631,0.36447611858616247
83632,1.7161282728529703
83633,0.3362597989035016
83634,3.3189433877510846
83635,2.080668774608651
83636,0.6787233162428487
83637,0.824566777638636
83638,1.4602662539105262
83639,0.9381453147273218
83640,0.8939736858798373
83641,0.7067920106594272
83642,15.731774535944215
83643,0.11686922476482202
83644,2.0251099282352203
83645,0.7267356230561686
83646,0.24302354197538575
83647,0.9713711057232184
83648,0.5904107399922152
83649,0.28725516278624696
83650,0.30041540591205357
83651,2.11334205552656
83652,0.4187404766799331
83653,0.11137279640123039
83654,0.7309099180308073
83655,1.885410852288748
83656,3.1142819467514866
83657,0.5765745161586115
83658,0.15011624048421615
83659,0.31853249815132
83660,0.5462110354647443
83661,2.1084297586754546
83662,0.18474475315414005
83663,0.28104063120383094
83664,0.24084170679511566
83665,1.3664740157181021
83666,0.6129703800412108
83667,0.2076162045197715
83668,0.2095406991051462
83669,0.9655453029148592
83670,0.18807628598462095
83671,0.16492867575936002
83672,0.24878370982721337
83673,2.714936354546241
83674,0.25860981892816565
83675,3.048538283624172
83676,0.1382156073109419
83677,0.9386667543576956
83678,0.26477773546685496
83679,1.9806803193801832
83680,1.7828988415731506
83681,7.4203925119745495
83682,0.24177404684580184
83683,0.8883022709595692
83684,0.8640559690678316
83685,0.23537310501044786
83686,1.109697182279558
83687,1.3473628380698668
83688,0.5035849557370615
83689,0.18539140183688207
83690,0.21321484798621382
83691,0.2129836592507488
83692,0.6400750747524887
83693,0.9688309400076831
83694,0.2700051604190696
83695,1.2588409579034334
83696,0.31638192783184943
83697,0.410052290505273
83698,4.526904451123093
83699,0.261020062571514
83700,4.922021735948782
83701,3.086332043423438
83702,2.91304686047554
83703,0.08815602345921979
83704,0.13678712935191076
83705,0.854683541738505
83706,0.1439425881682092
83707,0.6589139256182108
83708,0.09060485195036294
83709,3.9585953109960546
83710,0.34513680612852227
83711,0.32586047063219137
83712,1.4381964486342285
83713,1.0143894213864755
83714,1.1555431393526063
83715,0.7052921390501855
83716,0.026146256917709172
83717,1.0871784076837876
83718,0.9147043983343449
83719,1.5105742595191387
83720,0.17158972846790307
83721,0.7515739552912598
83722,0.7966744960304845
83723,2.218636177163459
83724,0.04305227900080397
83725,0.7711748208528958
83726,2.263607886168873
83727,2.0172379955722146
83728,0.4337254598637431
83729,0.21148187768194313
83730,1.183551589925013
83731,1.0084876217822625
83732,0.12507924213899987
83733,1.655703490211023
83734,0.7761317297365949
83735,0.42680953257656035
83736,1.0926800211057246
83737,1.9200509314645111
83738,0.9927826719291659
83739,1.2390896171421775
83740,0.5005361393243357
83741,3.887751619134209
83742,1.8671662777920113
83743,6.666720172922925
83744,0.5625866178523998
83745,0.22109779102075092
83746,0.15124980129959145
83747,1.1925381535754194
83748,0.4598651700910721
83749,2.2988364171266915
83750,1.969884385381035
83751,1.2690166250031432
83752,0.17344751755408516
83753,0.8419302134000429
83754,1.1388055542150826
83755,0.6736055642138986
83756,3.0294916350686014
83757,1.0019773703520698
83758,0.28404691475831023
83759,0.5123827940154876
83760,0.6177713451679343
83761,0.5837514779320655
83762,1.023382877509536
83763,1.4660920562668833
83764,0.9636498157536639
83765,4.056034511059936
83766,1.002926765696624
83767,1.4164429971970665
83768,0.5955483318965199
83769,0.11540392303587192
83770,0.9866348336375625
83771,1.3751277330701608
83772,0.9725875932744245
83773,0.07923321671123068
83774,4.739847605752272
83775,0.06621667633781152
83776,1.6779955237340691
83777,0.702046680649701
83778,0.3167486652470394
83779,0.6531581355628459
83780,2.659184793471129
83781,0.9696664239868734
83782,3.26665922587238
83783,16.00685012015873
83784,0.6924667172684283
83785,0.6246057434057803
83786,0.14732685557283368
83787,1.3837035019464763
83788,0.49683151982605384
83789,1.9467079896012447
83790,6.376073444786437
83791,0.982342898936371
83792,0.5332735615130841
83793,2.520764873654579
83794,0.023626751469074947
83795,0.08850056219557846
83796,4.080951645930853
83797,2.1128516926905663
83798,0.8585040681640561
83799,0.801858878822928
83800,1.0060128540525537
83801,2.4736622400032817
83802,0.19596030312425744
83803,0.5145586555090765
83804,5.515832608688156
83805,0.23350107337920026
83806,0.5189687731662364
83807,1.532718034133564
83808,1.024510871106905
83809,0.9648667575291898
83810,1.6960895768470914
83811,6.729305408936608
83812,3.106579355323047
83813,0.5558980800918406
83814,0.11096769472525456
83815,0.23564373123256538
83816,0.6268722189286445
83817,0.4725334112732755
83818,0.5409283618442464
83819,3.7949742931647155
83820,1.9775563468933903
83821,1.277262923119585
83822,0.5327780353618365
83823,10.634034101788327
83824,0.5811896674201874
83825,0.3082067570700879
83826,0.4603383747178249
83827,4.415791854599894
83828,1.04280457050839
83829,0.24051993627119375
83830,0.20218229132796614
83831,3.515628863121055
83832,0.47665889563920333
83833,1.0578730305702069
83834,0.10652270252003312
83835,1.3006263164832952
83836,1.5426576766477682
83837,0.48405002846648904
83838,3.1230843127218564
83839,1.101293987671408
83840,0.42369925786035045
83841,2.5067107407429052
83842,1.0409777671939209
83843,1.7921541797536915
83844,1.5712594079605218
83845,0.5324354569589304
83846,0.035068245900206976
83847,0.9008316989950547
83848,0.8871053114283665
83849,0.7411972338251868
83850,0.5835406697986479
83851,2.1824329212761224
83852,0.1891127523251459
83853,1.5022959201510304
83854,0.37879211366204446
83855,2.3021683411910137
83856,0.17189182940712958
83857,0.09126513322850474
83858,0.11891845573209293
83859,0.11931554606881278
83860,0.7120650122476968
83861,0.07145317114553075
83862,0.21951008638582004
83863,0.5719210505446319
83864,0.5942613574937069
83865,2.144097883915081
83866,0.12256069317518115
83867,0.9550762802656372
83868,0.1228560679786458
83869,1.306202318083147
83870,0.8927948808917262
83871,1.44237294781199
83872,2.62199108813426
83873,0.2451161864091275
83874,1.1121102915253827
83875,0.7306730234987696
83876,1.9344698638587776
83877,0.12252812391331261
83878,2.99081464578959
83879,0.25626607175807625
83880,0.23121627183092125
83881,0.3541137559461601
83882,0.08184597382878327
83883,0.04475409438112842
83884,1.8846036437416276
83885,0.0737495718519057
83886,0.35114664510104643
83887,2.410274782453636
83888,0.294283647806346
83889,2.2026945881154774
83890,2.0086864277815084
83891,1.1701688901594687
83892,3.2716605285528075
83893,5.217106175783704
83894,0.08786469695556783
83895,1.0760348583343726
83896,0.14119728118543695
83897,0.5894725970265706
83898,0.7421305764268032
83899,0.8725619730843212
83900,8.107250783619788
83901,2.3006216859361395
83902,0.7850844837422492
83903,0.9750538065835382
83904,0.08132004064567745
83905,1.0766883905190858
83906,0.5912880853294823
83907,1.9990662685956249
83908,2.44254649335284
83909,3.936478706573319
83910,3.276051461105098
83911,0.9622323053905466
83912,0.30382194454947126
83913,0.5116676606874616
83914,2.5652931406530723
83915,1.0017083741939066
83916,0.3820646363943707
83917,0.3116318271059122
83918,0.9016333917293351
83919,0.11944101540243673
83920,0.866607974561119
83921,1.2099355026160266
83922,1.747448957453913
83923,0.5811998073023269
83924,1.0707799518395908
83925,1.2132951864049584
83926,1.4597315501016854
83927,0.08913706189392409
83928,10.917421338711247
83929,1.6921255313977148
83930,4.571974870077715
83931,0.04631146754018318
83932,0.11714945921822006
83933,1.0987158973269109
83934,0.14414871517954123
83935,2.646999525397728
83936,2.9033627330777754
83937,0.39535125474362104
83938,0.7805288982416412
83939,0.32006222596473033
83940,1.612079089907748
83941,0.08391467379172006
83942,0.5855285895429854
83943,0.7635061451082548
83944,0.2799283481002157
83945,0.812784484492922
83946,2.078498548399824
83947,0.550833437533116
83948,1.5883698645300348
83949,2.587564778133781
83950,0.6682607034166144
83951,0.09620062827637484
83952,0.9835570195882051
83953,0.023130404790980004
83954,0.6872603120986399
83955,0.35039284213836047
83956,2.301122168356486
83957,2.119063526763303
83958,1.1041296523204767
83959,0.8550814407252603
83960,0.8539362631741823
83961,1.4056692601342229
83962,0.9648199289056918
83963,0.8956462987055043
83964,0.12028374973257518
83965,7.318010333136535
83966,0.4519311707783365
83967,0.45866883885918974
83968,3.1956973229635404
83969,1.170214927820239
83970,0.16777605239112073
83971,2.0575500463144407
83972,0.4985145516192197
83973,0.08577039107672738
83974,0.6237707026977786
83975,0.19972271938174752
83976,0.185326341030363
83977,1.5306230911381866
83978,0.4134438987659327
83979,0.10324278936709622
83980,0.20956174615117154
83981,0.5734527221139697
83982,1.3765504232208994
83983,5.445850818475291
83984,0.048927958074522646
83985,2.907552548152828
83986,0.2633022829837011
83987,2.5336889090361527
83988,1.9737345594412148
83989,0.19891274085778837
83990,0.2956389372802672
83991,0.7269259773983561
83992,4.189618612924719
83993,7.971199036758185
83994,0.272253517806911
83995,0.6536516493250627
83996,0.21604727143092267
83997,0.8699692416167815
83998,4.3589167009685665
83999,2.011613565806446
84000,0.08044541504971699
84001,0.6145376980519338
84002,1.5113191285086869
84003,0.6824154293248346
84004,0.8689435976539726
84005,0.8197483813031742
84006,21.082546997537055
84007,0.5290467239971347
84008,0.28714424967708346
84009,0.25861928345123775
84010,5.4468217485456805
84011,0.6801463267988828
84012,1.3718168738078376
84013,1.7641982240409682
84014,0.039886922988229295
84015,0.44186095034510864
84016,0.5392596258294711
84017,7.72341801187212
84018,1.381923997023593
84019,1.2495827899981136
84020,1.9305421235872426
84021,0.6041228859731218
84022,0.5449838148795612
84023,3.23816701535323
84024,2.481166878748613
84025,0.7514538758645137
84026,0.8856300520828637
84027,2.5270112022679525
84028,0.3413574395498444
84029,1.7943405967365276
84030,3.2192448422166287
84031,0.8520903308356427
84032,0.20422578783905665
84033,0.16333150065797689
84034,0.41871281146199635
84035,0.5328847587966657
84036,3.4002466049186806
84037,1.3235428748091518
84038,0.10106614855425189
84039,1.000297632935983
84040,0.1503139450003875
84041,3.62945404577672
84042,0.0894404326401443
84043,0.294213881300557
84044,0.2652960497787595
84045,0.4567060939360306
84046,0.4098777690963933
84047,1.5522734500056685
84048,3.446513139510475
84049,0.20067739721673378
84050,2.05699405275497
84051,0.2163584831848463
84052,0.7574827459641688
84053,0.5974715154040284
84054,0.3425128175327047
84055,0.6874380519989471
84056,1.3369802963604254
84057,0.36354818335862155
84058,1.8039219211067352
84059,1.3513521445543695
84060,0.08391365154986338
84061,8.175436417477421
84062,0.34053373207992754
84063,0.1450603287548208
84064,0.5645148539426351
84065,0.6795470676905057
84066,0.7460215837288432
84067,0.7573592532133473
84068,1.8391673789958056
84069,1.6132811035677854
84070,0.6559163107081545
84071,1.5495240140538917
84072,2.10484530983044
84073,0.44478686174907756
84074,0.8612124878565212
84075,0.9300651111435284
84076,2.4520654190703537
84077,1.1550374456293782
84078,0.9348896839866615
84079,0.5645797019095384
84080,0.17753891906832986
84081,1.1165279221527493
84082,1.457095690327811
84083,4.576474226342572
84084,0.6976186794628715
84085,1.4910236032546056
84086,1.5926933921881226
84087,2.1288427406619794
84088,0.9276233038096326
84089,0.5535283324650304
84090,0.2932529478113164
84091,1.1371706834519604
84092,0.708043830092923
84093,1.3003964683600964
84094,0.047581583391252256
84095,1.6881342449602967
84096,1.4444479241721582
84097,0.16191210504839934
84098,0.9909419618000059
84099,2.16204577210039
84100,0.8690751074655095
84101,0.7510587734802672
84102,1.0069744759679542
84103,0.39684336154925626
84104,1.5272751478111706
84105,0.7369060630795047
84106,0.6103408202753217
84107,0.853359236969762
84108,0.7301997552642691
84109,0.34222141943761974
84110,1.8873564563417498
84111,1.060977150040153
84112,2.826483028874288
84113,0.9176372918490969
84114,0.8863118619133732
84115,0.5538630230858521
84116,0.06754509331312429
84117,6.316473697376719
84118,0.11067110812012652
84119,9.876076433708345
84120,1.095314970414866
84121,1.524937330035678
84122,1.343606982539439
84123,0.3052056051304977
84124,1.966747615086294
84125,4.557941613147196
84126,0.23325674395964582
84127,1.9301948865820153
84128,3.234558863290978
84129,1.0509544351454032
84130,4.779281451770345
84131,0.20562463921844226
84132,0.32716150503080854
84133,2.9951449081257104
84134,2.0311947643944115
84135,0.0857625231676153
84136,1.6532388469552768
84137,0.09132068547259016
84138,0.2619923410945377
84139,0.33974968106273207
84140,0.24502874609741715
84141,0.35185093641175746
84142,3.52137634229648
84143,0.45760101706100914
84144,1.0641371427919386
84145,0.9180512260510618
84146,0.7317341192672675
84147,0.47945757113525156
84148,1.6853526029886805
84149,0.08002038533024672
84150,0.6438399114800823
84151,0.27381809748017083
84152,3.9603022331594326
84153,0.37484528197026945
84154,13.3111298974342
84155,0.5884729959295558
84156,0.5234205207795244
84157,1.3364404627726538
84158,0.09271395635930732
84159,0.16393585081700673
84160,0.65098070996527
84161,3.0989372876755095
84162,1.2718698492600495
84163,0.4420733251058711
84164,3.374956731820855
84165,1.777776636072064
84166,1.2624217070311141
84167,0.11877393839716033
84168,2.2410000076763223
84169,0.8935768756197779
84170,2.7300514357115904
84171,0.3582357638741486
84172,2.983071567189699
84173,0.2272126850055001
84174,0.5721400893285851
84175,0.19724535626640988
84176,0.35965641543759236
84177,0.5977805485649715
84178,2.123515901770195
84179,1.7143759210621563
84180,2.6591101578820373
84181,1.391392653451828
84182,0.28151740325549784
84183,2.2347603034516323
84184,0.1270880168379565
84185,0.7104096841786629
84186,2.1999114737116163
84187,0.48426367501460904
84188,0.20331154335391013
84189,0.3261533703664012
84190,0.7430489946517977
84191,0.0537484516341278
84192,0.9145252275900749
84193,0.10982523849771136
84194,0.20800720318047788
84195,0.10727527010912953
84196,0.7665767736831317
84197,1.4414070151813252
84198,3.7968117865007818
84199,0.32633322615116034
84200,0.5832400340185043
84201,0.9162167975589011
84202,0.10636504358333894
84203,0.4632867630387906
84204,0.33910929595782896
84205,0.12234986514348628
84206,4.641988051447081
84207,2.7799755742406904
84208,0.20008169959244082
84209,1.1971294033172801
84210,0.9238348770416855
84211,1.2959296713603665
84212,1.5096929871506344
84213,1.2269814156517507
84214,1.1936116398305538
84215,0.8049070517690251
84216,0.1064527048349086
84217,0.23908339678325796
84218,2.261436635387966
84219,0.07116108443045255
84220,1.3335901147787237
84221,0.9990898449084237
84222,0.8225858343191078
84223,0.29348766200447507
84224,0.2526509512702203
84225,2.4110533144078525
84226,0.8863350592186544
84227,0.31594605317945124
84228,0.37903376621694546
84229,2.8799747213555595
84230,4.2082808064135016
84231,1.1722641817588335
84232,0.6554569011425304
84233,0.16507069187992693
84234,0.07092982009928801
84235,0.7153358326987215
84236,0.19107224502636141
84237,0.32709292007976737
84238,0.08314216276874592
84239,0.533166808343742
84240,0.998114483427888
84241,0.27514042273443456
84242,0.3322756592130573
84243,1.5275123892850477
84244,1.3469310722234238
84245,0.25334204069376753
84246,0.01152384455541633
84247,3.7387893477591407
84248,1.3106372220017162
84249,2.0399719032615704
84250,0.25323784727555526
84251,1.9548411000721146
84252,5.302227503138233
84253,0.08456419029978313
84254,1.0347657097800789
84255,0.6784080057094515
84256,0.8731967134920392
84257,1.6676543295205544
84258,1.184117830688778
84259,0.9822214845455255
84260,0.9674023169543786
84261,0.6285685038917195
84262,1.2481229462739927
84263,0.7810948827059929
84264,0.5256255217956539
84265,4.204687284549104
84266,0.9297131234103981
84267,0.10904487900563709
84268,0.08846066037319676
84269,4.074391843787922
84270,0.7864785269462531
84271,0.597323112872256
84272,1.0105653618207218
84273,1.3222733620984608
84274,0.41365894673652565
84275,0.30962624753033674
84276,0.6110493983815655
84277,0.27012915623215633
84278,0.27231772916048513
84279,9.394719404854886
84280,0.44016592882818356
84281,1.1328863916526368
84282,1.0571044825804694
84283,0.215536504882043
84284,0.7320272835052489
84285,1.335304314950033
84286,0.7338380474729924
84287,0.5550265892796064
84288,0.2141634029081027
84289,0.7617969526677648
84290,0.42144868274521546
84291,2.6726878827664216
84292,0.837720026905874
84293,0.09334817876258256
84294,0.5794460754414799
84295,4.171982196180141
84296,2.0785906810417627
84297,0.18960754343020392
84298,1.0013480060359774
84299,0.8871360939923985
84300,2.0568615754852613
84301,3.417487482201536
84302,0.23590873597679485
84303,0.957185289860931
84304,0.6983814328315894
84305,0.49363915506409534
84306,0.6270539576525629
84307,1.3295613392605594
84308,1.502243317266289
84309,0.2611197336937367
84310,1.1248507578077263
84311,1.1104515862159006
84312,0.9099886201072007
84313,0.2829195518537173
84314,0.3293926636658347
84315,0.8388440903059339
84316,1.162559165781775
84317,0.3151221188619391
84318,0.6500697953280578
84319,0.7777705289818443
84320,0.23067283944181505
84321,1.2778650396091966
84322,1.807580903284741
84323,0.8225270289271694
84324,0.11334183836025159
84325,0.43247199448585427
84326,0.20099486988639167
84327,0.5366413432460088
84328,0.12648925028041413
84329,0.8965648086400401
84330,0.2905679529436625
84331,1.1983008978075116
84332,0.6880384095230152
84333,1.0419911564594846
84334,0.3351948625647842
84335,0.3890851422120747
84336,0.7345834779360915
84337,1.585567641908483
84338,1.3341785124624836
84339,0.16458458498495585
84340,3.539633066810838
84341,3.4214988941492384
84342,0.6120007048381249
84343,1.1930118731084522
84344,1.7019645639636325
84345,0.6495691182046343
84346,0.5985760758010715
84347,0.37054418528849675
84348,3.001838899352496
84349,0.14801106892939594
84350,0.14362961582433068
84351,0.6177980593736366
84352,1.2340606856287668
84353,0.07252693730573337
84354,4.2866977457494215
84355,0.09611657187265214
84356,0.554050944319499
84357,29.986354128895748
84358,2.5033078693580757
84359,1.5778235715458317
84360,0.1753498354024032
84361,0.09167953975571387
84362,0.28169398364328396
84363,0.13435673063621795
84364,1.2212628502242928
84365,2.247301310903631
84366,0.542785448542375
84367,1.7143792647080118
84368,0.2796646853228131
84369,0.8748075665427678
84370,0.21616750472432092
84371,1.2183043581342259
84372,4.167087300502586
84373,0.544708743000721
84374,12.186057510689185
84375,0.9624457064808026
84376,0.4406077701851141
84377,0.48029517425198237
84378,0.640334975140145
84379,0.27651506923314145
84380,0.1991066039134075
84381,2.28903243287377
84382,0.5182404607531815
84383,0.2841232283288585
84384,1.5174292560909075
84385,0.07603817811154141
84386,0.6450589032231703
84387,0.4580027687345364
84388,1.1511110548340995
84389,1.0059756583910215
84390,0.08686815121383774
84391,0.24357629926045837
84392,3.1886052661581115
84393,0.4607115220440362
84394,0.9575195306470184
84395,0.5859089933066606
84396,2.629285635727728
84397,0.6888607982563468
84398,0.8470524847366081
84399,0.7046868966543122
84400,0.41669921706542434
84401,0.3534297995229151
84402,0.13905439381265594
84403,1.021855221460786
84404,0.0941146172161038
84405,7.467971240023115
84406,3.6528349871916945
84407,4.028188630471456
84408,13.676958895533653
84409,0.42829928926134025
84410,0.22795585805506968
84411,1.3772767297961446
84412,0.6466386317640891
84413,0.6870810586077194
84414,0.4974377542131272
84415,0.0562825897318983
84416,2.4122719720317574
84417,3.5606200595708075
84418,0.17452873156347293
84419,0.4208063630638232
84420,0.7554566160097322
84421,0.2331582624977478
84422,0.15552569807590125
84423,0.9242322334621087
84424,2.4075790003384747
84425,1.459287841329065
84426,0.7218824017506112
84427,0.8621571823457106
84428,2.006386776149731
84429,1.6477144843896454
84430,0.3235016726537286
84431,2.4738169847963514
84432,0.2693302859323566
84433,2.490114876293373
84434,5.842190331113343
84435,0.5162272377571682
84436,0.38790623691632026
84437,1.5891714579569645
84438,2.2250803230596494
84439,0.364730579654443
84440,1.4862782509904962
84441,2.40469583826415
84442,4.768359366605475
84443,1.9107235686584436
84444,1.4014486842245706
84445,1.1572032062038724
84446,0.47992635567700925
84447,0.1334809516816427
84448,0.6280588636134479
84449,1.0690894869138239
84450,2.6452071141129263
84451,1.3246819146310316
84452,0.49093675700074463
84453,0.5174242477045311
84454,0.45163268320365
84455,2.340118745808291
84456,0.09387000171810204
84457,0.17882068385780187
84458,3.1248730183446263
84459,6.139621436121893
84460,0.4719533747798458
84461,0.09179726152149043
84462,0.44056734422441174
84463,0.4318744806489191
84464,0.538586114064733
84465,0.27293133901639666
84466,0.18813826769627243
84467,0.39173120846685683
84468,0.5613301647526293
84469,0.4304217180017701
84470,0.5734222915828459
84471,2.335775378021361
84472,1.5176833382739423
84473,2.171191081225111
84474,0.27081488515907415
84475,0.5260075306032604
84476,0.15068955335671436
84477,0.050496476152980266
84478,3.5912686847720097
84479,0.29720846118520305
84480,1.309114256935373
84481,0.6025012430887696
84482,0.12953256779900546
84483,0.9950854282182142
84484,0.0882621807536174
84485,0.20475254805953966
84486,6.524704738360056
84487,0.07541008134958585
84488,0.8394839108373515
84489,3.2515798540514087
84490,1.1754630499679632
84491,1.2560841050107616
84492,0.9145322729786701
84493,0.8460854997508006
84494,0.9443848543959407
84495,0.8940018582517021
84496,1.2568460685735827
84497,0.12376438497664125
84498,1.6669852238200973
84499,4.3066798178352865
84500,0.37490311409750904
84501,0.2926510665052129
84502,0.447512500697983
84503,0.2981599267476924
84504,2.695460171065267
84505,0.6425273888536648
84506,0.3929779835569621
84507,1.3706788325747818
84508,0.49669036458744137
84509,2.1985321526460706
84510,0.13937172209408058
84511,0.9629456383497488
84512,0.5213565287926544
84513,2.6378074147547492
84514,1.341924331869959
84515,0.11955951500931966
84516,1.7629726782632502
84517,0.5072073864322517
84518,2.5656237593525626
84519,0.31454158331982457
84520,0.08128682847892879
84521,0.953901910914192
84522,1.5166199702819243
84523,2.3671678885276326
84524,1.041499512323098
84525,0.24447729477007707
84526,0.44378008443964184
84527,0.1855585997162124
84528,1.4743499677867205
84529,0.08349102799378964
84530,2.4672329771369497
84531,0.1692681770307932
84532,0.8845445072958154
84533,0.09237631278705018
84534,0.8793110797729685
84535,0.8035314380905156
84536,0.9954400803996994
84537,0.9398830566638058
84538,0.5197652320468205
84539,0.6134112139633499
84540,0.34214454744343525
84541,0.17115983158142384
84542,2.6649124043472545
84543,2.269437132472083
84544,0.9618404055351661
84545,0.14557020508004445
84546,0.7179497993048594
84547,1.2674600927310713
84548,2.718592324720899
84549,1.1573680273191758
84550,0.9930891975820133
84551,0.7056476556250851
84552,1.0344699463055036
84553,1.3023481599727835
84554,0.18250317151704082
84555,0.9375489763257788
84556,0.6125591841046518
84557,0.30388331550318576
84558,0.9934322593720035
84559,0.13269781852096782
84560,0.41762482568814246
84561,1.736498136857853
84562,1.376898753667339
84563,0.29620522391987597
84564,0.9244244340968102
84565,1.0432048459314138
84566,0.14408724292698685
84567,0.07370856180263494
84568,0.5333239539734859
84569,1.2551430385144788
84570,0.6605208121494957
84571,1.277494541667418
84572,0.14447403667478323
84573,1.850043925141752
84574,0.17657549399907907
84575,2.4894223512514015
84576,1.1752212154227824
84577,1.3304730447332378
84578,1.1938818146464467
84579,0.6747685818278287
84580,4.809994529493916
84581,0.8021791081132139
84582,1.1356616704046736
84583,1.7836282787164552
84584,0.7516408788049973
84585,0.9905014667632159
84586,0.7231390299750816
84587,0.6519938400289836
84588,0.2689185652967964
84589,0.9197072178119916
84590,1.5241747353938138
84591,0.7063607613724248
84592,3.470028512759808
84593,1.8870656764853613
84594,0.3457131939476573
84595,1.8920983857443214
84596,0.44836458562198167
84597,0.4807494330257119
84598,2.07931852081551
84599,0.05824386083695735
84600,1.52831499924549
84601,0.19029317835020734
84602,1.1914355151865401
84603,1.8033102777895338
84604,1.4861983351939656
84605,0.12781658251121983
84606,1.329082908667346
84607,0.1973838451971293
84608,0.7192452857992782
84609,0.23881494631057906
84610,0.3996087034400298
84611,10.872154250536392
84612,2.9537178678772897
84613,0.7384589988143195
84614,0.10791175211628502
84615,0.4386098278960068
84616,0.1577554913672041
84617,0.3409522446020176
84618,0.16452895784138408
84619,1.1875502777227847
84620,1.31046091288783
84621,4.710980691824649
84622,1.5092950713926554
84623,0.34795831232981006
84624,0.4628940087127794
84625,0.42238190703020606
84626,0.2508144198743675
84627,0.3012079012648821
84628,0.636783997069885
84629,1.4716309621714785
84630,0.47047152743074233
84631,1.187561713926206
84632,0.19544796595391675
84633,0.36139340449718704
84634,0.2228032267800292
84635,1.1423635715111573
84636,0.1888067222113827
84637,1.6222914495318743
84638,1.8849605220029215
84639,0.143962521874189
84640,3.060035256190599
84641,0.4180628710210774
84642,0.8438524118409299
84643,0.5411211532774375
84644,0.26781457959680055
84645,0.7522141692579646
84646,0.49303329216039027
84647,0.421065623754558
84648,1.504695168275867
84649,0.7921222794006744
84650,1.5923520888264249
84651,0.27037905081178615
84652,0.3020467094033244
84653,12.364204505330957
84654,3.007257857139789
84655,4.097875644614009
84656,0.4557845855364324
84657,0.19408677316941786
84658,0.2301667090766162
84659,0.5258327429971096
84660,0.09527954877107545
84661,0.7577786921793994
84662,0.675103574607249
84663,4.125500948462514
84664,0.23791268831237783
84665,0.15237059632689523
84666,1.150204879674051
84667,0.34758130366664597
84668,1.1778751370690341
84669,5.092022566712809
84670,0.49861746837098314
84671,0.39961129162194725
84672,0.21624450696262337
84673,1.7617398975940166
84674,0.19601925951892496
84675,0.24364152750141257
84676,0.15636754334713815
84677,0.38202376016115475
84678,0.6099006626960608
84679,0.3789493533703818
84680,0.7096258343553096
84681,0.31928491111590596
84682,0.4015359383069361
84683,2.8883464672909516
84684,0.08369890087118677
84685,1.168806869948067
84686,0.6376426108654231
84687,0.18519323390923118
84688,0.8767993295196012
84689,0.06313512272473772
84690,0.27598878525721304
84691,0.7316079088925772
84692,0.2761208796532718
84693,0.7960552222937275
84694,0.2381657326309284
84695,1.370671789047764
84696,4.34337908953162
84697,0.9479974506984278
84698,0.5651321208713086
84699,1.4927510216756799
84700,3.7021480419956916
84701,0.26352762760108117
84702,0.14375244937516163
84703,4.889359709803438
84704,0.32152093884785826
84705,0.3910219875279241
84706,0.7320041874798174
84707,0.08313418890488017
84708,0.9129561762382905
84709,0.269038529500732
84710,1.324020079119045
84711,2.7078901718665658
84712,0.8469213043106479
84713,0.6746223245936187
84714,0.19683988710775138
84715,0.5996266607808636
84716,0.9424856593909579
84717,0.5674807451750472
84718,0.06278418128037529
84719,0.2810161627577668
84720,1.3366878861942386
84721,0.45378753923918047
84722,0.5615683397808869
84723,0.6524410041474397
84724,1.2501534738001547
84725,0.0729549219108531
84726,3.7811652995887606
84727,0.40283444558044706
84728,0.1782236821647103
84729,0.24950297046597045
84730,4.5977282159083135
84731,0.5251531611365052
84732,0.7616909660262909
84733,0.09883897126299077
84734,0.08158374681942761
84735,2.2180803348176283
84736,8.007862764942066
84737,0.08795294733129276
84738,0.49174346702630334
84739,0.7270628908668028
84740,5.786179133294269
84741,2.004658893256241
84742,0.08420294066502398
84743,0.9944749074980601
84744,2.262183321585512
84745,0.07411259418943722
84746,2.427852329916095
84747,5.79126709346732
84748,6.440730179761439
84749,4.2167181829383695
84750,0.38125776498349073
84751,0.4839781884543194
84752,0.2998659254646289
84753,0.31323452678017916
84754,0.9019849404172976
84755,0.12267175194638393
84756,1.9594476791935087
84757,0.25585124718371793
84758,1.6558401042916775
84759,0.34280394256546776
84760,1.498690739637763
84761,1.2833139028551317
84762,2.059286803121732
84763,0.7083603288535635
84764,2.079769504314614
84765,1.0653151465402024
84766,0.2572991838900106
84767,2.0763331838407133
84768,0.2660979050519886
84769,0.09456973882600812
84770,1.8086053269537496
84771,0.7028263995656894
84772,0.5061164893369493
84773,0.14284481466375357
84774,0.43524843218894055
84775,2.4848612862805184
84776,0.5348508235226117
84777,0.6585152223020567
84778,1.2272167910403005
84779,0.23197235293177088
84780,0.2832928359845991
84781,1.1350834397562335
84782,2.4456501006398317
84783,0.15497062182709848
84784,2.8853802859939206
84785,0.18851737844691013
84786,0.4586405963478937
84787,0.6902717932908441
84788,2.049395627945536
84789,0.08370906610611294
84790,2.150104188757071
84791,3.301074528808525
84792,0.3978179935831086
84793,0.35903633645142813
84794,2.4391926952106036
84795,1.8276292522662148
84796,0.10530270063604132
84797,0.39482009853189587
84798,0.21963099713734424
84799,0.2214822525170588
84800,0.07067993857901425
84801,2.7837966605038944
84802,0.11387197550795013
84803,0.3244752422709671
84804,4.0271211140547205
84805,3.0391586371686956
84806,2.5649785800211578
84807,2.358572243760709
84808,0.21615826376429437
84809,3.9935124393208588
84810,0.5499029321628892
84811,2.5991553455542453
84812,3.459379002158577
84813,2.456274104804807
84814,1.0127317324025502
84815,0.14178020355005297
84816,1.5167509909957735
84817,0.5525323399807152
84818,0.46358231533429656
84819,0.1300531729321373
84820,0.5797283050104767
84821,1.823196079859301
84822,0.6281336781686253
84823,1.2902765286095756
84824,0.19591360584789524
84825,0.13606230613986312
84826,0.8696232121359596
84827,1.2676787199700492
84828,0.28988585618588447
84829,2.1191072167441902
84830,0.3541362384372493
84831,1.722525778071667
84832,1.2846284589604742
84833,1.258595385178149
84834,0.6631010461800498
84835,2.520737425263318
84836,2.608407634303836
84837,0.4163298725676778
84838,1.6123885089452743
84839,0.2382353898220713
84840,0.5371130614068723
84841,3.24097944113852
84842,0.25198849131639595
84843,0.7712108975932536
84844,0.34171694682144743
84845,0.2569567134295682
84846,1.6188027175115263
84847,0.509827596249871
84848,0.8892805947119373
84849,0.7217102429075741
84850,4.601917912449157
84851,1.4665332134516333
84852,0.8943852770137786
84853,3.4432333396755754
84854,0.40407570981429924
84855,1.5816742012452698
84856,0.15421015039454544
84857,0.09805501277238605
84858,6.107209282763084
84859,2.8140409598562828
84860,0.1698974487363681
84861,0.5616139271802496
84862,2.072569102662546
84863,0.24295850970971045
84864,1.8157303937459752
84865,0.40662792666154024
84866,5.820113699097667
84867,0.3420019422581387
84868,4.447500969097278
84869,2.7926639891933998
84870,0.11465186565567746
84871,0.46733884946562926
84872,2.9635140021358066
84873,1.0415349091551778
84874,0.7630639674277623
84875,3.830718298831651
84876,0.027880130519595595
84877,0.06313729594319574
84878,0.09092773689709371
84879,0.7072035360302137
84880,3.213209684286203
84881,0.07284428340110499
84882,1.707598735965507
84883,0.7953850461737794
84884,0.6826165479430143
84885,0.059034996595437275
84886,1.1371357146789327
84887,0.7919168453249208
84888,0.7301363896082214
84889,0.3162367766220183
84890,0.4948375773606475
84891,2.8286271855155842
84892,0.538731875996462
84893,0.39342441808714057
84894,0.1355494209939044
84895,7.016950877942975
84896,7.4931711722756456
84897,0.23847452470987948
84898,1.8706041772149054
84899,0.363410395015508
84900,3.853447808477224
84901,0.1080803660389411
84902,1.1173431025116973
84903,0.152942837994053
84904,0.10179406680394565
84905,2.9152373971189784
84906,0.056680874633561265
84907,1.2132489634718397
84908,2.313505490978248
84909,0.30250883915107524
84910,0.3094667767031947
84911,0.8944266339491458
84912,1.8711834888362164
84913,0.18581446094619505
84914,0.348831342988385
84915,0.560988445235542
84916,0.3523910987897472
84917,2.840546894932693
84918,0.6228246608239163
84919,0.36841540931084704
84920,8.510971106163556
84921,0.22389231185213448
84922,14.003569361586987
84923,1.0324566488085885
84924,0.11180542837168365
84925,0.8052364594247506
84926,1.5423913334211172
84927,9.053304124722974
84928,0.1491499330344264
84929,0.13782390719770957
84930,0.46505405426302726
84931,0.9606321482593626
84932,0.32398094978546094
84933,0.1403751752877066
84934,0.7714382846902972
84935,0.6234840223170877
84936,0.14073323145750655
84937,0.162895245194745
84938,0.8743194131131291
84939,5.796412535780512
84940,1.2542832334238525
84941,0.6333593917204642
84942,1.249943971582137
84943,1.3161776264887302
84944,0.25512165114878693
84945,0.609102057307407
84946,0.4560197386010462
84947,1.9985478591100583
84948,0.429287840039167
84949,0.17166222735973904
84950,1.0136546609230095
84951,2.1293650192181057
84952,0.4923704482089994
84953,2.1173242815298
84954,0.5236229467420052
84955,1.7779217742702078
84956,1.533045116752782
84957,7.632422017453289
84958,5.063139008726554
84959,1.467677564924584
84960,0.6316142154825186
84961,2.274878226462305
84962,0.5917579738872746
84963,5.485069549269255
84964,0.21984658416017303
84965,1.6808580533192008
84966,0.29657042642333126
84967,0.8985454892844938
84968,2.9075083784647635
84969,0.65537473476105
84970,0.4846591715031952
84971,0.08449419259571786
84972,5.54994627919927
84973,1.567975581976167
84974,1.020450323798421
84975,0.853921695852504
84976,0.11626811293755382
84977,0.320063192424089
84978,0.9612156124666416
84979,12.588539532318913
84980,0.5862199795617689
84981,1.792149048570861
84982,0.43458664024512034
84983,3.0303605898601482
84984,0.35248145856268426
84985,0.6693218124335445
84986,3.057061918909439
84987,0.47225705051976113
84988,2.4577706337031224
84989,2.296708346269825
84990,2.132236806896087
84991,0.137802311579959
84992,0.051618664023870275
84993,0.6095905428427659
84994,2.119929534163753
84995,0.2673452964672026
84996,0.7778345118445479
84997,0.7637940374334078
84998,0.41755604971075283
84999,2.1284986427111297
85000,0.49052429644635764
85001,0.8081878942607179
85002,0.37350149540220606
85003,1.0374954361622377
85004,1.3187834266914422
85005,0.5995761718592597
85006,0.5201692368552844
85007,0.26811455559879194
85008,0.6703773258762705
85009,1.0649568583328082
85010,0.20871481726054691
85011,0.12048579206228605
85012,5.121692653059161
85013,1.2699032653439124
85014,0.6297832428192162
85015,1.0347618574638926
85016,1.7424762231783235
85017,2.467704963230905
85018,0.4354104561516972
85019,9.215314191552652
85020,0.44866095398999334
85021,0.9314630434335923
85022,0.23180609757211082
85023,2.708330397045924
85024,1.123494335274218
85025,0.525204239128669
85026,3.176958722516573
85027,0.05815542919474694
85028,0.4237331364799052
85029,2.6146496889909985
85030,0.12063116721203465
85031,1.2163590278527447
85032,0.6925019822930447
85033,0.16019576426508797
85034,1.948173557466263
85035,0.781768795141968
85036,3.6877990205486375
85037,1.2123247094702472
85038,1.489917553809289
85039,0.8842365430392168
85040,0.30008854147730396
85041,0.47493801687876874
85042,0.5642676924073119
85043,0.6985328718398283
85044,1.7751843106970226
85045,0.613408519134394
85046,0.3267835438219615
85047,0.5188649484920373
85048,0.9104460953723181
85049,3.1078326134493226
85050,0.46255605863235116
85051,0.14400839505391788
85052,0.8746563577497974
85053,0.4627335325338636
85054,2.1100376335119178
85055,0.9436780608165607
85056,0.03944912323110529
85057,0.23580150255428664
85058,0.09215229335978056
85059,0.8233993921222496
85060,1.0525540451039292
85061,1.0073276605398203
85062,2.4353732455170762
85063,0.3376101595681446
85064,2.563419003279181
85065,1.4068546926563734
85066,0.10820086607243756
85067,7.798102498284089
85068,0.35965345257406284
85069,0.46382156727277707
85070,0.1506963403568394
85071,0.6626283542906565
85072,1.0742520253850858
85073,0.9055019926813941
85074,1.3226171207931288
85075,1.3527715694342424
85076,1.039164092858874
85077,3.2696758581074565
85078,0.08704297594205467
85079,3.284121397829672
85080,0.2144020498442286
85081,0.18964113424241774
85082,0.6891955225134786
85083,0.09607775740253992
85084,0.23594760748157625
85085,0.9243063411095079
85086,1.3546157017302902
85087,0.2586166863548744
85088,0.45990363309776344
85089,0.07613328871924875
85090,1.582017399023047
85091,0.9616429045553705
85092,1.8432248282746426
85093,1.2962295652329905
85094,23.593892283148236
85095,4.885350126699457
85096,1.585217459902844
85097,0.502682428372369
85098,0.16080000447227585
85099,5.235981931117766
85100,1.3006772958177018
85101,0.04860784698104518
85102,0.8037497560413649
85103,0.8114973338142748
85104,0.545675631735884
85105,0.23931623369222466
85106,0.1553464579796715
85107,0.7646705912254899
85108,0.16548397226660233
85109,0.49231050280546035
85110,0.6123967770673953
85111,1.0742431243939097
85112,0.3227120348148186
85113,0.07101907587178746
85114,1.258689231616489
85115,0.26618320293345604
85116,0.6071420859535048
85117,0.3923731598179638
85118,0.9074062772944529
85119,0.5318038417624175
85120,0.92353278942706
85121,0.6904523584445168
85122,0.41925314283556403
85123,1.4699889482264321
85124,1.3731819097661258
85125,1.0322822350417185
85126,0.2902895982188488
85127,1.3813300456399202
85128,0.2806534800257262
85129,1.9293725834080837
85130,0.484862080139125
85131,0.4741118538860431
85132,1.424849029589818
85133,0.7525455599703321
85134,0.4476290437664757
85135,2.288168070161319
85136,0.4457730342386387
85137,0.02561351544872815
85138,0.5895950813881028
85139,6.308782564583245
85140,0.7544540298078102
85141,0.3044503952681999
85142,1.7902346202595325
85143,1.6607701462500213
85144,1.8728361988898112
85145,1.9259580714866458
85146,0.938783889923429
85147,0.9131797405022775
85148,0.2855220405731275
85149,3.9350571966546477
85150,1.374533955164601
85151,0.1467212413999702
85152,0.8025434387835846
85153,3.5533751894622063
85154,0.2811603686113677
85155,0.24291457257722424
85156,1.1504978761387767
85157,4.062394640397139
85158,0.15159299268573762
85159,1.7142483860368949
85160,0.41245835415115395
85161,0.5000848163848295
85162,1.0875840008151259
85163,0.6596548377245058
85164,1.8911439858606456
85165,0.9948851955626987
85166,0.8357734397794276
85167,0.11662559285959707
85168,0.16421916466024022
85169,0.6374514479975368
85170,0.5371259417480652
85171,0.12592019112250108
85172,1.339187846520366
85173,0.5461381698818114
85174,0.5725554046358508
85175,0.18759781128478964
85176,0.06121493669098321
85177,0.3577653186670721
85178,1.9811476394452936
85179,1.2407748725723766
85180,0.11693753439299955
85181,0.4994962391346562
85182,1.1052337115144393
85183,0.07303346946589691
85184,0.9449723908608411
85185,1.0982722117526715
85186,1.7036468336467667
85187,2.5895208061625334
85188,0.8906156262823267
85189,0.9156710369887906
85190,0.6207604955476086
85191,0.24421275972979156
85192,0.45976402218313256
85193,0.4255569749211771
85194,0.36350289657500645
85195,0.566468030286351
85196,0.6883228834354446
85197,0.14365499569738013
85198,2.680033327718855
85199,1.6206415034209347
85200,2.6029522814613655
85201,0.57354462750626
85202,0.29126313388494907
85203,0.7284593176193189
85204,3.200280304902049
85205,1.945032855552357
85206,5.16834831581219
85207,0.1573822368877855
85208,0.17227473726317083
85209,1.7834204786943986
85210,0.2750853149899265
85211,1.5748456209107367
85212,0.4714598165390194
85213,0.4708787846244468
85214,0.147313455317077
85215,2.9838982151116524
85216,4.563937273419414
85217,0.7724051487881214
85218,5.306438111218912
85219,1.024186151518782
85220,0.4085307601183682
85221,0.6156846271511802
85222,0.09597507682390484
85223,0.4685494292656436
85224,1.1433828396550316
85225,0.1375089561296333
85226,1.4609279450069672
85227,1.4037014014982014
85228,0.636989921734557
85229,0.13049314955494928
85230,2.306237730260164
85231,0.25629204396083444
85232,0.26295438551656014
85233,0.4592618062660402
85234,5.724245437704221
85235,0.2413380810468775
85236,2.37941475401673
85237,0.2756074421048492
85238,0.7186144469964969
85239,0.8777815969120883
85240,3.0203903492308783
85241,1.0384246041456002
85242,0.3392158583887405
85243,0.9459993156875628
85244,1.7857954312923305
85245,0.31956206419340266
85246,0.22402624171029853
85247,1.9933889040774218
85248,0.7415648754416934
85249,0.8483832817721595
85250,1.3030305420665975
85251,0.6691905909924449
85252,1.8121248468165816
85253,1.9943523937130665
85254,0.23532124269117552
85255,0.2227057759064397
85256,0.5647167193971938
85257,0.7393228874496905
85258,1.8760492981308514
85259,2.3450480251387327
85260,0.7217005182846997
85261,0.40003867127736265
85262,0.21681322183228058
85263,0.25460735330259887
85264,1.7904567022346791
85265,1.1183629243113125
85266,1.2288189530077067
85267,0.6530320446484479
85268,0.30048081885293404
85269,0.4280675294922406
85270,0.4330259710667374
85271,0.08656156843331496
85272,3.0947610453143533
85273,0.9698384009705198
85274,0.1938361580380228
85275,0.5811520475989764
85276,0.7525980969496044
85277,0.2226525502114401
85278,1.5504555692769768
85279,0.17555067639338792
85280,0.2605822494843403
85281,3.021968886216419
85282,1.90721899460702
85283,1.9906109647512817
85284,3.092334071741017
85285,0.7244105644419351
85286,1.2055931121006234
85287,1.1805498652294064
85288,0.3979511035660587
85289,0.35506150328563124
85290,0.9237825653682973
85291,2.1177632008357934
85292,0.8711990989173
85293,1.036059205298194
85294,0.12660069021857046
85295,0.9626879957557736
85296,0.0934168987212742
85297,0.361686107456416
85298,0.7102337830193333
85299,3.9835230263386325
85300,1.8862079086696995
85301,0.2734466366593861
85302,0.3525308449469658
85303,4.229773653851658
85304,1.1706289423034804
85305,0.6769870286991019
85306,0.7726798939538274
85307,2.1940420772018614
85308,0.4758105902477413
85309,0.6349625079435577
85310,2.950286662080989
85311,0.2816248878973593
85312,0.2538838233996721
85313,0.4665954630704762
85314,0.32359740326736014
85315,1.4770556813212528
85316,0.4207725061684303
85317,0.5447355390859667
85318,0.22388658941223777
85319,0.9720977416236979
85320,0.8057093950441684
85321,0.10344659353159293
85322,3.374895745358112
85323,1.0669266044552894
85324,0.934910282603697
85325,0.09141912267849281
85326,1.121782952510947
85327,0.1301307330937474
85328,0.4532171037821827
85329,0.1717003941927218
85330,1.030199018818378
85331,1.4375495933840146
85332,0.25035642507279166
85333,23.990112498571765
85334,0.5106495198623335
85335,0.7574020135549095
85336,0.2532689809559379
85337,2.485458517461068
85338,0.6927699529199703
85339,0.3064704743595059
85340,2.575333041405603
85341,0.1265025087657396
85342,0.6120988148878698
85343,3.372191971732182
85344,0.0688392781613428
85345,0.8347419186073516
85346,1.0057538528956265
85347,1.1096919185595333
85348,2.305690291910495
85349,18.1231205625554
85350,0.36940690237018775
85351,1.0215411563872772
85352,0.22494838388805766
85353,0.9148042165897132
85354,0.252095763036955
85355,0.3605338923085331
85356,0.1272820659419263
85357,2.034575960474203
85358,0.26787021936048383
85359,0.874224389727655
85360,0.806986693541933
85361,0.5706332445491983
85362,0.989249322615118
85363,1.1849346820535263
85364,0.350251349452919
85365,0.8211917549001719
85366,1.7133134069905274
85367,0.8490687757422454
85368,8.112120225721403
85369,0.4624034202464655
85370,0.37876789978068975
85371,0.5673782491224872
85372,1.2128362095941978
85373,0.21854757955546567
85374,3.4248347864372777
85375,0.6714196917039322
85376,0.8817557736320702
85377,0.7809502309397891
85378,1.5887567808757395
85379,0.27231067645712115
85380,0.24806977365443722
85381,0.3581744104211683
85382,30.313280543479912
85383,0.5582902232646444
85384,1.4550810175681144
85385,2.518178187376646
85386,3.420257108455566
85387,0.44962038001012183
85388,1.0415299286600648
85389,0.9138760322077392
85390,0.4466054247490673
85391,0.11612072536618018
85392,0.47362099443516903
85393,0.20480494239448138
85394,0.6435008620274397
85395,0.6579810288160898
85396,0.8034879020628106
85397,0.3342063924358744
85398,0.16842037191656253
85399,1.99297482310916
85400,0.2909115171937463
85401,0.21444432316299797
85402,1.4842517171698835
85403,0.7234622088262204
85404,0.2423373030462308
85405,1.9813774330859566
85406,0.5841333734000395
85407,2.015912921668676
85408,0.771445808362245
85409,2.7693005282001053
85410,0.25300276778006286
85411,0.0843589067073385
85412,2.6632809622255054
85413,0.7382679940650068
85414,0.9424480393956819
85415,0.18245567317817946
85416,1.9213810353755312
85417,0.21757500947138092
85418,0.03590978484960109
85419,0.019306933819888426
85420,0.2432002928026149
85421,1.3351512054579615
85422,0.3881398934178497
85423,3.6145420155352417
85424,0.20760286181064025
85425,1.4186148151441367
85426,3.1790544151251274
85427,2.449827447937791
85428,0.7937411475158809
85429,0.3509144858454685
85430,1.609866320091535
85431,1.4157793270351127
85432,1.5866994213270753
85433,0.3357802398348568
85434,1.046096597765403
85435,0.3712937637614898
85436,1.8432162425949152
85437,1.898946935658893
85438,0.3126811131373264
85439,0.22097933523158392
85440,2.75508768056552
85441,0.5347901403774125
85442,0.7901510953645343
85443,0.06790479841586247
85444,0.2346275720299835
85445,2.306129922726882
85446,0.49603152054533034
85447,0.15953309447716507
85448,0.5020684375693207
85449,0.6300996833756903
85450,0.3228593250699054
85451,1.5635978990389967
85452,0.24423334605673233
85453,1.40538337240141
85454,2.3749808153779814
85455,2.6408223736543324
85456,0.9562262510815912
85457,1.1727476645015287
85458,0.7852225965495018
85459,0.4729125634884364
85460,0.9845049891129626
85461,1.4170265113553489
85462,0.053559655405554005
85463,1.0799525553125506
85464,0.5148801592024227
85465,1.2144142528698483
85466,0.254017917976686
85467,0.43305868693617877
85468,0.5060024678374447
85469,1.8937422567309514
85470,7.1303430498300555
85471,0.7140343040034942
85472,0.5738155567868963
85473,0.4793173871441565
85474,0.09771990671046331
85475,0.3710531588765797
85476,0.7705634532589156
85477,0.5912299784130338
85478,2.3522197357869126
85479,0.3547726814991678
85480,0.6586028474242853
85481,0.09471978541900723
85482,0.5053029527621464
85483,0.08223662748430317
85484,0.7043856493977111
85485,0.23772195538369606
85486,0.41355264555379023
85487,0.7133099828019974
85488,1.118839009261279
85489,1.8611348704238528
85490,141.06178674958704
85491,1.4738433388926815
85492,1.5032606385700276
85493,1.8446787332877332
85494,0.24057568677369298
85495,2.876325832964341
85496,0.08040183093862614
85497,0.22663088203860976
85498,1.2139967546600248
85499,0.6189630626702426
85500,0.9520589719521544
85501,0.09172007040374366
85502,0.49321837024402343
85503,1.53293006705599
85504,0.21736110737439096
85505,0.22532138004749155
85506,0.8933721529814375
85507,2.0713162312672
85508,1.7793439608633856
85509,0.5214740680365602
85510,5.246945723624167
85511,1.3698438239226571
85512,0.2693229732998154
85513,0.11283571529660445
85514,2.308361247501115
85515,0.15069508355159586
85516,0.7027415458018693
85517,1.1536505653127433
85518,0.080783190914383
85519,0.7576427504614144
85520,0.7422672450837509
85521,1.5705361864859408
85522,0.6272096791948905
85523,0.35253579180679245
85524,1.3192142743843769
85525,1.694237120542684
85526,0.10523137087573595
85527,1.011450929181893
85528,6.663986688320387
85529,1.2810110503921683
85530,0.08825247991974611
85531,0.19410767585433708
85532,1.5121494697932734
85533,0.27825968512260246
85534,0.18352839503914373
85535,0.15367641631973092
85536,0.5140332492931879
85537,0.43810610441773035
85538,1.4802241699174243
85539,0.9471680600158825
85540,1.6563156807518777
85541,4.3068658191530265
85542,1.179759595489143
85543,0.8871413938774241
85544,0.8325167561341187
85545,3.8138717058268643
85546,1.8778225697361557
85547,0.9343578172838436
85548,0.26532683358382037
85549,9.755891673221045
85550,0.21392188227620615
85551,2.278915582802849
85552,1.0090353769624727
85553,19.984523475221373
85554,9.471314764419931
85555,3.0205051505672773
85556,1.1739376442832914
85557,0.37904993182237023
85558,0.6150248975778028
85559,0.05104830098678008
85560,0.5792228371480409
85561,0.4120162519458352
85562,0.4208355326153597
85563,0.27032135689534265
85564,1.0035551093371726
85565,1.063764824787856
85566,1.037363148079436
85567,0.570397034278443
85568,1.0388948951393422
85569,1.756928171347866
85570,0.4103680071149531
85571,2.516127855744707
85572,1.7076302491239617
85573,0.13453474401458437
85574,0.24430979979861078
85575,0.6510913432453899
85576,1.0545837036062107
85577,1.8961675024957676
85578,0.23005378541523655
85579,0.07405049433884733
85580,0.1920407042585061
85581,0.22535431748974388
85582,0.558226749683777
85583,0.3216584681989314
85584,0.251292371615063
85585,0.4983297273429849
85586,0.6224779356128864
85587,1.1020737447840419
85588,0.38299648476972176
85589,11.35499530140063
85590,0.44871165904376425
85591,0.3914497118168635
85592,0.8597942927261457
85593,1.325813670153634
85594,0.8824571751954257
85595,0.9278271012437442
85596,0.1275619021204295
85597,1.5488536268268143
85598,0.31412647542868316
85599,0.8372942381650524
85600,0.7659226946786395
85601,2.0242583791532645
85602,0.17130059232118866
85603,1.0855308657291844
85604,0.37980331572649595
85605,0.25524647285625024
85606,2.9759791156994564
85607,0.5694432507766923
85608,2.260333309404556
85609,0.6294571548284045
85610,0.44211519787890596
85611,1.1341582841199884
85612,0.28587754786451985
85613,1.711042669053688
85614,0.1498246987468402
85615,0.49890347452587425
85616,0.21519857272805024
85617,24.18938330340714
85618,1.988636664904103
85619,0.20117089122206683
85620,0.6540082915352418
85621,2.0182891607273112
85622,0.7399274020207041
85623,0.3074589873905994
85624,1.1494466011458062
85625,1.8012001622799103
85626,0.4856028619502189
85627,0.3315194283517846
85628,0.30420479417910234
85629,0.3480243265517522
85630,1.2587652734667794
85631,2.7223081871043076
85632,2.9350295814622194
85633,0.07334422565230019
85634,9.167104405670946
85635,1.4564142077750264
85636,3.580699896480022
85637,1.6751098877886614
85638,1.6353978047342763
85639,2.1026527118994434
85640,0.4713676440133616
85641,2.4417171846434775
85642,0.24147550008824903
85643,1.4085470670173033
85644,8.163295680883977
85645,0.11610484138467933
85646,1.1106879385106563
85647,0.1371239121549262
85648,0.43013354377402857
85649,0.2759644444985192
85650,0.6493749846124575
85651,1.0279777055928745
85652,0.09243812238010034
85653,3.861986200696152
85654,4.010377055297508
85655,3.2860264017144365
85656,0.0822748007791736
85657,1.0361676671561235
85658,1.3531296212083033
85659,3.5117354567608676
85660,2.5478888625310585
85661,7.3832045678593925
85662,2.025694663980361
85663,1.73339803625854
85664,0.9555137712736603
85665,0.9135768815697274
85666,0.7624522745574781
85667,0.7440695775642456
85668,1.8682796302058364
85669,0.4566176306326299
85670,0.2836544324102801
85671,0.8371538650147863
85672,1.8346561210517163
85673,1.905425055876183
85674,0.11437739175055803
85675,6.824551040252866
85676,12.425508225975008
85677,0.36631048272084576
85678,0.692054457319957
85679,7.375742415614985
85680,0.07589205001669158
85681,1.2248611001123284
85682,4.250907925483322
85683,1.33034910426018
85684,0.12212435929235954
85685,0.44456760488015384
85686,7.579183354717417
85687,1.4902594491524204
85688,0.9918909244278373
85689,0.3899959998945537
85690,0.20206890354177287
85691,3.0210843156457945
85692,2.6678184513683676
85693,0.2881365836324038
85694,0.12146275610693452
85695,0.6592725443355911
85696,3.533281487892185
85697,0.6643505227367694
85698,0.8267113550515437
85699,0.09306072644843688
85700,1.2733716994344344
85701,1.5780388215732082
85702,0.8427390699682782
85703,0.9157985825593753
85704,0.07436005955767398
85705,0.5205926746610925
85706,1.6106854853637032
85707,0.38685254123710744
85708,1.7314948415190605
85709,0.15503931804084228
85710,0.6328983057478423
85711,0.7400742968429871
85712,0.4009855141182623
85713,1.2851483741080059
85714,0.24395650511089279
85715,0.3481075586870873
85716,1.1850353671987606
85717,0.3290932404229107
85718,0.47729478159362937
85719,0.0850110385920261
85720,0.18402348380242664
85721,1.2907014421269998
85722,1.8497951753250332
85723,1.4531194146383521
85724,0.8843948256465862
85725,0.17856596460567878
85726,1.6582337920108279
85727,0.5575926984091285
85728,0.7790511875951863
85729,0.5212351462604908
85730,0.5322813052158123
85731,2.009051564464139
85732,0.9775664816655114
85733,0.22773426931585086
85734,0.6177539995970958
85735,0.553998024430846
85736,0.9471228124800244
85737,1.1555808337764575
85738,0.20282576876197975
85739,0.5408019232957619
85740,1.63390660422359
85741,0.7883977646083312
85742,1.5091104930881023
85743,0.08309645020369416
85744,3.770388435532667
85745,0.40973439743877754
85746,1.212872506826031
85747,0.7102447765554133
85748,0.156998418430679
85749,0.5521751601042569
85750,1.4610119469858502
85751,0.589062363842481
85752,0.14075249538515278
85753,0.3809205930468996
85754,2.8755617481759503
85755,2.8346667898842983
85756,0.7127628639090743
85757,0.13857274732356178
85758,0.12441035028935696
85759,0.9151275731069615
85760,0.8173009722777625
85761,2.644830254654617
85762,2.3211498862499873
85763,0.2643441794603141
85764,0.15504881875759852
85765,1.374802581945384
85766,1.5866738821850712
85767,0.09601859471558682
85768,1.7800309870755553
85769,2.2303757085215055
85770,0.5834923691786816
85771,1.412994306296457
85772,0.8622634921577471
85773,0.5024703280620578
85774,0.13022398439315647
85775,0.8524030418337755
85776,0.5275628703324177
85777,0.08025733824362008
85778,1.37235280088932
85779,1.5836686974310357
85780,2.650540805135378
85781,1.838640947822659
85782,0.24701058696908498
85783,0.36359582353896247
85784,1.8468105120809386
85785,0.20056032394439888
85786,2.2349686623484493
85787,1.0632510620312947
85788,3.0263061711475867
85789,2.560789804023498
85790,0.30241366649317664
85791,0.322937081279438
85792,0.04252229107294922
85793,0.1609908966562833
85794,10.734804604046962
85795,0.9470619748745729
85796,0.5936511654480636
85797,0.18220051569975365
85798,0.727726857522345
85799,0.994275810725789
85800,0.30113620309024786
85801,7.98816144084887
85802,1.4909199343351247
85803,0.4471040203106134
85804,1.6575801330429056
85805,0.06545960885433728
85806,0.5935314442326405
85807,0.6715364471409753
85808,2.3570889259212007
85809,0.22722672211183811
85810,0.2117128189506986
85811,2.1918457123951836
85812,0.45816208693008575
85813,0.9172532651014048
85814,1.8792997993548894
85815,0.26443788042803446
85816,1.1710069500437463
85817,0.3863784384036139
85818,2.4890842921978162
85819,1.038309323883936
85820,4.764824290570858
85821,0.2678916004128967
85822,0.7322148938440706
85823,0.6721704165581687
85824,0.11908196480079632
85825,2.5620631778209746
85826,0.15946170855423614
85827,0.6116538258897112
85828,3.583826477214887
85829,2.0418984484224145
85830,0.4710021480925782
85831,0.6970146530495493
85832,0.0863546999382831
85833,1.0597753394312486
85834,1.8038521972188604
85835,1.2608210329715732
85836,1.6445087447503695
85837,0.7089304664677436
85838,2.037293609382293
85839,1.3382865652059597
85840,0.9563384396539556
85841,2.1549815158954257
85842,0.22506675029700585
85843,0.813182569771847
85844,2.399133643037879
85845,2.9385521046005914
85846,0.9001094397776956
85847,1.6499248581772263
85848,1.024665575968878
85849,0.5417824066437915
85850,2.909592882317582
85851,0.2077592180003361
85852,1.9063407772431855
85853,0.8753956217437059
85854,4.034050704203039
85855,0.42729686781180337
85856,1.6845649976952353
85857,1.0021924052592046
85858,0.21079192107117908
85859,0.19331653267631196
85860,0.5151846279748192
85861,5.237291932114864
85862,1.4896925253541453
85863,0.08557382258454359
85864,1.3432475539505604
85865,1.1667266959832439
85866,8.329775853243179
85867,4.7081507905942
85868,1.164988886478246
85869,1.5442388467694155
85870,0.9426572316329619
85871,0.6627978185075556
85872,0.5060906092089053
85873,0.38702593348356096
85874,0.9240689292961666
85875,1.129710588482245
85876,0.5128946805080111
85877,0.5114534729789912
85878,2.4049382931564045
85879,0.4167274993729824
85880,1.1199595427501983
85881,0.9164584470150058
85882,0.8542662336281328
85883,4.232562809208732
85884,0.19699773952633692
85885,1.201059252046297
85886,2.3111854112204058
85887,0.5340129772081804
85888,2.6747565717982513
85889,0.11290845656779559
85890,4.015980998761028
85891,0.26904877586982645
85892,0.6790935740185654
85893,0.18831197401324842
85894,1.0175663168335884
85895,1.0580929346591084
85896,1.3349470681214748
85897,0.2795709350678595
85898,1.5222110013885004
85899,0.38363502318951054
85900,0.9352923539719299
85901,0.02159567245549367
85902,0.36744532926645684
85903,0.5260796054614582
85904,4.059592818037702
85905,3.010446926654789
85906,1.3403691932693576
85907,1.5778272093680263
85908,0.1512491649254758
85909,0.40552914425258313
85910,5.0775283540950165
85911,2.4797863991541345
85912,0.5324732205828281
85913,0.5162625601485673
85914,0.7320218927789288
85915,0.6910386620048542
85916,4.267354924483353
85917,2.2070676178232724
85918,0.24231980781745752
85919,1.7152607713410681
85920,0.3619129395026881
85921,0.4919749184376685
85922,0.7400461866299712
85923,0.3582314165403501
85924,1.1369462305413323
85925,5.717307433208871
85926,2.114043868459621
85927,1.4933235030605134
85928,1.3050337937825736
85929,0.6978038674695111
85930,0.5775119994289631
85931,0.03358775470086145
85932,1.5093469684665226
85933,3.830399793567976
85934,1.3120172171153401
85935,0.25647198200354043
85936,0.1739557732809083
85937,0.7529365681895666
85938,0.0851691355338337
85939,0.932165330167952
85940,2.1807941299790006
85941,0.10369125228116903
85942,0.7338318079367749
85943,0.23584106417224268
85944,0.40910912590176485
85945,0.08667951152861922
85946,1.6183220463350112
85947,0.9898683079413996
85948,4.8854831206322675
85949,0.28007272425989344
85950,1.3256192153030548
85951,0.3872669049308006
85952,0.11930912070605096
85953,7.283197271528024
85954,1.8158807419192105
85955,0.63770998586686
85956,2.3175351128222927
85957,0.08529457209923794
85958,0.16129456961563446
85959,3.5181674038394535
85960,1.051581422431322
85961,3.7797962391994586
85962,2.250817167134258
85963,0.5050038936543895
85964,0.7647335183903046
85965,2.5955982092706495
85966,0.7105202152856381
85967,3.2423702004471617
85968,0.7044432988028371
85969,0.05418574631052534
85970,0.08740109998545904
85971,0.11977450525473336
85972,1.7422997519130885
85973,0.8978705196196656
85974,0.28793651034608786
85975,1.1394215284177196
85976,0.18203323108763772
85977,2.3355338319292773
85978,0.13112535499544503
85979,0.3428910439826572
85980,0.5457607280130679
85981,0.340943965860826
85982,1.4975008200600013
85983,1.7629027305343272
85984,0.23182706984733767
85985,1.0499221759662998
85986,2.839070172985341
85987,0.4522223629419582
85988,0.07267584019834351
85989,1.0371447559917009
85990,0.16908923776788334
85991,2.5259391970321357
85992,0.5286301004503429
85993,1.586682371191687
85994,0.6350552491108208
85995,0.4981236571175135
85996,4.27529900208119
85997,0.9148988103745839
85998,0.4650203528177364
85999,0.6017861481140848
86000,0.5259184255123532
86001,0.17221953212024727
86002,0.2589711824574676
86003,1.429703887397963
86004,7.181082015505759
86005,1.7122974731190597
86006,0.32049557730100936
86007,0.15648319422676335
86008,0.4650466989132808
86009,1.994414837542319
86010,0.21480795473698938
86011,0.33741548611437244
86012,1.4140051620347585
86013,0.5625219866553903
86014,0.4076238014720414
86015,1.9106592700408982
86016,2.5070596594282892
86017,0.5327134189936062
86018,0.38296254844163596
86019,0.18794966172253882
86020,0.4914068431658851
86021,1.514999383037546
86022,1.1120695944893633
86023,0.3230217306994247
86024,1.2848179610229857
86025,0.6770029339171336
86026,0.2073753631859942
86027,1.7038296030781779
86028,0.25158307466277074
86029,0.22082257178225745
86030,0.8844394737156941
86031,1.898567225133184
86032,1.3377033118185884
86033,1.7933945536610467
86034,0.39838967103255707
86035,1.4693707353713792
86036,0.039716012043946716
86037,0.7182315469229644
86038,0.6190027860395386
86039,0.8794219633958491
86040,0.12524087811369117
86041,0.0778855140512941
86042,0.20268356881955613
86043,1.7000116323735979
86044,0.705845694021122
86045,0.1580149028971982
86046,0.23149325575086183
86047,1.483441742996459
86048,0.27011646611992296
86049,2.8063139986758934
86050,4.367882591862425
86051,0.7683739396426426
86052,1.6572468655611874
86053,3.2305528958604017
86054,1.485587213233562
86055,1.7088258126935014
86056,0.1264240107985827
86057,0.15246418361545513
86058,3.409569463972028
86059,1.9532383141590821
86060,1.1986303034317767
86061,0.9702462632546439
86062,0.07918212964717758
86063,4.430320047140051
86064,1.0397267282046874
86065,1.6212922345174459
86066,0.551875169317976
86067,0.0882199834873636
86068,0.393643333756618
86069,1.5659888325310227
86070,1.2835305278320988
86071,1.0731520789033024
86072,0.7802491736933258
86073,0.5046862948858839
86074,1.6301715894331927
86075,5.768530809018966
86076,0.7302639211787342
86077,2.7670698091602213
86078,1.7612377759791753
86079,1.3265888988406442
86080,3.1770225610505425
86081,0.17577958554939513
86082,0.09393512454448062
86083,1.8379262090201538
86084,0.516878950829436
86085,1.5484931819191043
86086,2.080197302991571
86087,1.3509395874459809
86088,0.5363728213135903
86089,0.18228691866184815
86090,0.8890853701581227
86091,0.4209914631960368
86092,1.0106774258821403
86093,0.25959551026238553
86094,1.4308160591222105
86095,0.9315873358543699
86096,0.07506829077762679
86097,0.683904163087222
86098,0.2526603383630034
86099,1.549831874994328
86100,24.293816836519127
86101,3.76383320156903
86102,1.2291787321909229
86103,0.39546048731876865
86104,0.6694907384386437
86105,0.9841694713525382
86106,0.9593012699297204
86107,0.6427542871884991
86108,0.7543313062971986
86109,0.5733761173096708
86110,0.30430468521914267
86111,0.3769636824262752
86112,0.857359833737699
86113,1.9458000216562144
86114,2.6963977250380347
86115,0.27817052312118007
86116,0.29009973143626955
86117,1.871851739630953
86118,2.2078512716756067
86119,0.951545046542693
86120,1.92769360023402
86121,0.5492057250541144
86122,0.2631541171411432
86123,0.16401598977931942
86124,2.698428172200764
86125,0.3573201820524848
86126,0.4667872153695882
86127,4.740390058691376
86128,0.5974502242092552
86129,3.763733415247835
86130,1.217287189736758
86131,5.458784449434342
86132,0.12607620105968118
86133,2.224825069715912
86134,1.801923345260385
86135,0.7009002996287357
86136,0.1837632435595243
86137,0.586098846107926
86138,0.7240482123733278
86139,1.50581904279088
86140,0.4922941629928152
86141,2.2808121191086137
86142,1.3945115788317959
86143,0.4121343963841564
86144,3.6302708174583103
86145,0.23794572237886902
86146,2.2032370929948146
86147,1.2665946711196676
86148,0.6379209052145739
86149,2.2745776618530282
86150,0.15471746486682297
86151,0.23760262160446136
86152,0.6116430011260204
86153,0.015296790949211339
86154,0.3990178339877599
86155,1.6121834831455535
86156,1.187682447928316
86157,1.1924078429492708
86158,0.09793183658482588
86159,0.3111804370620572
86160,2.158273661225852
86161,0.9452480188374547
86162,0.8302106891676784
86163,0.6942058325375395
86164,2.059682982222199
86165,0.21958130923571811
86166,0.9696487429657865
86167,0.7870059022440521
86168,1.3268971212338059
86169,1.317692033836668
86170,3.248922725135494
86171,0.4840024533924454
86172,0.4176114244944676
86173,0.5448888689519777
86174,0.512710780684923
86175,0.683185972475042
86176,78.415432168556
86177,61.839932332835474
86178,0.6309130516552921
86179,0.3093435700490746
86180,0.6860642467183189
86181,0.243192423556404
86182,0.07902088443299861
86183,1.5863449201912379
86184,1.0409090607577904
86185,0.24551773090343898
86186,0.09886288037884029
86187,1.0492094880201284
86188,0.07595783383100205
86189,14.025498634183608
86190,1.4818196417239486
86191,2.2975633932479993
86192,0.5354386088233929
86193,0.654614351614404
86194,0.24721650450962726
86195,0.1274763573971092
86196,5.804748356719524
86197,1.443632991832671
86198,1.2483039897642565
86199,0.07609534967902039
86200,3.536383086308698
86201,1.8564742151638278
86202,0.23232049859958767
86203,0.7807112729797703
86204,2.4374466349071113
86205,1.4558564386012958
86206,1.150976786299176
86207,0.6389274613016042
86208,0.7709552520702555
86209,0.14743573479117483
86210,1.167686490330568
86211,0.5890106120143823
86212,0.910150096322381
86213,0.31110440615653345
86214,0.10353546916081711
86215,0.21525159739104183
86216,0.2538017157295249
86217,2.2452299938932905
86218,4.504038109607764
86219,0.03828604167475583
86220,0.20596655116386867
86221,0.4209081287849377
86222,2.3173764733774345
86223,0.37909985096349297
86224,0.7813804632362491
86225,0.22216878492576703
86226,0.12552011244995026
86227,1.6270947842692352
86228,0.10660744284519746
86229,0.4843770766715161
86230,0.9955283432025108
86231,0.17662448131917513
86232,0.7148351667584384
86233,0.2863842557260629
86234,0.9071372080744264
86235,0.24330480763463547
86236,0.5477918002423282
86237,0.2617384787716513
86238,0.4240201323651598
86239,0.103912898025214
86240,0.841946191000868
86241,0.11268271430661295
86242,2.6019213436700817
86243,0.5260122450077293
86244,0.4414043339754674
86245,2.770043274344522
86246,6.21659746790444
86247,1.4269733619494054
86248,2.278237215801958
86249,1.3159814357158646
86250,1.1641019432183637
86251,0.9344347553676711
86252,0.3759261676880068
86253,8.063029178890291
86254,0.3943124072440651
86255,0.2197806933928438
86256,0.5037662166975302
86257,1.4760784704290966
86258,0.10784581635164171
86259,4.530037823275315
86260,0.14718892259956579
86261,0.5894064567305582
86262,0.0453975607657208
86263,0.7774378697293751
86264,0.8511254077865784
86265,0.21945591311086096
86266,0.33778118571857907
86267,0.9745873253904891
86268,0.31686433076943266
86269,0.8336456404493464
86270,0.35751219086163094
86271,0.16596989572275386
86272,1.4377026257338483
86273,1.6582751508490594
86274,1.022498549096741
86275,0.23251316039190886
86276,0.6991482773424142
86277,1.8166107964663474
86278,2.3863868726758968
86279,0.06259840162995287
86280,0.75695518539206
86281,0.17340164114956144
86282,0.5274520951997091
86283,2.7647429298294135
86284,0.38029575198989696
86285,3.5156464330662005
86286,2.048330271324914
86287,2.1990756990666944
86288,4.546637428867786
86289,0.30373315516827887
86290,0.5305672883570611
86291,0.849666213860151
86292,0.4933159033829398
86293,0.2630916576889104
86294,0.3393773766496643
86295,0.6047302392444185
86296,0.670477838519431
86297,0.9270497698472413
86298,1.0581929127024479
86299,1.019733632974269
86300,0.07340054956693251
86301,0.960726670546457
86302,2.1874299175178145
86303,2.827805057489999
86304,1.5147153754705918
86305,0.5409653581907778
86306,1.7418268321898336
86307,1.2494855701067082
86308,2.7081893137996
86309,0.7003301353943187
86310,0.23936174494805385
86311,2.884267279391999
86312,1.8046938396222678
86313,3.210820720972942
86314,0.5146956673214427
86315,0.5689639015417277
86316,0.7572802778740774
86317,5.3025212816597564
86318,1.0730777911452798
86319,0.32022346002550583
86320,0.47580403819805583
86321,1.8346902002501304
86322,0.5889866745945936
86323,1.453832313812939
86324,0.5430106093256133
86325,0.583216550157
86326,1.0094225678746636
86327,1.83293967228374
86328,1.5345052415230225
86329,64.32837179558548
86330,2.3910489504746315
86331,6.647397410382529
86332,0.3691650522884579
86333,0.12803352638583773
86334,0.3388814768184679
86335,1.198277120968934
86336,0.10765768113602975
86337,0.9604089724394792
86338,0.3333653252963411
86339,0.410838970110582
86340,6.074343659581067
86341,1.669003895567064
86342,0.29001366227749187
86343,1.9579770946987605
86344,0.5600028432088561
86345,2.4391622817320053
86346,4.793805550795537
86347,4.253387274586072
86348,6.186051284660304
86349,0.26722263590509826
86350,1.107319204638216
86351,1.0675451238512892
86352,0.7411511498187724
86353,0.6147220979077433
86354,5.813045742692061
86355,0.5104218192891803
86356,1.2183707090112448
86357,1.6634855550233756
86358,3.826700511341199
86359,1.3802260130263915
86360,1.5739568024334472
86361,1.086526658270779
86362,0.8004999102318595
86363,0.15299205415065764
86364,0.8590454061216151
86365,0.4984874266004638
86366,0.2320823891387166
86367,0.10381865927633681
86368,0.03430355342452447
86369,0.30929030491556087
86370,0.3087234991393012
86371,0.9260991144652477
86372,5.5908662050541515
86373,5.722752810250417
86374,0.8423968130849714
86375,1.8771991260895289
86376,1.3039661233845299
86377,0.5069748179467988
86378,0.21970331839178575
86379,1.140939733290314
86380,0.6306586187823835
86381,0.33934852472471
86382,0.47791105445561205
86383,1.8540415135575337
86384,0.516640093002684
86385,3.5092419544650455
86386,0.8246070339503234
86387,0.3288208207173262
86388,3.6702243611645025
86389,0.6397797165138761
86390,0.4234960668780023
86391,1.28740277927245
86392,0.4597327580056488
86393,3.1975852415960935
86394,1.1280765489124676
86395,0.9169298555492694
86396,1.262293966403117
86397,1.3442858849518102
86398,0.14319173686759354
86399,0.14748448945001413
86400,0.35648920368979753
86401,0.8523475729132907
86402,0.7650502405208004
86403,0.02937657496041793
86404,0.6375316591642726
86405,0.2766400806688079
86406,3.932904664387103
86407,0.4777608618837978
86408,1.037292638883191
86409,0.14359718434591187
86410,1.760238367720616
86411,0.4235520888311015
86412,6.887578814332404
86413,0.2319306480611517
86414,4.084710143105617
86415,1.3173187868378577
86416,2.329598353068577
86417,4.135592388325484
86418,0.8149973583273499
86419,0.4465819314650991
86420,3.375869129859287
86421,4.942111781879165
86422,0.7927087623873763
86423,2.615668453393007
86424,1.6161445358190913
86425,0.23005408666373683
86426,2.71667332845032
86427,2.011212752539314
86428,0.1456600412301409
86429,0.5075894957140389
86430,2.7050111149337597
86431,0.06058035417055567
86432,1.7703290986501588
86433,0.7735354312785174
86434,1.5095443665184132
86435,4.017841949827872
86436,0.4379160007898824
86437,0.309474840090642
86438,0.9833443917115738
86439,0.9596526372830353
86440,1.303613596175242
86441,0.15276410617484495
86442,2.715046262806623
86443,1.2253456022814508
86444,1.1429639083409937
86445,1.2413136012096586
86446,0.9188390414099272
86447,0.7235128762318376
86448,0.20110624233131252
86449,3.7142756669506896
86450,0.23342046319969606
86451,1.3195628027121726
86452,0.26620922071546754
86453,0.4732731195695909
86454,1.279220107747227
86455,0.19749599084488495
86456,3.234772361438504
86457,0.6791717743290512
86458,0.45904158350444496
86459,0.41762689609674986
86460,0.24712983994407917
86461,0.17531579998193764
86462,0.17653171168483356
86463,0.8992478088386573
86464,0.5449988753220283
86465,0.3774523119281098
86466,0.5200763715552875
86467,1.5923352850159882
86468,1.4730228525935607
86469,6.8487239347905495
86470,0.7112648542606773
86471,0.3938370460344537
86472,2.6350067129464656
86473,0.7568668333853098
86474,2.6930210776567987
86475,0.18626287240327827
86476,0.509885868363243
86477,0.26719406850437444
86478,0.1870285297261088
86479,9.61815267719827
86480,0.09076346418581539
86481,0.6344806563502564
86482,1.2304551723801969
86483,0.56446906140119
86484,0.48840039214550884
86485,1.0443060589993434
86486,0.99876579148556
86487,2.1840240501939094
86488,0.6926946194673981
86489,5.415029631620515
86490,1.3893359978249686
86491,0.1720974606223721
86492,6.619869339927339
86493,1.3385978900007043
86494,0.650289690956903
86495,0.3729725423654806
86496,3.3515869951464037
86497,0.5097287048412521
86498,1.9894250617779
86499,0.5806052050287138
86500,1.1039467825267613
86501,0.46821511419116
86502,1.0967533628475974
86503,0.5805199192306264
86504,0.8668599357313996
86505,2.3725600486714398
86506,0.8197096377728734
86507,1.108553524734564
86508,0.7187904382043473
86509,0.4087434412437792
86510,0.5013731591073105
86511,2.2426556793959285
86512,0.1267094091709577
86513,0.2754459402004977
86514,0.25046261777300827
86515,0.26535116006909326
86516,0.18148701549430218
86517,0.2546662867740001
86518,0.22529993724275899
86519,1.1267164374308392
86520,0.11785030468451813
86521,0.5160011335215089
86522,0.21824667079727583
86523,4.104866584918183
86524,0.09265333391027544
86525,0.6755489156259507
86526,3.2011497245926144
86527,2.8393271577074866
86528,0.5738085461639368
86529,6.008800437631324
86530,2.95903041691466
86531,1.6147939064381525
86532,0.3170049223078494
86533,2.789470154224312
86534,0.504180083972658
86535,0.36390244291070084
86536,7.782054364131353
86537,0.3806514528738414
86538,0.9535182259314722
86539,0.04344806642015912
86540,1.4297908765513323
86541,0.3259202730215226
86542,0.6107312571650483
86543,2.326786408117076
86544,0.09698844993868637
86545,3.9573965436249696
86546,2.0863814989837506
86547,0.15633933610279557
86548,4.033851165044204
86549,1.3869051501610257
86550,2.6936774059322666
86551,1.722363104029466
86552,1.143397094016016
86553,4.773866687408498
86554,0.7031874985709784
86555,0.4142954681440799
86556,0.19446265072057228
86557,1.606828073810912
86558,1.805375194506937
86559,1.5903383932011914
86560,4.67205926142879
86561,0.14958982365728313
86562,3.138734021178432
86563,0.238618924046309
86564,0.24942176119637843
86565,0.8860574741848326
86566,0.9286912720694932
86567,0.47600944603415385
86568,7.762089232974163
86569,0.34468259748501207
86570,0.23264230070931327
86571,0.8461643801800548
86572,1.1566551270620784
86573,1.0419651601779907
86574,0.03416777433268374
86575,0.30151633279325785
86576,0.4779298690251236
86577,2.191465695962561
86578,1.2334051955631335
86579,0.20674412699324268
86580,1.4226982949072475
86581,0.3168120507723446
86582,2.3716686419455786
86583,1.3965612416182793
86584,0.16825851015101648
86585,1.3724327132419532
86586,3.3365912111614477
86587,1.2202416740133875
86588,1.6323672240416434
86589,0.8983209532782837
86590,0.3458449415907646
86591,0.6796620926728715
86592,0.35770442105739536
86593,0.33222523150533056
86594,0.10100793183430516
86595,1.7685980584979564
86596,1.3211154099174711
86597,0.5369524619210408
86598,0.08087519891084577
86599,0.15840621601273677
86600,0.4760639790338491
86601,2.0267993599819447
86602,1.8856432392163098
86603,0.4548847496762117
86604,0.2585935487343758
86605,0.38825631138064154
86606,5.588228389318989
86607,0.7573410655721619
86608,1.424476682195566
86609,4.2965375362286355
86610,0.5712325190990647
86611,1.3365878112414704
86612,1.1906708970178876
86613,1.4891319436125563
86614,0.567500043622148
86615,0.07197927239635633
86616,1.2027303541473977
86617,1.3754760374821313
86618,0.5599870511613568
86619,2.5571236614230446
86620,0.02607639366023259
86621,0.1596972057146479
86622,0.8690117134576153
86623,2.3901152114829762
86624,1.8228861680007098
86625,1.062674657028849
86626,1.231983401196983
86627,0.47498671293421735
86628,0.40859884569912575
86629,0.39059844698179413
86630,64.81226072711279
86631,0.24799453037779817
86632,6.885767468611062
86633,1.0939867864779436
86634,0.18227802031643464
86635,0.5137096367324099
86636,1.021353209496539
86637,0.11416055203408056
86638,0.3120114109418659
86639,0.17074171660389056
86640,1.0137546801485888
86641,1.5530870552755345
86642,1.3960020630765653
86643,0.6247686900841868
86644,1.0172906881930472
86645,233.78701517008614
86646,1.3449519032029364
86647,2.1253396565778906
86648,2.0543425819521492
86649,1.80715887977366
86650,6.218836533618259
86651,0.21349863169122374
86652,1.8344846107821031
86653,0.7722887214508438
86654,1.1605180446639454
86655,3.0099735139238275
86656,0.5730993797343598
86657,0.7094927571867217
86658,0.15820824033595804
86659,0.495866327497917
86660,0.0742279034582836
86661,0.2906971480991383
86662,0.3262751410233895
86663,1.0821923004503726
86664,0.9056896943767716
86665,0.22135620301965928
86666,0.175608966688229
86667,4.62834136159415
86668,0.30372800430800967
86669,0.2408278443287012
86670,0.08479706014892055
86671,3.0252810084747197
86672,0.29039084680254446
86673,3.271933694168494
86674,0.3505625988959107
86675,0.5901854967303627
86676,1.6361925834057978
86677,0.05990210590762682
86678,0.1172181713856033
86679,2.9784875476834407
86680,0.3858660095257122
86681,3.6109345931890573
86682,0.13639723653177555
86683,2.493570368352319
86684,2.366639602373343
86685,0.69846436813104
86686,0.9405408893981959
86687,1.7529569172964576
86688,0.3735547782819401
86689,0.6496784523878042
86690,1.009610192429472
86691,1.5588059133146261
86692,0.32424923356514374
86693,0.18874280396577547
86694,2.0703473569846595
86695,0.13004689170275055
86696,0.2713815189049273
86697,0.47201266909311146
86698,1.2066196518235133
86699,1.4206938724299767
86700,3.1951664580918995
86701,0.9019783369075047
86702,0.19567546020992282
86703,1.158505735023403
86704,0.20662663823969468
86705,0.3395096322254829
86706,0.3433747015269946
86707,0.2828022746367783
86708,0.16715811316033882
86709,0.7451973163755712
86710,1.406192421354484
86711,7.514854623334226
86712,0.7614748958441269
86713,0.3960785370845067
86714,0.3069388805674017
86715,0.5903435369777629
86716,0.935968359481792
86717,0.28321607837933277
86718,1.2157725811289624
86719,4.305086459772752
86720,27.450614338639827
86721,0.4813576441412405
86722,0.5239875376980891
86723,0.8300730181694185
86724,1.3299526887776207
86725,2.7992219049717226
86726,0.31517082668401475
86727,1.3826067514302214
86728,1.444309506950345
86729,1.4212605930167566
86730,0.3895512049213774
86731,0.3072169471423331
86732,1.0965151963074427
86733,0.5243202826807951
86734,1.2846928487379694
86735,5.028137411826773
86736,7.706496094536743
86737,0.050188436430489196
86738,0.1796613764210181
86739,0.32395355207144544
86740,0.026427845659261304
86741,0.9624629116190963
86742,0.3103263160225303
86743,1.3477318852874016
86744,0.22943819047099057
86745,0.1419392839597705
86746,1.3759075662700448
86747,0.06728867530993246
86748,0.21396939432030465
86749,5.102274883703166
86750,0.16720590459876702
86751,0.9076002731554278
86752,1.0257369459213392
86753,0.19755968571026536
86754,2.5606649895139424
86755,0.08228275217593242
86756,1.1157901300271567
86757,0.9061961373406641
86758,1.8893659168637358
86759,0.8502518362551639
86760,0.32655908672538025
86761,0.4797757886862178
86762,0.7311507296900593
86763,2.2759988648268323
86764,0.6199463914661871
86765,0.29682583278361363
86766,0.6592969601320822
86767,1.7592400288671495
86768,2.1578416681877117
86769,0.08108127077769589
86770,0.6264964021746592
86771,0.305552607163883
86772,0.4780740162948726
86773,0.06766014629799265
86774,0.7785982889555613
86775,4.7464698627817565
86776,1.0285212396827244
86777,1.1738664880631433
86778,2.5321839757987377
86779,0.5117666542176108
86780,0.9358321727366272
86781,1.3499641948526164
86782,0.5996765664219305
86783,0.2242218889904999
86784,1.4269552988842809
86785,1.6133662707013339
86786,0.21409504661065257
86787,0.5202831199112095
86788,0.043342867510883946
86789,0.20204893537378196
86790,0.2802620048279061
86791,0.049882612902642225
86792,0.9606955473157532
86793,1.0205860873088475
86794,1.826206754282964
86795,1.0393984211569727
86796,1.880135267901716
86797,0.3643270892145894
86798,0.9335584037643543
86799,1.7530779673475914
86800,0.14888581982100832
86801,3.094634413115233
86802,1.1830606957841694
86803,0.11098766940916431
86804,0.8086567365286064
86805,3.06586416538946
86806,1.3135176280152363
86807,0.5888882054619693
86808,3.097547004239492
86809,0.24645596073724962
86810,1.7517461243473467
86811,0.3588453819433631
86812,0.6657650017985084
86813,0.4889295425868484
86814,1.9256167180241668
86815,0.4608845500476673
86816,1.7719171230229758
86817,0.16815569812358658
86818,0.1444408166301236
86819,0.46950973424415876
86820,1.5973357916982664
86821,0.9997683019743474
86822,0.5619284957886705
86823,1.0667483304155634
86824,1.0315936747630765
86825,0.8647924585982233
86826,0.3097132093580515
86827,1.4041097416848305
86828,5.0525844235267146
86829,2.0145577502958485
86830,1.699187077535384
86831,0.19696587975699786
86832,0.9149258803245695
86833,1.0594526418284531
86834,2.1942811608378636
86835,0.35052831903706333
86836,0.20910130456274498
86837,1.1250601306771488
86838,1.2053226309977436
86839,1.1100598053624386
86840,1.075711467706002
86841,0.4158244837496054
86842,0.08590238195512363
86843,0.25820347621179374
86844,1.4352149462160488
86845,1.7913304144428783
86846,0.1656339233334224
86847,2.4444147709858433
86848,0.6188838838149506
86849,3.2702794843998375
86850,0.1988713687781489
86851,1.2041261614147354
86852,0.5216987481422557
86853,0.16820765143974098
86854,1.0888315069760135
86855,2.2393712204308573
86856,2.714528401530953
86857,2.8524913856364336
86858,0.5226979989148502
86859,0.543282043032442
86860,1.610954049076295
86861,0.34512658237174965
86862,0.0811459570871062
86863,0.5411060750121707
86864,1.122894867171133
86865,0.058335141621833266
86866,0.38035100651860065
86867,1.6544613491191011
86868,0.04302589572565143
86869,0.599500434835922
86870,0.49707262274357106
86871,1.2656083026818021
86872,0.08488543150524278
86873,1.3097807160001824
86874,0.07428017668506742
86875,0.526730475989431
86876,1.6426873767184447
86877,0.34805704355026884
86878,0.18080416042233446
86879,0.7173217060053316
86880,2.091244809355504
86881,0.31537496621466254
86882,0.7724882754802049
86883,0.8782378385762939
86884,2.14185700025893
86885,4.540014425588331
86886,1.5061989699203777
86887,1.3319090100199356
86888,0.926631000723282
86889,0.8844378005865022
86890,2.1517144626977114
86891,0.16576155690207625
86892,0.21016894682683698
86893,0.05334905338943012
86894,8.980811154901861
86895,0.270074252415408
86896,1.6292105410948015
86897,2.005276253814656
86898,0.8423187906909189
86899,1.8419030628955675
86900,1.9729414672286985
86901,1.4640113117511315
86902,1.077727640274188
86903,1.2371665028083867
86904,0.3904687354998665
86905,3.552243228236591
86906,0.05373320410800794
86907,3.1934823353809394
86908,0.5778760992388225
86909,0.4891454144221813
86910,0.42441969662182705
86911,0.17404100463959016
86912,1.120465807114582
86913,4.911244716731485
86914,2.3514788228562113
86915,3.0870873253101503
86916,0.9543599539793788
86917,2.2142883833693925
86918,0.7072846100898112
86919,0.1676419604285605
86920,0.6473613252504292
86921,1.1371883889478012
86922,0.7679475670609026
86923,0.12546133479074567
86924,1.1248821257370494
86925,0.11853250552888718
86926,1.4501094149938158
86927,0.9881165705063741
86928,0.9769494967264175
86929,2.5323342412384124
86930,0.6866891334169676
86931,2.7014813480173094
86932,0.622524675733072
86933,1.6561943182629453
86934,1.329162668346779
86935,0.31283948257150307
86936,0.13437244023924927
86937,0.04324239315935058
86938,0.5522079439046312
86939,0.19082486183200015
86940,1.993720062036303
86941,0.3428393818173447
86942,1.4808073678471116
86943,0.844972890003968
86944,0.1928475453418782
86945,0.7395712211291569
86946,2.6072612142155696
86947,0.6240012687177795
86948,1.1133036562223704
86949,0.9315400313998623
86950,0.42005888752374343
86951,2.773563416268519
86952,0.024229053905224115
86953,1.7848066527869404
86954,1.1289732846949447
86955,0.3223491552575689
86956,1.0867486187190105
86957,8.199793174194287
86958,0.6151161045389036
86959,1.0796671176428487
86960,2.422699598114724
86961,2.7224389346270903
86962,0.7267937671002745
86963,0.40411960224936033
86964,0.5673333268296697
86965,2.5150886688367984
86966,0.3113349168326417
86967,0.05501644908147206
86968,1.3813378037682629
86969,0.9781926171423725
86970,0.7869698119378805
86971,0.3385294864684722
86972,0.11152996215315032
86973,1.778396753337154
86974,2.9537071040299545
86975,0.010997120174071198
86976,0.9933972768217264
86977,1.1493587470215152
86978,0.16228233089843594
86979,1.5681520605849548
86980,0.19127153588575846
86981,1.5827140206643504
86982,0.9342063096824428
86983,2.801383572845961
86984,0.6520217860253048
86985,1.1175878942698891
86986,11.280195131258546
86987,0.13102114337928134
86988,2.2865360675829662
86989,2.5816347123276318
86990,0.7149887733090959
86991,0.2785233963765631
86992,1.543393885361974
86993,1.142815358021578
86994,2.901923800547396
86995,0.16028516145594493
86996,0.47296709873404397
86997,0.775218025630052
86998,1.0691833334093113
86999,1.1655467941017799
87000,0.6442736660773674
87001,0.1666760060587439
87002,0.5201870400822445
87003,0.3571318325643226
87004,0.9082486107165485
87005,0.9986604467382466
87006,0.6934127630285221
87007,3.393401333878415
87008,1.740330379702921
87009,1.0629907799573064
87010,1.1423864453348715
87011,0.6353658884170621
87012,0.4102747063950527
87013,0.05259478968678673
87014,0.710738545481617
87015,0.8277516208368685
87016,0.24370100328948033
87017,0.14028693437625891
87018,2.0273989881786263
87019,0.1753314046231674
87020,0.603984247402168
87021,1.2793697818778913
87022,3.690402861879692
87023,3.1122720539909716
87024,0.1949221716193943
87025,1.6240076053754913
87026,0.5533694660174264
87027,3.6691165553521965
87028,1.9503440404161492
87029,0.07915055350461395
87030,0.30859027680181494
87031,2.7528546883137386
87032,0.2607279851442854
87033,0.31530437699761715
87034,0.38641197086593104
87035,1.000106554362812
87036,0.3269644225475002
87037,1.2862852536456786
87038,0.3050965506317451
87039,1.1568460374915983
87040,3.228170271447492
87041,0.8218823474078825
87042,0.3665181433729786
87043,0.8320049637623637
87044,0.23344884375067645
87045,0.5648164295947132
87046,0.9041635115732942
87047,2.5696933972921894
87048,6.086792027232028
87049,0.24934825100692723
87050,0.60128008226093
87051,4.428805811189085
87052,3.3263095438148174
87053,0.4111635351344007
87054,0.3517479188597309
87055,1.8924810771190317
87056,0.22759406362006132
87057,3.6361279768271206
87058,1.1519044734150723
87059,0.8994476968630714
87060,1.0343006309594065
87061,1.54409264729698
87062,0.4519298733543975
87063,1.1015329735740074
87064,1.0159041152317725
87065,0.6408256507827665
87066,0.29591721450140024
87067,0.4301498981289935
87068,3.336176814673162
87069,0.15607504732057056
87070,1.0754507653062457
87071,0.9393155465571701
87072,0.14156236914675457
87073,1.261368859200562
87074,0.3754290251802741
87075,1.857138815295445
87076,0.14339624618706803
87077,1.4307225016896346
87078,1.3575039204741515
87079,0.497550158034455
87080,1.0307096784361949
87081,4.78723595838461
87082,0.21369699896347727
87083,0.5804935632230946
87084,0.8593610801662773
87085,2.711390986261274
87086,0.5417160739119266
87087,0.38482215672910536
87088,0.2438691003072312
87089,0.1974165341202533
87090,1.7443923703068123
87091,0.4382277554602469
87092,0.29640819406481045
87093,0.2501974457290937
87094,0.6512083140989062
87095,0.5576674195078156
87096,0.507829466612803
87097,0.2824604334814815
87098,0.31814944611928075
87099,0.3356266764239556
87100,1.1026556707119404
87101,1.7291723547719615
87102,0.6598056647267453
87103,40.086686766229555
87104,0.5599592750343739
87105,0.8536049497940309
87106,0.4724980957254773
87107,0.4816886745909805
87108,0.6090267664799411
87109,0.4416644499003703
87110,0.10695596691821306
87111,0.07953732621422172
87112,0.7499496134492305
87113,0.45279080757307694
87114,0.24933403436054427
87115,0.8009067876563732
87116,0.7466721224945309
87117,1.4003110011569357
87118,0.6612024264239088
87119,0.6937888054754854
87120,0.16554897502160182
87121,0.2939698378385944
87122,1.2909182147091287
87123,2.1623046695731767
87124,4.8107614887775965
87125,1.0495236908029495
87126,0.028450808967332205
87127,0.1692796832692826
87128,0.37380218392193154
87129,2.187332943449783
87130,0.5907043694142062
87131,1.2460350881514872
87132,0.1747926899663009
87133,3.834903473118614
87134,0.9681435456556597
87135,0.14487879667797238
87136,2.0413497788975628
87137,1.4697528009576293
87138,3.333407992463127
87139,1.3957808701179104
87140,0.05336785484426788
87141,0.09948131763166448
87142,0.20864036405932893
87143,0.3646088491488855
87144,0.6033752699522712
87145,0.189962861840108
87146,0.23524637284113106
87147,0.23997953557202184
87148,0.12312034461746134
87149,0.43582842249039244
87150,0.14728272058951047
87151,1.3639260413049994
87152,0.3305301061701927
87153,2.4456530748890404
87154,0.948060875275351
87155,0.5373483864254637
87156,0.548139999399702
87157,1.2344044717000018
87158,2.8936087566364446
87159,4.65055023407019
87160,1.3146537929531552
87161,0.46981011184528376
87162,2.0522417427166526
87163,1.0689882371739585
87164,1.2466566371841945
87165,2.0151867517972843
87166,0.7503041496606779
87167,1.4983931662300645
87168,1.5492670749569468
87169,0.24053454792435047
87170,0.3093767144468134
87171,0.4922593844253587
87172,0.30036096912323684
87173,0.4150764431021698
87174,1.2191488219417184
87175,0.6001308484912787
87176,8.754132532556731
87177,1.543478124318429
87178,1.9752235847332829
87179,0.617380467605247
87180,0.46937279128747006
87181,1.2270172805249304
87182,2.1866200988427447
87183,1.0906114921801395
87184,0.30729863155772497
87185,2.307065371398794
87186,1.9817930358820115
87187,0.8459399061056662
87188,12.190837701599595
87189,1.5780280790577246
87190,0.863338208414306
87191,0.09340378218880335
87192,0.20904993024890942
87193,0.6022762782111313
87194,1.239089908811998
87195,1.426898968740733
87196,0.3343406847524419
87197,1.2907560056248477
87198,4.899936125475831
87199,0.8182084661601241
87200,0.884201124562457
87201,0.9984758114716289
87202,0.09246825482679819
87203,1.5467346675875895
87204,2.0239681685782744
87205,4.822519879098494
87206,0.7858721672874472
87207,1.4393601804364686
87208,0.2484369951849511
87209,0.8374329150713622
87210,1.0641611139814957
87211,0.9696990461002302
87212,0.9092462246680426
87213,0.09842608054290614
87214,2.962039837583759
87215,1.308810666079617
87216,0.856063959379445
87217,0.9442269625793969
87218,0.1331221932369491
87219,0.07510449946762272
87220,14.671659572967828
87221,13.23351175064426
87222,0.21087255275641364
87223,0.3246825429500046
87224,0.5128153910013774
87225,1.1661575302428921
87226,0.17168094450529425
87227,1.1237072696170516
87228,1.4355953275476392
87229,0.515841420817936
87230,1.3848576113279218
87231,0.13609977611542456
87232,2.6820131413715402
87233,0.41357664081370604
87234,3.6498833342610957
87235,0.6950225318967712
87236,0.2533207704110839
87237,1.1339843433307983
87238,0.15875089231106634
87239,2.4706238083617658
87240,1.4713295925609289
87241,0.13198087564642064
87242,0.44645897499315323
87243,0.10227442593957128
87244,2.7448584445159705
87245,0.28703038663685665
87246,1.1369247272879026
87247,0.9070799889212425
87248,0.3134260779603992
87249,0.12835880285794107
87250,1.9684252140853102
87251,0.3472721860894998
87252,0.09219507968577374
87253,0.4221910704267936
87254,5.081852168766543
87255,1.3653464665773103
87256,2.0747507243821213
87257,1.0253025401159988
87258,1.1671174412317504
87259,0.16738105970384567
87260,0.9326743328734876
87261,0.15364967879269953
87262,1.193184817886325
87263,2.120812159190403
87264,1.2020319541061815
87265,0.7004924178944285
87266,0.4870884938490334
87267,0.27908833678609224
87268,1.0057573629438925
87269,0.9321554030591279
87270,0.9346153945397395
87271,0.21794874513334933
87272,2.3864417130674314
87273,0.46252140949482695
87274,1.0266023907412891
87275,3.349729052857329
87276,1.1833451968383033
87277,2.797996178067668
87278,0.19091193517090493
87279,1.4382862974455601
87280,86.08936765516093
87281,92.91936577218917
87282,67.0512273769096
87283,0.29273375490071585
87284,2.920940560676581
87285,0.7277265642394728
87286,2.6231070697977614
87287,0.08624697179655767
87288,1.2012701472061575
87289,3.291147209962282
87290,0.10101768440752598
87291,0.32838948902854537
87292,3.8065827945705566
87293,0.043077384815477654
87294,0.6853105529251221
87295,0.0815913317953014
87296,1.3140532942011458
87297,0.7866284367129165
87298,0.40478435069855023
87299,0.32357925120548353
87300,0.5194383135725194
87301,0.17803902581632414
87302,0.9441523766686888
87303,0.0680660900672956
87304,0.9523730927533776
87305,0.12692953383107855
87306,1.8721940574366838
87307,0.04627279347599755
87308,0.7994460779052673
87309,0.9153304028438978
87310,1.060921765305582
87311,1.2131736180933115
87312,0.07199390115961676
87313,4.25493235220968
87314,0.8262218286023991
87315,1.5690825813590437
87316,0.07174862027673122
87317,2.30831781224211
87318,0.6749503999023613
87319,0.754174851763368
87320,1.5554913898891094
87321,0.4499675677288142
87322,0.061192321518506544
87323,0.5024476958123968
87324,0.4655794305965945
87325,0.3887080212435354
87326,7.742090615389236
87327,5.19592910373413
87328,1.4727090404006165
87329,0.5916719088929565
87330,0.71020092418769
87331,0.10120067307266772
87332,2.2588325418569073
87333,0.14757205010522892
87334,1.0863978804791898
87335,1.148191266716601
87336,0.13689754723026074
87337,0.27957492902518083
87338,0.5646990691187649
87339,1.0784475591106828
87340,0.3253794787975041
87341,0.1295689845143198
87342,0.3532962773888392
87343,1.5229812644106595
87344,0.4115712845159902
87345,1.5142884949108124
87346,0.4310164644392097
87347,3.185510860202224
87348,0.5712851385091708
87349,0.5582339073184066
87350,0.6071894383215256
87351,0.3554658383319776
87352,2.8292058058659832
87353,0.17136487335658002
87354,0.7685962835210657
87355,0.8144586977775997
87356,4.449896833102251
87357,1.1999208696105697
87358,2.3544056780218745
87359,0.30604920776166544
87360,0.6237722170034582
87361,5.647711682830545
87362,0.5142102616950164
87363,0.5177093376324481
87364,0.2645342683477671
87365,0.329145873273766
87366,1.2389477041219863
87367,1.025477444279141
87368,2.524759039030363
87369,0.9834481399563821
87370,0.523606807309779
87371,2.0298573469900916
87372,3.0495291782061975
87373,0.4160083295496339
87374,3.929359784173391
87375,2.0386793125281577
87376,0.6727802661548018
87377,1.0172903110748763
87378,1.77040232781612
87379,0.7522635143417346
87380,1.544979215131408
87381,2.315211996953575
87382,1.14185934242824
87383,1.108496217444555
87384,1.115220738843071
87385,1.0620457569664832
87386,1.07293959070625
87387,0.39593126495562486
87388,0.1483846123157489
87389,0.2650279935772577
87390,0.1914420612246819
87391,1.0279111708503361
87392,3.2569710184415257
87393,0.9717065808973525
87394,2.160376113680646
87395,0.22060273731168303
87396,0.559070005892379
87397,1.3144047915072052
87398,1.2305136380635275
87399,3.125024212858246
87400,0.17282075490152127
87401,0.7052149882841103
87402,0.22356234504446026
87403,0.23073676565786475
87404,1.1609734895869124
87405,1.303488294825926
87406,0.747530751849613
87407,2.0177431348085646
87408,0.3322886813808323
87409,2.287108762824834
87410,0.45101716078237697
87411,1.065601073882754
87412,1.201487808129577
87413,1.6853063945356985
87414,0.8774671585772056
87415,1.163791931742487
87416,0.5234861835124675
87417,0.6361558112131039
87418,2.3018117691273217
87419,0.13912447583619975
87420,0.47267650616709495
87421,0.5410951077091528
87422,0.041605971365272734
87423,2.017119948562874
87424,4.380575464964757
87425,1.8183109987902801
87426,1.989773547005333
87427,4.758871159863982
87428,0.8191602469406055
87429,0.7116991972513127
87430,0.3759618469265867
87431,1.9599665706688902
87432,2.0081179952120083
87433,2.3449188467185524
87434,0.8822664587894145
87435,0.9372375233188106
87436,0.6556775209177099
87437,1.2179095082883709
87438,1.6496442200818588
87439,2.6826561766988672
87440,0.2870073659565597
87441,0.4564827804153518
87442,0.5945585359038145
87443,0.5213393450172383
87444,0.2639227653071266
87445,2.00971363943603
87446,0.21246402657626878
87447,6.173224400128727
87448,2.7929807916620804
87449,4.249686163709133
87450,0.2557858985218601
87451,0.11845719131786747
87452,0.47416080802278615
87453,2.7643953250715496
87454,0.20814072217258928
87455,0.9883105739152852
87456,0.17041663489828815
87457,1.6554445046116835
87458,1.2801955777357745
87459,0.9977406235979949
87460,0.6632597930094508
87461,0.6122082362835123
87462,0.8900852942876774
87463,0.5717222023219231
87464,0.18780405979036557
87465,0.8645921829294048
87466,0.5257838049578296
87467,0.7708756613035588
87468,0.12007470672027384
87469,0.07652928372717907
87470,0.47257343106091576
87471,0.7387996381203572
87472,0.5548780784701889
87473,0.7734148657201974
87474,0.8199712946407812
87475,4.455290991835728
87476,3.089911647553711
87477,0.539665361841819
87478,0.22227916738857656
87479,0.24539557482995789
87480,0.2766558740738319
87481,1.6127966591053546
87482,0.14526725189416223
87483,4.131636415771363
87484,0.6983377555700757
87485,0.07567989989653626
87486,1.1298320462781453
87487,0.23454557631460282
87488,2.817861916561608
87489,0.8209627838216679
87490,1.467754738898942
87491,1.231643685657381
87492,0.8865161155568805
87493,1.5359715500966424
87494,0.10647716160027663
87495,0.6237958827003152
87496,1.173121181585822
87497,0.7436157716105625
87498,1.4592068262209308
87499,0.4889552669299874
87500,3.6547202491616706
87501,0.059344160868999116
87502,0.2621592780427468
87503,0.4249990584533617
87504,1.0932231202877747
87505,9.88689232683841
87506,0.6056493550933364
87507,0.2375312022300931
87508,2.0884988752898948
87509,0.3670477090301438
87510,0.7073760082982036
87511,0.05245330305961472
87512,0.22478303069432337
87513,0.3864176988475576
87514,1.1367797118436473
87515,0.3983355920012114
87516,0.4937124703650396
87517,1.5465075144426543
87518,0.7184037273711789
87519,0.5387724688514643
87520,0.33443150680096223
87521,2.3408175234831705
87522,0.07317565607208353
87523,1.7196405540972624
87524,1.1756054821999697
87525,0.5233511463941506
87526,1.0619240031850208
87527,0.770398023370111
87528,0.1350455580485524
87529,0.1050876822981668
87530,5.859418652117137
87531,0.3125580985300709
87532,0.3079290004045549
87533,16.52674257029386
87534,1.3900667035664451
87535,1.065314385196096
87536,0.7016944254391149
87537,1.5388666814853857
87538,0.9887068026598577
87539,0.0845046081090225
87540,0.7156104119699485
87541,2.043641483611225
87542,0.40797368361847014
87543,0.7106395232268294
87544,3.2708869725010215
87545,0.18827254387209527
87546,1.981697406250751
87547,1.1103792152432024
87548,0.5032288838157067
87549,0.857948045934355
87550,3.6643678896200353
87551,3.25984747411033
87552,0.48097279583181646
87553,0.3634242396312097
87554,0.12114433546740254
87555,0.31766881566396643
87556,0.3174706246064671
87557,0.5713231103544844
87558,24.538724959310535
87559,0.18083748537083422
87560,1.1959084804473632
87561,0.2003573479864483
87562,3.618346263358159
87563,0.17350027090557318
87564,5.179261053991147
87565,0.9504553407788384
87566,0.5217407075831536
87567,0.5709982651105486
87568,0.862607589590201
87569,0.5208247336636557
87570,0.4725897609913683
87571,0.20205249446396772
87572,0.544404081423243
87573,1.4920797645626114
87574,1.6821136599901105
87575,0.8802158818723386
87576,0.6027731952699205
87577,0.26777474648198957
87578,0.09032724937578294
87579,9.96336042304715
87580,0.48792462846205753
87581,0.5018444539456572
87582,1.3016711392229334
87583,0.46886130514680113
87584,0.4691101306874656
87585,0.9669604567677219
87586,0.2662539287094042
87587,0.803822278951349
87588,1.64333479326782
87589,0.9097259441587275
87590,1.1794674663804576
87591,1.4171980514575
87592,0.10607232833172447
87593,15.22194811733793
87594,0.17023461435003046
87595,1.5581862372716702
87596,0.6133255505575375
87597,5.296967442087805
87598,2.439113711183807
87599,2.2854171370124683
87600,0.5561241245798242
87601,0.4064368957159513
87602,3.075441642541346
87603,0.15078913436735136
87604,0.9002207125773765
87605,0.605191968544819
87606,0.1442896574819566
87607,0.550815960024504
87608,0.770454493480812
87609,0.9951658723020687
87610,0.6366085707761386
87611,1.828502948008863
87612,0.2578036083885011
87613,1.6151436676114126
87614,0.4234754155410928
87615,0.5708784472951282
87616,4.207550825300517
87617,0.7716361899954582
87618,0.16736800021604348
87619,0.866990162483801
87620,0.8436321920247103
87621,0.6333660219498476
87622,0.5172268352248042
87623,2.533339296533372
87624,0.3466634179967437
87625,0.6101054355926115
87626,2.1708875201744626
87627,0.6995588373002789
87628,0.7563865060230562
87629,0.3755150136794557
87630,0.9258751564213682
87631,0.1070246378813569
87632,0.9932931290824799
87633,4.145573723255134
87634,0.26842500246810835
87635,2.6806082527700625
87636,0.24375117233749038
87637,1.4097020526106412
87638,0.49284302530201685
87639,0.16237176952339655
87640,0.4241093812754431
87641,0.6025571012000507
87642,0.238814663957045
87643,0.9154972016709834
87644,13.448156432000623
87645,0.6890230741271426
87646,10.853718076868287
87647,0.14171463577788057
87648,0.43941334763831696
87649,2.658428976301322
87650,0.2679726191152421
87651,0.7305604689177914
87652,1.2993412044865305
87653,0.4441705318778141
87654,0.38013723254778303
87655,1.1872245712226708
87656,0.4772717220834297
87657,0.5700289981435184
87658,0.6823163196738393
87659,0.8138463447094162
87660,1.0035006524547976
87661,0.20201480480796172
87662,0.2845797070088314
87663,0.4184633104687406
87664,1.0721894081200418
87665,2.1244861191919315
87666,1.9094356977382279
87667,1.7203291030290324
87668,0.4214557931435202
87669,3.1030619502892054
87670,0.42875689332160405
87671,0.6377678572551122
87672,0.1878590829922864
87673,0.2970431975898689
87674,2.2604630892351367
87675,0.1033496541110784
87676,0.40645653612692617
87677,2.469087728396769
87678,0.4218725917410724
87679,1.9094354973318879
87680,0.298392002592185
87681,0.17220707647819666
87682,0.45465552039977275
87683,0.21597337860275484
87684,0.4257216998930724
87685,6.1875632460597885
87686,0.28772795441754573
87687,0.40592887893462665
87688,0.5625477049039247
87689,1.0792324712853194
87690,0.0417838121140375
87691,0.8428705793454321
87692,0.42044978345658923
87693,0.6964164531131918
87694,0.21145442822823077
87695,0.2697579089234545
87696,0.5863064005253843
87697,0.43630342914309794
87698,1.0081450411247537
87699,3.7356157682393385
87700,0.4193687886644767
87701,0.1819267783183004
87702,0.41244756259100485
87703,1.2853957994884397
87704,0.4143588073195002
87705,0.349848682392519
87706,0.7136865626706993
87707,0.09553255648900624
87708,4.561739749212715
87709,0.6831008626826034
87710,1.0196776467898305
87711,0.8344681468239233
87712,1.0419782582188237
87713,1.4743453931963415
87714,0.6001640365244564
87715,0.7384383293522758
87716,0.6210433850862266
87717,0.49774696955697517
87718,1.0728421517541396
87719,6.120013019028846
87720,1.3702749790285678
87721,4.588481848053957
87722,0.08030002475040267
87723,0.23880084425151263
87724,1.2161378771255082
87725,0.9636694318988507
87726,0.1282143962459143
87727,0.6736409998857446
87728,0.7844711023009423
87729,0.5447177840234095
87730,0.7498015637102453
87731,0.10161267617506321
87732,5.029134912235152
87733,0.3704337257357794
87734,0.21869219345172847
87735,2.030151772779998
87736,0.9264451844854641
87737,1.8168536699410465
87738,1.9540035353410985
87739,0.20023493871880377
87740,1.5605114939933902
87741,1.277479396529728
87742,1.5133927165542334
87743,1.2754669994404402
87744,1.2401058569904464
87745,0.7882037853461965
87746,0.27421026612681854
87747,0.22472984911606
87748,0.7486203736532162
87749,0.13153115082077077
87750,0.29429961688317136
87751,0.5032546413308651
87752,0.864687909222659
87753,0.24866317218343748
87754,0.5491365553464501
87755,0.9817119743892476
87756,0.6654730621007767
87757,0.29260749640516853
87758,1.2822054345798095
87759,0.8411181513854562
87760,0.37387533280224494
87761,0.6317391988684586
87762,1.5277561557684716
87763,0.17091630480158004
87764,1.6173249473312736
87765,5.691102531494321
87766,0.1878081874862984
87767,1.6839468764101206
87768,0.5281747043250445
87769,0.451950383440879
87770,1.3239995710562773
87771,0.24776997236479642
87772,0.2469292513119222
87773,1.2348824626304538
87774,1.4284399928220903
87775,1.8196031151064707
87776,6.18994714854041
87777,0.7927861627356949
87778,3.11219766097813
87779,1.3520071461015153
87780,1.3619609041565368
87781,0.14425787583112348
87782,0.8127107085080032
87783,0.2128909360425045
87784,0.1718003641957554
87785,0.11075657854215773
87786,0.8545699946139316
87787,1.5796455769621653
87788,3.2055187136741576
87789,3.450993341033555
87790,0.4639083368635787
87791,1.5241459935389736
87792,0.041212739752759624
87793,1.1652805825677428
87794,0.6293253615622164
87795,0.239230756951354
87796,0.9454900358567628
87797,0.29063675733924293
87798,0.054537232431660705
87799,0.24501804607653316
87800,3.8915357094708867
87801,0.5647140146096501
87802,0.05991809907666962
87803,1.6351594879381068
87804,0.155387171266718
87805,0.0820448430881512
87806,0.7576016558981824
87807,0.5506748278398228
87808,0.41765018329227754
87809,1.7176354257604758
87810,0.7483490248345596
87811,0.8480854363451263
87812,2.119669619498483
87813,0.2368033973574168
87814,0.26124528889431464
87815,2.0283977812451113
87816,0.45817553365791575
87817,0.07034675272703408
87818,0.34505347078553295
87819,2.146412678221533
87820,0.14775714249589558
87821,0.49052913978452234
87822,0.9050828073114963
87823,0.11982355414198152
87824,1.1630008589414644
87825,0.9697333702604782
87826,0.11976434378368447
87827,0.2851818457555431
87828,0.18054883157368523
87829,0.21260624556216964
87830,1.014537933870125
87831,0.2633477285820421
87832,0.7214640162770576
87833,2.5513514980545837
87834,0.39125022025035666
87835,2.2869447320762943
87836,1.6954531579203291
87837,0.9308212767731023
87838,0.6209020937532302
87839,0.5290785180343076
87840,0.22220289625462114
87841,0.966376889796442
87842,6.782804733693262
87843,0.468669244778475
87844,3.439766683584965
87845,2.644236974793481
87846,0.4629694972279089
87847,1.5391283721988547
87848,0.4434842053025254
87849,6.440164631956372
87850,0.34118196599120776
87851,1.2616697324525057
87852,0.07863543752627923
87853,0.375335220992385
87854,0.7154348466051392
87855,0.15031836382627908
87856,0.19189776057869445
87857,0.27272454138005847
87858,1.1612226442015228
87859,1.4928983798236815
87860,0.14652066659549576
87861,0.40563830150462993
87862,0.23284156454375307
87863,2.8641302751653726
87864,1.8177551797652427
87865,4.278363734269213
87866,1.4569719013454894
87867,3.614571871807815
87868,0.5198157077480661
87869,0.36087419145194033
87870,7.378291634883029
87871,2.7847156329120657
87872,0.5525216679679282
87873,0.19641541884505676
87874,0.0600005862180383
87875,1.6932824766952825
87876,1.3038410571274055
87877,0.06603476128735077
87878,0.278048443036815
87879,1.0048012872357168
87880,0.20418689921496289
87881,0.4708886766304374
87882,1.2482510783090641
87883,2.3357977483827925
87884,0.5516956697492188
87885,0.12199450067571989
87886,7.681172144994564
87887,0.7220669569225272
87888,3.4334481894972004
87889,0.14259484410453946
87890,1.3662328672138229
87891,0.5413252153310508
87892,1.742800842142382
87893,0.32023953666103594
87894,0.25235188462693475
87895,0.5327335183035502
87896,1.7946530178518365
87897,0.4358739537288312
87898,0.6872854849480619
87899,0.21364280120691215
87900,0.7565509067079568
87901,0.3309249474387229
87902,0.13349647513502522
87903,1.0947344346546226
87904,0.814205858151962
87905,0.15106409986904026
87906,0.6757516927846039
87907,1.107819988857856
87908,0.14655446031935654
87909,0.7942590100858715
87910,0.08392256755029237
87911,0.1483453528994562
87912,1.860850891751266
87913,0.6563815331551403
87914,0.903883990287129
87915,0.675727502795376
87916,0.12165319908355976
87917,0.06049275138893035
87918,0.5725490114763142
87919,1.826818711933301
87920,0.9333908733244326
87921,1.1517081873149384
87922,0.32753096945759724
87923,0.1245538292346108
87924,1.6506352988566664
87925,0.8626567468399914
87926,0.9720380332113753
87927,0.5304802523229338
87928,2.850925429911883
87929,1.5881182220138095
87930,3.387921981390396
87931,1.2209628000473838
87932,1.5020796313678844
87933,1.208592122103259
87934,0.035064662092875405
87935,0.7873684589794095
87936,0.5729722462344251
87937,0.7374763208298136
87938,0.35683986986473537
87939,1.7434470438600327
87940,0.8610043328956807
87941,10.662180987222671
87942,1.4339135096386286
87943,1.6145254287952293
87944,0.22590611100359997
87945,2.802919746565167
87946,1.5520089040247635
87947,1.530910264803947
87948,3.2866031378355367
87949,0.8322577022369224
87950,2.260269272003767
87951,1.1885548949410676
87952,16.364751150464944
87953,0.4521992587086318
87954,0.14981478636515969
87955,0.32199695544000306
87956,5.23240804010621
87957,0.5266117012429687
87958,1.305779420131452
87959,0.08221541994126386
87960,0.72880077653337
87961,1.248262274883471
87962,0.5832915006841908
87963,0.6792958933956216
87964,3.3649826931114983
87965,1.1337647272443727
87966,0.8521318469272016
87967,0.7008682915628073
87968,1.456592852135174
87969,0.59361567518091
87970,5.296984040210824
87971,0.8891626914321611
87972,0.7052892535754184
87973,0.3334649730042753
87974,0.08115502109196757
87975,0.41504391396546025
87976,4.73799581455418
87977,3.4448993948056295
87978,1.878955935517595
87979,0.7758881903245376
87980,1.626249671191319
87981,0.3264523873408003
87982,0.17701885515251625
87983,0.3887121407770411
87984,0.4269561969792025
87985,0.9168620896501872
87986,4.124754567520809
87987,0.07233712215033493
87988,2.651416486150594
87989,0.11533979950064423
87990,0.13301547910236097
87991,0.15040360348035267
87992,0.01722354802026558
87993,0.49726040263631355
87994,0.3058102084496314
87995,2.633826403134556
87996,4.988238010187099
87997,0.4005979510975576
87998,1.5235285756808912
87999,0.650742449284571
88000,0.4270586518812442
88001,0.013896447488400715
88002,0.1636059346620423
88003,2.0649810554681034
88004,0.20659381820175876
88005,0.5873034000270381
88006,0.5268642809400603
88007,0.015865700807979315
88008,0.30231980786424806
88009,0.782247403940062
88010,0.9331590533133266
88011,0.41582725096966405
88012,0.6299431261572761
88013,2.8820993098327055
88014,0.06689122047198867
88015,0.5338875500971932
88016,2.305370815212138
88017,1.531265967161557
88018,6.914334839454346
88019,0.13280492168625257
88020,0.18579917606880797
88021,3.2515451009351595
88022,0.2617974762277621
88023,2.403736866287111
88024,0.30833442442336345
88025,0.8772564931416899
88026,0.8227452780804797
88027,2.0413012942126465
88028,0.6040479976391804
88029,0.4849757638315481
88030,1.400293657281133
88031,0.06747576785760083
88032,0.13386801349854852
88033,4.010816223715809
88034,0.5687142565185683
88035,0.4768427971249628
88036,0.2898839801661842
88037,0.41348276647926185
88038,0.3143658937396378
88039,2.908479876084659
88040,0.468538947098857
88041,1.9414976279143787
88042,0.39632408522264667
88043,2.516007143938573
88044,1.2559281965554214
88045,0.16939679143695485
88046,0.11720540904309874
88047,3.7676843556766704
88048,1.7859931403806448
88049,0.4932352258753834
88050,2.503361787192032
88051,1.5476218105610555
88052,2.066990535988838
88053,2.1035839116643857
88054,0.08914466587261131
88055,5.926311531101261
88056,1.0339618605993341
88057,2.192017275154824
88058,9.531724275319968
88059,0.4868697775420975
88060,1.5530575680988423
88061,0.27518627632776643
88062,0.3754502820610563
88063,1.3587691412179677
88064,0.25107059486857913
88065,0.2817769237190361
88066,1.6814787183616804
88067,2.0082417001392145
88068,0.7747642908979668
88069,1.2832167964263195
88070,0.888732396575022
88071,0.27216125937219243
88072,0.36727242824158385
88073,0.8970273194135577
88074,0.6788393436411065
88075,0.3331481935879601
88076,1.213681874737239
88077,3.063247966809351
88078,2.4990038299979007
88079,1.7378716309815538
88080,0.3552934695566516
88081,0.4533052068502061
88082,3.5218877004947275
88083,0.280395338770081
88084,1.163356029220434
88085,1.9137064704077777
88086,0.10762845868498762
88087,0.7520855183956441
88088,0.4000424950141503
88089,2.6088828861760005
88090,0.7670402210542191
88091,1.037648317596017
88092,0.9896247953278733
88093,3.731053002059034
88094,1.2807470629642743
88095,0.3674767573034903
88096,1.1351324055873582
88097,0.6927880556442277
88098,6.372020736434916
88099,0.6312963152825181
88100,0.07432606770278237
88101,2.1328623575457004
88102,0.33436424829798844
88103,0.3914197169934741
88104,0.17197135227354965
88105,0.7061587621084651
88106,1.0744207685512224
88107,1.313151050403235
88108,1.386335541524505
88109,1.4136599159268848
88110,0.5562765939003225
88111,2.748454206074531
88112,1.3195953724949954
88113,3.505172795786985
88114,0.7562785216217464
88115,1.5768174607991157
88116,1.2325919946554451
88117,1.0508219955497025
88118,0.883019122309748
88119,2.2373105839702103
88120,0.15167971736453767
88121,0.8528542303829101
88122,0.3439517191842253
88123,1.2152367518309968
88124,0.08449026186090502
88125,0.3844962364767146
88126,1.735573636175761
88127,0.6256885838249421
88128,0.31074752885205703
88129,4.651538681488063
88130,0.3786002008944374
88131,1.2667817384655082
88132,3.1843699873652143
88133,0.1228366262465527
88134,0.09225626988783202
88135,2.6950316246965174
88136,1.4449183734937776
88137,0.7340320067860016
88138,8.83355049149817
88139,1.4938417811759261
88140,0.7516744292399948
88141,0.10983961167430864
88142,2.6885590640396972
88143,0.3184063147701993
88144,0.26138914541715025
88145,0.09839474775354956
88146,0.7345546837776389
88147,1.4555743016850586
88148,1.193391348970249
88149,0.7454316071688846
88150,0.580673926178117
88151,0.08940919952834976
88152,0.7551023194636083
88153,2.335123784335873
88154,2.326612501397748
88155,1.5224971577457946
88156,0.28429664653849396
88157,1.5714731090595508
88158,2.883894955799257
88159,0.12034081871311089
88160,1.5312581817040223
88161,0.3213086945146289
88162,1.2242337360657052
88163,0.28095231366948004
88164,1.9398183185185507
88165,2.9948955627041722
88166,2.5264828091948917
88167,1.0641316046462233
88168,2.0092183352549764
88169,0.9921081277527016
88170,1.399846440556662
88171,0.9329001102629415
88172,0.15194920439892165
88173,3.5795941443084986
88174,0.6436995366427276
88175,1.4517124119276432
88176,0.6991270133171588
88177,0.23128387255692154
88178,0.5950945348864256
88179,1.896325292337248
88180,1.4292863213881433
88181,1.0533580110320635
88182,1.388734845178559
88183,0.5941831089128677
88184,1.4486076220984407
88185,0.06043978747483869
88186,0.6999692288695745
88187,0.38579227591241666
88188,1.0067356202613456
88189,0.9200281467270998
88190,0.512964031693882
88191,0.5293861695643296
88192,1.57308260776129
88193,1.3955750337471056
88194,1.4069198213514396
88195,0.6778264082165097
88196,1.7533787680803234
88197,1.425430009138455
88198,2.137631981547889
88199,0.9422224978109489
88200,1.7700704395741118
88201,0.7554469992338805
88202,0.5930947869533939
88203,0.20182738890584212
88204,4.839956919753993
88205,0.33301819974592667
88206,3.521904575493137
88207,0.6931968592979358
88208,4.690433222985275
88209,0.08672849632834254
88210,0.3600828902234501
88211,1.729318535694024
88212,0.7220399607540401
88213,0.5849615061556902
88214,0.47130557891843994
88215,1.0026922085414267
88216,0.2196234939393547
88217,1.018936145176839
88218,0.7093924243919332
88219,1.315342538533865
88220,1.632562393922354
88221,0.5833207928284695
88222,0.9076425414890427
88223,0.11208115076662598
88224,365.37609616539487
88225,0.6279716577224339
88226,2.6424139715395865
88227,2.606200896244569
88228,0.5762241979166469
88229,0.30493597143614143
88230,0.13134237697186427
88231,0.71165960115024
88232,0.6311925803453631
88233,0.22922998006126868
88234,1.4602005313368445
88235,6.084015218666723
88236,1.988142399179729
88237,1.3900460727740198
88238,0.28014550336341265
88239,1.9455791027614813
88240,0.3676001724921826
88241,0.6746450036272836
88242,0.23027052492970704
88243,0.32180168434424417
88244,0.2885081771011159
88245,0.20654475286534021
88246,0.20502703205984651
88247,0.5502393637465022
88248,0.3329207388012858
88249,5.187413980021423
88250,3.4356123445816853
88251,0.12216921387874924
88252,0.4268664111173984
88253,4.767860290527455
88254,3.1293762319894216
88255,0.2375211779423811
88256,1.7185262876562488
88257,2.0109281856074075
88258,3.4213855453573485
88259,0.08609738991283604
88260,0.30292326882910803
88261,2.1412419057730414
88262,1.2105101583139042
88263,1.2607301244668516
88264,2.1174194038118164
88265,1.676803936361864
88266,0.3253789053037591
88267,0.22528279267293594
88268,0.6308648177727252
88269,2.2320928868130516
88270,0.5851396167053307
88271,1.3218226544851561
88272,0.9581283054634735
88273,1.8107263693983604
88274,0.372224007347854
88275,0.5646669570841928
88276,0.3866457886964692
88277,12.77965627465917
88278,0.9424533987748742
88279,0.15191146417440837
88280,0.8275733047612466
88281,0.2857379833576764
88282,1.7802188463673652
88283,0.046017239734477335
88284,0.22461193350234954
88285,0.986759177869229
88286,2.57057597430396
88287,1.6004146659469547
88288,1.3636613096001544
88289,0.707220712857409
88290,9.32570088122634
88291,1.1229146328657542
88292,2.799021765566944
88293,1.1955889974086031
88294,0.5172345180872798
88295,0.8836611837903375
88296,1.0630560828763445
88297,0.11751897930722968
88298,0.46293692107418516
88299,1.982268502061113
88300,1.0902066453076373
88301,0.2259053099018923
88302,9.53067783614729
88303,1.8466737597328353
88304,0.2605147905319196
88305,11.403126290663465
88306,0.9809074341025964
88307,0.5727158971580092
88308,0.723927770680679
88309,0.9624070485513625
88310,0.45374449036642395
88311,1.1089364453619117
88312,2.6285356563653015
88313,0.9478231788084761
88314,6.831835088543546
88315,0.8231640780816782
88316,2.2533607348088402
88317,0.32773948600237085
88318,0.6187380149382343
88319,0.9481386730621891
88320,2.534289263629356
88321,2.2326113691685285
88322,0.328807176471649
88323,0.8954564209677753
88324,0.5631582826981885
88325,4.615766852064075
88326,0.5119835768436473
88327,0.3844336501855468
88328,0.04403565219280173
88329,2.625318196088723
88330,0.6110068887646671
88331,0.22012069903109874
88332,1.6973680459431213
88333,0.5060433160753118
88334,0.11204414919323942
88335,0.6290962957343331
88336,1.2726488685629316
88337,0.287479353245876
88338,0.30181641646511015
88339,0.7572692469114408
88340,2.5484886489415044
88341,1.1240637921135552
88342,0.23785939978916823
88343,4.446873339045331
88344,1.8872133506309963
88345,1.5359798122026196
88346,0.24340413752341736
88347,1.2880768017802537
88348,3.635959272819879
88349,9.568121561494134
88350,1.9022086788687715
88351,0.04246988769954527
88352,0.22966919483107734
88353,0.298373401965717
88354,9.79632298046433
88355,1.0379131223148668
88356,1.2714190833724088
88357,1.0116719992103829
88358,0.7971942501879661
88359,0.6543008472070372
88360,0.12696408045935964
88361,1.162467734025662
88362,0.4162673897357983
88363,0.2601560803905569
88364,0.8615828504966688
88365,1.7936584746049484
88366,0.27643546623851367
88367,5.556828023408133
88368,0.08418670545376217
88369,0.2872958278727643
88370,1.6242131680120229
88371,0.20847008938274086
88372,0.9997839957695547
88373,1.6647773864642903
88374,0.3317012380610978
88375,0.35281380402267715
88376,0.7765018867809678
88377,0.41007562092810373
88378,0.21880668557901994
88379,0.5601926557790319
88380,0.5589826356317585
88381,2.4119690140585353
88382,0.9472359627735195
88383,0.9828874203474153
88384,0.579335992020735
88385,1.707533747216182
88386,0.38937035185183666
88387,0.1901556953016036
88388,0.32109975585547507
88389,0.3626878756354247
88390,3.87737055117102
88391,9.732528044134705
88392,0.11075761209718561
88393,0.8956244911123497
88394,1.4945206836018516
88395,0.4214628825494191
88396,0.6554614889824832
88397,0.2126716818148892
88398,3.428000704107146
88399,0.47996787536242236
88400,2.660988113710623
88401,0.7833906698615425
88402,1.0838864951733893
88403,0.5327585040874814
88404,0.046438867934074445
88405,0.34688548156605664
88406,0.5382088629259733
88407,0.2369059724839654
88408,1.4730005645999096
88409,0.8035060540343011
88410,0.06965980506327041
88411,0.18304361355130475
88412,1.2924932879204698
88413,1.8503393048632124
88414,0.9464012001341608
88415,0.40439517780475137
88416,0.48355657313665495
88417,0.3495301010117844
88418,4.054557289939855
88419,0.7993553680328915
88420,0.37849134969584575
88421,0.48143051472592235
88422,0.36920314067580084
88423,0.7741236612486686
88424,0.10737182919927385
88425,1.3422986248607898
88426,0.2942257891848463
88427,0.716079374608703
88428,0.25246831831874345
88429,0.663136540490773
88430,0.0761740844671265
88431,0.1088258815932303
88432,0.24088710216002185
88433,0.7243578687011969
88434,0.23131837622685877
88435,1.022845294103847
88436,0.30376845756381204
88437,2.009644839948782
88438,3.7256893229702097
88439,0.13023662498175637
88440,2.2733594211590598
88441,1.3527207603552944
88442,0.503460561306075
88443,0.7820935216127434
88444,0.45733042441569927
88445,1.044228497488053
88446,0.46629957317244153
88447,6.161124064640649
88448,0.3135575396291359
88449,0.5037660083297983
88450,6.720734734315794
88451,0.5398816166654805
88452,0.19631506171700377
88453,0.15053713393706442
88454,1.2453685680667472
88455,0.39992127837158475
88456,2.599421680881775
88457,0.3229116179209623
88458,13.177464083382288
88459,0.2578040829761703
88460,0.2572008098017467
88461,1.614411246005732
88462,0.5988478043008041
88463,2.0446089168140595
88464,695.5614801486198
88465,2.1625501769608952
88466,3.235034868274101
88467,0.6143819569213891
88468,0.20332427958075733
88469,1.321261035482793
88470,0.26299348536601685
88471,0.3672789157288807
88472,1.5023004415564885
88473,1.3450371893180626
88474,0.19884616453086024
88475,3.2800042034717607
88476,0.6290200912511615
88477,0.4969551886008263
88478,0.2598702894370907
88479,0.202646358967552
88480,1.8965164183997458
88481,3.20062091679824
88482,0.35325484658298584
88483,0.46150583006051327
88484,1.4260350706727276
88485,0.48616090258563094
88486,0.25632314095667674
88487,1.8715019459060869
88488,1.3777131654218204
88489,0.203078852157404
88490,2.4933866302482977
88491,0.2986422497172765
88492,1.0234450894673368
88493,0.4417894129394492
88494,0.4873069095068602
88495,1.6231840704973513
88496,0.7916654726596908
88497,0.2283454029366368
88498,0.1791641840265928
88499,2.6117583541330873
88500,1.3858563440579281
88501,0.24974134287173852
88502,0.7198149364998292
88503,0.8823631363607871
88504,0.39663678992675866
88505,0.6362474295870094
88506,1.2328867446623262
88507,1.7591122514045194
88508,0.5891345039515481
88509,1.5532997586308037
88510,0.29099146934058967
88511,1.001647557579091
88512,0.29373925761733877
88513,1.496155513235884
88514,0.9219155329050482
88515,2.052169395965823
88516,0.644156518070503
88517,3.3730204825643963
88518,0.5025738963624984
88519,2.951673356989285
88520,1.0870279135438201
88521,1.0391505533610228
88522,2.340635045660558
88523,1.7882020041642404
88524,0.5388083307866853
88525,0.9542931986747296
88526,0.29550058232125953
88527,0.21135379796520107
88528,0.7377559088736207
88529,0.06760831262506867
88530,1.333853719451017
88531,3.1871546095367993
88532,1.0899313661052552
88533,2.6513450934906815
88534,1.4762238283669835
88535,1.7522787119078413
88536,1.1557162677705588
88537,0.750282220409085
88538,0.13295160889727534
88539,0.07717108717558166
88540,0.779464351102807
88541,1.1357663626735017
88542,2.174451173572768
88543,0.2246681726070582
88544,0.08978133277619456
88545,0.8342859962222798
88546,2.3604137679050354
88547,0.6253695170566289
88548,1.5408486145173044
88549,0.694527211477499
88550,0.3947805734823013
88551,1.8145986201884392
88552,4.429147245489277
88553,0.5087508171134654
88554,0.57854399403528
88555,0.39323196259440274
88556,4.28801512914898
88557,0.0861988933637848
88558,1.794759339631741
88559,1.2295699366170891
88560,2.4893350205879488
88561,0.6677687802543723
88562,0.11715092500953204
88563,0.4367687383827257
88564,0.5345522598551099
88565,0.5698171106423957
88566,0.07616274505742503
88567,1.321172840722062
88568,0.34724126976830794
88569,1.5226215151295421
88570,0.28413876598382193
88571,1.636723059165547
88572,1.5896867450862358
88573,0.08392961700709889
88574,0.8834537509259723
88575,0.10818743640963487
88576,0.34326252316005823
88577,0.2001820681801471
88578,1.4232442072138052
88579,2.7597466344992143
88580,2.8054014641869642
88581,0.9880400468063535
88582,0.31655428696806376
88583,5.096713695375327
88584,3.966022496761662
88585,1.3195068084175445
88586,1.22775604350949
88587,0.1758438590236415
88588,4.835749744464757
88589,0.8104401074194292
88590,0.10712367937787784
88591,1.2023712285557182
88592,0.5590024688597773
88593,0.9181209598827166
88594,2.5838590195997493
88595,0.10078948178821921
88596,0.7733699277361259
88597,0.15175822749715231
88598,0.11509069156425229
88599,0.5001200712503074
88600,1.5103429261939598
88601,1.2068553516270486
88602,2.376730161904891
88603,0.7594794011357164
88604,7.53365217964712
88605,0.5854390491599252
88606,3.0325354187857196
88607,2.1939269416832463
88608,0.9697653753104952
88609,0.15809480772761383
88610,3.393921205496511
88611,1.558162312249551
88612,0.9225563313047866
88613,4.81592540145609
88614,10.930235618107103
88615,0.08336238694166848
88616,2.4658994852998113
88617,0.1291155218088375
88618,0.6837002836035015
88619,0.0600037689173126
88620,0.12145411078577804
88621,0.21206257893657923
88622,0.19079380118606745
88623,0.23861075317309047
88624,1.2418434572956278
88625,0.09083016801593667
88626,5.199085685040357
88627,2.2603126259820225
88628,2.306874547601077
88629,0.19574619264734186
88630,0.6566200446363953
88631,1.1221044949104764
88632,0.5152959655812753
88633,0.19340514590981578
88634,1.8247722354488396
88635,1.537196960215831
88636,0.16420109498965735
88637,0.17874424223938182
88638,0.06858409859407899
88639,0.3421746003020245
88640,1.1126710007882377
88641,0.270255093685421
88642,0.15733310088577096
88643,1.6105131679218987
88644,1.446768370820587
88645,0.09262596391386017
88646,0.19421412500706223
88647,0.09133410508099672
88648,0.41992851880406834
88649,0.06997260407066923
88650,1.1950774619643618
88651,2.9844520557966363
88652,1.8950493920348728
88653,0.27646246408976854
88654,0.9972737283345006
88655,0.42372537987975223
88656,0.7118460391934733
88657,1.7063930560901235
88658,0.02190684716528103
88659,2.293176967437436
88660,0.24357249085705981
88661,1.168111125999637
88662,0.357710702568849
88663,0.13120076837959757
88664,1.732430932662859
88665,0.2080129506905339
88666,0.410739168239035
88667,1.1525767546401635
88668,0.2352396497242814
88669,0.4989070975098552
88670,0.02534522839170635
88671,1.038025837133287
88672,0.7129256659737743
88673,1.1273116728258594
88674,0.24869542365280858
88675,0.43913212132473517
88676,1.9542925133058753
88677,2.1889302243518927
88678,1.0073440507797153
88679,3.8667350041287127
88680,1.0668018252868174
88681,0.08602112175867614
88682,1.1836758673082928
88683,1.4227895981437753
88684,2.224801956869221
88685,0.6177939269239531
88686,0.047685708594153706
88687,0.20359840721445913
88688,2.2969098840705873
88689,0.9018423310945562
88690,0.14941420338965372
88691,0.28361527686263693
88692,1.1249304340238855
88693,1.2577187014885742
88694,3.2261766156849148
88695,0.8347776600913563
88696,0.43377200909029767
88697,0.04033406763481071
88698,0.44711509612773676
88699,0.5795919422165932
88700,0.5370015721365219
88701,0.054864823064786884
88702,3.4291745001525
88703,0.2748312035716275
88704,0.2459097781551566
88705,1.162670506350495
88706,0.4378460951974794
88707,1.33968311822701
88708,0.24928955701772093
88709,0.37127587993766
88710,18.458619215351053
88711,1.1995522269006917
88712,0.35731145524559044
88713,0.15127107732507492
88714,2.611201137336236
88715,2.3445537565783034
88716,1.904443158372684
88717,0.0809191770544649
88718,0.7463762824373014
88719,1.0319354391238975
88720,0.24106499334585474
88721,1.4822663233292563
88722,0.09591190620113724
88723,0.8992720141681984
88724,0.3540728093689682
88725,0.08332163878889062
88726,2.08229737592955
88727,1.5430883270767108
88728,2.648991287420298
88729,2.1561742282148826
88730,0.6037314113857867
88731,0.9667388302948279
88732,0.7409892191988854
88733,1.9898547100852784
88734,0.873822842696065
88735,1.3034401085276248
88736,1.2656155649289715
88737,0.6092666738329325
88738,0.37067557828217484
88739,0.30447022579569577
88740,0.2366797269609529
88741,3.808036800245441
88742,0.055970580432691916
88743,0.44802421338699105
88744,1.1032523360582627
88745,0.6151173729283526
88746,1.3890957651147806
88747,1.0180659646594434
88748,0.4210210244951205
88749,0.7547584740574089
88750,0.055910356192305416
88751,0.8098227957364923
88752,1.363056802376952
88753,1.8514932133090338
88754,0.09937228835830075
88755,1.3462110873427822
88756,0.5376274745838658
88757,2.1244493627527326
88758,1.0273048134105236
88759,3.12828980896903
88760,0.7435757953537594
88761,1.5624633660509646
88762,2.6355279001880785
88763,1.048754943060377
88764,0.11098141275618797
88765,0.2717979718300876
88766,0.07715971498421983
88767,0.2855498150249673
88768,0.7061975626292463
88769,1.7692836059537118
88770,1.0128321076994165
88771,0.2764026183585232
88772,0.8245167747628237
88773,1.436164318477441
88774,4.400472035493497
88775,1.5631778271751506
88776,3.051799330176613
88777,1.4786901902969516
88778,0.4157241313313118
88779,0.41652047038057777
88780,2.3408402579419967
88781,1.1831742021943266
88782,5.938733780561449
88783,1.509329773589561
88784,0.16258011868421818
88785,1.685509942440985
88786,0.556967280408145
88787,0.7489247215513108
88788,1.9079800112676673
88789,1.3600205433361388
88790,1.8020039051815449
88791,0.25971030286359365
88792,1.3734823432595884
88793,0.39929834443585754
88794,0.6582444286348652
88795,0.8753150670587228
88796,0.17731122033967817
88797,0.41573569957873446
88798,0.2835037994267368
88799,0.1431212240020272
88800,0.6415215969750823
88801,3.0021644642267873
88802,4.2835945410833345
88803,4.26808456861573
88804,0.11910040814816483
88805,3.3736335116265184
88806,0.715925953487821
88807,0.761605973371449
88808,0.33518636767615945
88809,1.6185010314283974
88810,2.536492779581838
88811,1.1644128816803037
88812,0.44663891368282904
88813,3.7526812724250926
88814,1.4753549930357932
88815,0.11422134533694178
88816,0.21402125038000466
88817,0.24206946637250895
88818,0.073450011744565
88819,1.9076656334937496
88820,3.153435281817183
88821,0.7698991286740003
88822,5.452895783575344
88823,0.41832225728367856
88824,0.5210715095234206
88825,2.3970467126572816
88826,0.17892865409941575
88827,1.0226356681627697
88828,0.14816364432860032
88829,0.3752079399203915
88830,2.8311430610106787
88831,1.5722630819833818
88832,1.0401439405457389
88833,0.9667341179430411
88834,1.7670283227993084
88835,0.13916513273976716
88836,1.2044502385799545
88837,0.12141022384809821
88838,0.2954992560150224
88839,0.1599244654099333
88840,0.5885609872078722
88841,3.4874677784307333
88842,0.23508913098634934
88843,0.04922308448781152
88844,0.6888775848993984
88845,0.3240692413901147
88846,1.5990054486330683
88847,1.8895406451765593
88848,0.5646393068642951
88849,0.8432797337198019
88850,2.428306317700899
88851,0.5086352422963738
88852,0.11223384896622501
88853,0.15197065017648015
88854,1.328863654367699
88855,0.33810770149000025
88856,0.7942442991360908
88857,3.895974038945396
88858,0.21627073759739224
88859,1.1112935922321856
88860,0.1512459308314945
88861,0.3016990458761621
88862,2.0642622453208204
88863,1.2152343957343752
88864,0.7243664415859157
88865,3.4961036463294652
88866,2.8815249035176818
88867,4.038960677138301
88868,0.7127510932249926
88869,0.25256863417203523
88870,1.035285236455664
88871,1.6351105805173947
88872,0.8551396856621543
88873,0.3138142369708261
88874,2.3284784527093407
88875,0.9450096453162765
88876,1.0790018295969084
88877,0.2676276873628433
88878,0.9364079558969399
88879,0.3130161232280573
88880,0.2151980436303973
88881,3.222345879369505
88882,4.943385841200057
88883,0.35673944961042836
88884,0.7507429429852351
88885,8.261291970021727
88886,0.16402829022852058
88887,1.0818396957338459
88888,1.7683590691288262
88889,3.0726846240824592
88890,0.6331132840161915
88891,0.050912930114211226
88892,0.401968211054875
88893,1.9537612782351443
88894,0.1391151635179181
88895,3.525503382595184
88896,0.462359899093837
88897,2.060439826475973
88898,0.509309829343348
88899,0.7717395172068273
88900,3.4347654873091598
88901,0.8285790191877009
88902,0.350471791077557
88903,2.03200121849033
88904,1.6603437936709269
88905,1.278306283273045
88906,1.8064804238252636
88907,0.11871487923699975
88908,0.24146818664663194
88909,0.8273870458459783
88910,2.4058985337743857
88911,0.0885929577256137
88912,0.1368905432676743
88913,0.9889990611098284
88914,0.3749362674282479
88915,2.9444917189385027
88916,1.6888075245200527
88917,1.1328828789469794
88918,1.4788639698461177
88919,0.33628394822779994
88920,0.3564859575756162
88921,3.2147318091153134
88922,0.15938276187486305
88923,0.16791319256209503
88924,0.7031461644424273
88925,2.734537441974986
88926,0.2539232438777756
88927,2.222824750257849
88928,1.4181678718506032
88929,1.0890741479734685
88930,0.2453858082853435
88931,0.5250113434876258
88932,1.4644527119612991
88933,4.3860761546129154
88934,0.6846456892855944
88935,0.3848540024421434
88936,0.4370071690444872
88937,0.7963229411996041
88938,0.5874490811880958
88939,3.3066867010179157
88940,4.070934076489716
88941,0.5467142186918647
88942,0.33910291276119503
88943,0.22694164514884466
88944,0.881282073667339
88945,0.7029079801761982
88946,1.783150875616068
88947,0.44696568251157387
88948,0.8902292964255061
88949,1.1713719344712725
88950,1.2546646766191405
88951,1.4881200435273114
88952,0.276915403023432
88953,5.848707385560081
88954,1.2450763695175964
88955,0.6406837756460707
88956,3.7089809829134452
88957,1.4885872309121106
88958,0.9038543821728069
88959,6.436296524852941
88960,1.0861820917358227
88961,2.152198700574122
88962,4.919616174741546
88963,1.0019719004518322
88964,1.780228519141773
88965,0.2861131549130284
88966,0.12049271308056457
88967,0.21493718620760308
88968,0.8454261444052322
88969,2.6659751868831765
88970,0.09624013802617183
88971,0.04524530044361973
88972,0.7679274365772559
88973,1.6338372770813947
88974,0.2915519447019391
88975,0.10596492270570637
88976,0.6230237486660276
88977,0.5376690494534607
88978,1.096885335021371
88979,0.22741498391662102
88980,2.1391651823267854
88981,0.8416881926863884
88982,0.14292733795663756
88983,0.5195077250865161
88984,1.380805105092982
88985,0.24980163227175053
88986,0.6384460113479661
88987,0.17288882151718213
88988,0.8717573015371662
88989,0.818066425442664
88990,0.7473901618153109
88991,0.517282209614679
88992,0.02858172951790813
88993,0.10086242028675121
88994,0.103801701944081
88995,0.6334133258051003
88996,5.484174265598807
88997,0.8174945082800104
88998,0.2910356033692346
88999,0.4074320408265967
89000,0.06665892315323513
89001,3.7107366226673215
89002,0.2364650423556099
89003,0.6044521831220584
89004,2.1453853610646223
89005,1.7876739011204619
89006,1.3176766605815153
89007,1.4458962995383335
89008,0.3529237974568086
89009,0.9497932475758815
89010,0.8223128701544558
89011,0.25915030968122554
89012,1.1981787337030194
89013,3.453234249724698
89014,2.2416757590093095
89015,1.087826295134128
89016,8.69287058255774
89017,0.8199886569274757
89018,1.699401095493402
89019,0.26846263257650677
89020,0.24909244555236923
89021,0.569295733344114
89022,0.36387348478040976
89023,1.2974252173236256
89024,0.4240105742378915
89025,0.9177648131160048
89026,1.1283025610229607
89027,2.348470779521323
89028,0.2704066469104035
89029,1.0179860179170586
89030,0.23786297737005224
89031,0.3672639185298875
89032,0.1004146223926203
89033,0.2576481252305197
89034,1.0842666621760324
89035,0.23537044318217046
89036,0.4099584193685684
89037,4.8890288302168745
89038,2.5172982175148064
89039,0.418758158971663
89040,7.698510591076293
89041,0.4085856699273194
89042,1.1179030229172437
89043,0.9433380195490204
89044,0.5520196190566293
89045,3.412157514476788
89046,1.1159139830249851
89047,0.22347471993054727
89048,0.48384553981350414
89049,0.49409789327637
89050,4.034547744048884
89051,8.04591895572005
89052,0.08793600564267047
89053,0.20891699496382415
89054,0.8163899974661756
89055,0.494994879954481
89056,0.47851135988766713
89057,0.859149022660301
89058,0.5718073827301714
89059,1.4974154127107657
89060,1.6185308906410254
89061,2.222443033929609
89062,0.7567176897303002
89063,0.4441846082480478
89064,1.7808377087874605
89065,1.2280104576385367
89066,7.285327742444815
89067,1.6545310793178913
89068,1.2219982698947933
89069,3.4824569800571004
89070,2.103949002742017
89071,1.2925828615729846
89072,4.281935058616699
89073,6.356781576647096
89074,1.5187481780109122
89075,3.1686159956418516
89076,0.165833296889308
89077,1.77775806998675
89078,1.5741504711257055
89079,14.375789882005952
89080,0.6698226403468994
89081,1.0792845460926952
89082,0.1420749105849235
89083,0.44220221779803837
89084,1.1884160267924941
89085,0.15206920051788958
89086,1.0803332305208024
89087,0.11346002088210898
89088,0.1136406684480612
89089,2.469723954578601
89090,0.42395274646420333
89091,0.8536355877637674
89092,0.3320935585362394
89093,0.9418519113520242
89094,0.13577919891823498
89095,0.2855777166821144
89096,0.5632330018396244
89097,1.1471832106220536
89098,2.8009701310586594
89099,2.789271950378727
89100,1.5439753456518268
89101,0.9610662342701757
89102,0.4893508015946334
89103,0.30889057496960987
89104,1.3107939609548107
89105,6.91634117557983
89106,0.2981915795167229
89107,1.5029735316217208
89108,2.533015114112997
89109,0.07684096857395725
89110,0.10051602294811234
89111,0.28769030923779687
89112,2.396437481870886
89113,1.3223086539566553
89114,0.2552700201022839
89115,0.6955033368889365
89116,0.5750525148123293
89117,0.5505356136822754
89118,0.3911043158029975
89119,0.3338048872250262
89120,2.779653931390853
89121,1.7157602932630929
89122,0.5151029335571252
89123,1.7285056509587677
89124,1.0270824342203209
89125,0.9849741835897088
89126,0.1012715911824265
89127,0.19448222515968874
89128,0.8402670277268233
89129,0.4110035881494307
89130,3.3379549563655275
89131,6.9474789849843095
89132,1.1131577809855582
89133,1.3192544183241595
89134,0.7104819717713864
89135,0.9997382661253504
89136,1.547317372525807
89137,0.7181512360230243
89138,5.618948166569293
89139,0.5475786849143136
89140,1.1484336537635604
89141,0.9057825430850874
89142,0.8368092233008926
89143,0.23811626893690116
89144,2.112023244237686
89145,0.6251208423139781
89146,0.1975650695900153
89147,11.740983404562353
89148,1.1648423051614092
89149,1.0569312705832457
89150,1.0260692947943482
89151,0.5755954531643657
89152,1.8782885334043995
89153,2.6758968913532066
89154,1.0720764947616945
89155,6.6132073729952126
89156,0.2367331285190447
89157,0.3215068951597876
89158,8.036274233532223
89159,2.7629961693756524
89160,0.7136273445508569
89161,1.0206393310877178
89162,0.47143853307750594
89163,0.39488237843915214
89164,0.2004646235804142
89165,0.43459654720922997
89166,1.585356121846645
89167,1.097629432002663
89168,0.08918222633108802
89169,1.044977104919111
89170,0.9960066540919491
89171,1.0449505470410765
89172,0.2400611139082364
89173,2.955290322718838
89174,0.5718581673908507
89175,0.15140222081637433
89176,0.9254135125072463
89177,0.20057107010131375
89178,1.3452986112439052
89179,0.6291524549838035
89180,2.2201837842670575
89181,0.3494121864290159
89182,0.42498634266064284
89183,1.9038631489548377
89184,0.24424755213173988
89185,3.239162946944686
89186,1.5116121777556826
89187,1.9370815340276255
89188,10.84767086602196
89189,0.45897330444427875
89190,2.043470703725569
89191,2.008274567891707
89192,3.0928245672196297
89193,1.5782884934507138
89194,1.1228716487956374
89195,0.36590009192845696
89196,3.6470337383081546
89197,0.8470719483241574
89198,5.517733219072623
89199,2.062502988655893
89200,0.6684844695877927
89201,3.5887967222383472
89202,0.16889617343641963
89203,1.170748208207621
89204,1.1272640086821926
89205,0.4632315571351268
89206,22.720483559566627
89207,0.9648094468666948
89208,0.5914166616202251
89209,5.079474908159623
89210,0.9907936298061907
89211,0.18243588470453825
89212,0.9978727015453962
89213,2.172416440046889
89214,1.5424865347285506
89215,3.6876247296424713
89216,2.0636448814707933
89217,0.12157474769121915
89218,1.2855576579496106
89219,0.9295783587543235
89220,0.15846672445254306
89221,1.213239152355882
89222,1.3179996384636337
89223,3.3570687221509203
89224,7.859449719828176
89225,0.06915999792998617
89226,0.3861616319032321
89227,0.31402825993096045
89228,1.9371238651678868
89229,3.395969527041472
89230,0.6500570349167568
89231,1.1482471837893296
89232,0.718738499305016
89233,1.0154861169371334
89234,2.3855298461024086
89235,4.267622477153082
89236,1.3760072375570251
89237,1.5080250772302464
89238,2.014917131472514
89239,0.5480802230027035
89240,0.40336585651461715
89241,0.36444187343548495
89242,1.503376479804268
89243,2.4392165895325575
89244,1.1735557958379492
89245,1.8467633762992484
89246,1.650986151938985
89247,1.3059677888375425
89248,0.4971096193029474
89249,0.10695693552444879
89250,13.820714098841632
89251,0.5676827501398811
89252,0.30469304962523247
89253,0.116446404003018
89254,1.4266128898775168
89255,8.58636435742224
89256,1.2581119197917086
89257,1.6294560360402983
89258,1.2254916490979986
89259,0.14740485849454682
89260,5.92816029809641
89261,0.2522483898184062
89262,0.9638105608302031
89263,0.16040572639477899
89264,5.775030568762023
89265,3.051620033139388
89266,4.256138392506927
89267,0.9988228936570688
89268,0.19809305773050873
89269,0.8449856080934712
89270,0.40301883358129403
89271,2.1557285304220204
89272,0.7593609833437401
89273,0.12753297945440525
89274,0.7047880579149979
89275,0.2434519318642309
89276,0.25237352133572144
89277,0.8071379977265967
89278,0.6080610849889994
89279,0.9628656987613887
89280,0.7211490621895006
89281,0.9709028879478351
89282,8.678372500400801
89283,0.07789941537948931
89284,1.5432854935876803
89285,0.8247121680023619
89286,0.05865973299300051
89287,0.29245166146267654
89288,0.434698619736502
89289,0.23029939558876056
89290,0.06529050640583031
89291,0.08583331724638811
89292,1.1631093844069778
89293,1.9324960168071927
89294,3.5410131501629722
89295,0.042155579225901095
89296,0.7418784953762172
89297,0.1794144448812099
89298,0.8031655578765886
89299,1.3300043518854234
89300,3.320341172300602
89301,0.7998179475770519
89302,1.3705762179065688
89303,0.5349270530171737
89304,0.615060364655355
89305,1.414858727959178
89306,1.182006074825309
89307,1.646792278039087
89308,0.04103789143562412
89309,1.1673372957544337
89310,0.7122654489371681
89311,2.2382188325842467
89312,0.9256144894792775
89313,2.593450867696402
89314,1.3117141014398415
89315,0.3979765981412885
89316,3.386317779470448
89317,4.989697379595914
89318,0.24936493667381807
89319,2.5542437144472765
89320,2.3675889566551334
89321,0.3076799939226122
89322,0.11409491215665454
89323,0.20847511133462487
89324,0.1733925099287386
89325,0.9881406846083242
89326,3.0406894452994115
89327,2.762049776381242
89328,1.7365300062209799
89329,1.1103699547615553
89330,0.3879043920217044
89331,5.7213045265656834
89332,0.12813408821837463
89333,0.27284267865013173
89334,1.1284594428948014
89335,0.7763191649791668
89336,2.512221871149053
89337,0.51011674394328
89338,2.7246073610986152
89339,0.6471107379665658
89340,0.037369280682669044
89341,1.6683698571995786
89342,15.300997061274957
89343,0.23732932437069573
89344,0.118395487405391
89345,1.8160943962012552
89346,0.4834838122173798
89347,0.9357125761825461
89348,0.21275181938288254
89349,0.30221254633726863
89350,0.6030233258602579
89351,1.340108200036362
89352,0.6272565420363413
89353,2.3652325660698237
89354,13.902921822410262
89355,0.1394303311782651
89356,2.02970762400368
89357,0.9966249964049213
89358,0.45312499980627413
89359,0.588001163418981
89360,5.000597911824075
89361,0.4034786485743669
89362,1.2689476140519411
89363,1.4851668578386243
89364,0.16950479163549736
89365,0.5347102566001781
89366,1.9181661271404389
89367,0.8151048978364417
89368,4.075308008506982
89369,1.5046467899225133
89370,0.14155144773121922
89371,1.0455978653706062
89372,0.7461655092432137
89373,0.142168253406832
89374,0.3633191168477667
89375,6.255378672831149
89376,1.5276076325707666
89377,0.6955611791155657
89378,0.17187340759797304
89379,0.9031367650718495
89380,0.6623418974464594
89381,0.21764039475407237
89382,1.4131643605201962
89383,0.45226490335280756
89384,2.772702979633648
89385,0.18506544167077185
89386,1.586822212618798
89387,1.6603865107987568
89388,0.49771273430749774
89389,0.2522601579163942
89390,0.9086429203614574
89391,1.1009894147681312
89392,4.4587621280404415
89393,1.0568206871266337
89394,1.186463848703607
89395,0.3320709874416031
89396,14.322035445666016
89397,0.19357361394137132
89398,3.613936394512296
89399,1.267754059924962
89400,0.18184863441341734
89401,1.326301985991948
89402,0.4189641807470607
89403,0.573787443882427
89404,1.3770635555368864
89405,0.25017838362954015
89406,0.12727556504687715
89407,0.4396741404861949
89408,1.5182786934560042
89409,0.32489425802087385
89410,0.2490475795546327
89411,6.129949199295289
89412,0.418055924251716
89413,0.34721239745833343
89414,2.725994170559463
89415,0.3309263945464133
89416,0.4642410593131945
89417,1.3099571702625885
89418,3.190697392622612
89419,0.3324380846062709
89420,0.5388489289330334
89421,1.7111290662364196
89422,0.3579983886370337
89423,1.194730979038312
89424,0.04154665527209007
89425,1.2417768603046562
89426,0.5005607539409261
89427,1.1709300264007925
89428,0.7359454444454999
89429,0.6324330728708594
89430,1.6762720236217574
89431,0.8044066913013951
89432,0.24114185304654012
89433,0.7108146831507938
89434,0.8762807606322036
89435,1.0260448409211445
89436,0.22817522507672763
89437,2.3959910960711452
89438,1.2143624108269917
89439,0.45418802202405384
89440,0.5808637997943953
89441,12.658797482177912
89442,0.8295088482009899
89443,0.23331012283103023
89444,0.3693845171897124
89445,2.0399611129673443
89446,0.23386233214968064
89447,4.660514255417845
89448,1.1859727006517882
89449,0.21747544347536035
89450,0.5496192644346444
89451,0.12216448139743627
89452,4.147767397965803
89453,4.0237455062648655
89454,0.6003424725522691
89455,3.8161961393876163
89456,2.2900052100639945
89457,0.21276562114019992
89458,1.031605525478839
89459,1.1785773847266179
89460,3.071207817917729
89461,0.41048983591146804
89462,0.45707683222090384
89463,1.6847305892216282
89464,0.09304433154337872
89465,0.9971532916791741
89466,0.8705014292572709
89467,0.4382619404295038
89468,0.2837020231675192
89469,1.5900591098776715
89470,0.19764793083526588
89471,0.829658870443198
89472,2.589541838213869
89473,0.4254221437245994
89474,1.938121701393485
89475,0.16232705109873322
89476,0.8319775161166677
89477,0.2859014625506013
89478,1.0938952668165116
89479,0.8046644628345868
89480,1.538432946982668
89481,2.300733403844791
89482,4.201631911978944
89483,0.17401372991838418
89484,2.9340409264378904
89485,0.027417337817855034
89486,0.19747868696334284
89487,0.14099461708925554
89488,0.5177636686813863
89489,0.2099288163472263
89490,1.4686747464484586
89491,0.240837880708408
89492,0.025749919634291154
89493,0.4829992839561503
89494,0.2757418670890135
89495,0.12857767194018754
89496,2.1460557858068636
89497,1.4472471392734898
89498,6.508018211183622
89499,0.7214306128239165
89500,4.095930420607132
89501,0.23081238925867717
89502,0.2175877799591544
89503,3.0072051216831337
89504,1.2955655373529764
89505,4.11306293575605
89506,1.1880236358086371
89507,0.5425332818440864
89508,1.0138828962103281
89509,0.07748744472717564
89510,3.1925026849893285
89511,1.3482296676170182
89512,0.4102205481285017
89513,0.5352762283994584
89514,1.0945468578432664
89515,0.638851047132013
89516,0.8699820040447437
89517,0.9971049003519477
89518,0.22699443946565476
89519,0.7782491933497381
89520,1.0189337307940567
89521,2.4189585977889214
89522,0.14120425821867955
89523,0.8179245359652247
89524,0.4075164772562298
89525,1.5806539939205833
89526,0.8005277335857106
89527,0.6141968641052113
89528,0.04492236157586408
89529,1.1724763419546973
89530,3.20238304204215
89531,1.071295282703017
89532,0.2947251400240438
89533,0.72133155446217
89534,0.1947340731737473
89535,0.5110390584133201
89536,4.470956438329373
89537,0.38053084902908174
89538,0.6837857359164335
89539,1.9304520973127628
89540,0.6327957084937671
89541,0.5065614623385913
89542,0.6175993129400459
89543,1.3615801773947527
89544,0.5745500898123601
89545,0.5822339908683509
89546,19.24149495671686
89547,1.3020725793205947
89548,1.0731375755939099
89549,2.2264279029024245
89550,0.9252601059382953
89551,0.4674336380629602
89552,4.7202556007777074
89553,1.93643118943417
89554,0.7443001086502744
89555,2.1987819202849
89556,0.2845199858327469
89557,0.06925955213516129
89558,0.5033231433734909
89559,0.16545996254189088
89560,1.3157955111584825
89561,0.5372435842633102
89562,0.3275509363219089
89563,0.1289039844154426
89564,0.4305671290515266
89565,1.9283227174050186
89566,2.6399078498706534
89567,3.046458022398439
89568,0.5453392606386595
89569,0.37758600079230165
89570,5.73587353193225
89571,1.2936109005057732
89572,0.8279215247886187
89573,1.3966942788322032
89574,0.23642113275395138
89575,0.17047718739466394
89576,0.23502235117633236
89577,0.03415447518408848
89578,0.20112383322231245
89579,0.32190732183703974
89580,0.09574074037748301
89581,3.192339797518645
89582,0.6341378785935716
89583,0.09776014503828637
89584,0.676976603085929
89585,0.12325280578393026
89586,1.9966053323383222
89587,0.1274338783103266
89588,1.336754465321834
89589,0.9087364895229476
89590,0.3240040238475169
89591,0.6929465164773914
89592,2.4014231012864045
89593,4.8014020720448665
89594,1.5180102487079399
89595,1.1338257745856732
89596,1.816231224226156
89597,0.44131036541574264
89598,1.2174006936891022
89599,1.3511386276418182
89600,3.0458406311816133
89601,0.4555961175524621
89602,4.008288347961709
89603,0.7674004161495862
89604,0.07931609962786103
89605,0.5705425154533026
89606,1.4376756297284226
89607,0.7477577727352781
89608,1.7646099100327652
89609,0.9872627311994975
89610,0.626563724417564
89611,1.1841996946777755
89612,1.0716425590452414
89613,1.4520457856094342
89614,1.6961062095852597
89615,1.086280523153966
89616,1.6167292456222029
89617,0.21158334968229786
89618,0.7933895965515112
89619,0.06488151664424117
89620,0.5035367760865491
89621,0.777786759069689
89622,0.15205652010787962
89623,1.2970395738335487
89624,0.051672823834790244
89625,0.10781594068381935
89626,4.141701421066787
89627,0.308987202812778
89628,1.5465612683965184
89629,1.5591444605321878
89630,0.755126745892543
89631,2.282559579545251
89632,0.6746511823204193
89633,0.9005130029139449
89634,0.1006091850663629
89635,0.9880502148996584
89636,1.0015952976120304
89637,0.19599573123065012
89638,0.06610292919336251
89639,0.7788958671933776
89640,0.48753478366518616
89641,0.524889906724636
89642,0.5329287542925949
89643,0.22705735483730222
89644,0.6015029153112706
89645,9.78625365763619
89646,7.895634193403178
89647,1.9279350193049956
89648,4.631174764937707
89649,0.5058028933296214
89650,5.810686130508513
89651,1.4223365883315198
89652,0.75629907317491
89653,1.0934576122314943
89654,0.43568665940926105
89655,2.8430446890253216
89656,1.2627801594056827
89657,2.629473260462697
89658,1.1556328899008588
89659,8.413095629164484
89660,0.26423392171270776
89661,0.1853181335974108
89662,1.6112440438845068
89663,18.29901103351088
89664,4.019476089492659
89665,6.042453704009293
89666,0.7558356754843197
89667,0.2774421779046913
89668,0.30064251442529927
89669,0.5407597435658994
89670,0.2666042811364072
89671,1.6032750465200107
89672,2.385513868142972
89673,0.7458177128408637
89674,0.2543240549474255
89675,6.467078728226168
89676,6.982608208332891
89677,0.5568707185149117
89678,0.14022291424045782
89679,1.4562573332733733
89680,1.8463197233347572
89681,0.2797493525067108
89682,2.6899704676694838
89683,0.11305159814923338
89684,0.3411707071537279
89685,3.016790841521325
89686,0.4884276209197213
89687,0.4271140763838085
89688,1.746911346081336
89689,1.4933887000684494
89690,1.0380348842486768
89691,0.5183367299163185
89692,0.32692280439143795
89693,1.1812398531610473
89694,0.5557848183225896
89695,0.41613802210796264
89696,0.09308840624253793
89697,0.5170973571852793
89698,0.8285800673814294
89699,0.9321592020518779
89700,1.0222501174705028
89701,0.46064421276312806
89702,0.14036842129879804
89703,1.409025622633206
89704,0.09862713466487302
89705,0.598585812624683
89706,1.8367755675608861
89707,0.7405046960230612
89708,1.2570581112424524
89709,0.5566209526706171
89710,0.1111305023912256
89711,0.04461480833245587
89712,2.550046683411205
89713,7.477240478640648
89714,0.23675438070455132
89715,4.858437415444135
89716,4.435772140401099
89717,0.2242684511174827
89718,0.2851354679831934
89719,0.2751849191146828
89720,1.6383120522367225
89721,10.88749418433856
89722,0.3434612149192791
89723,4.272122360736723
89724,6.284071873841018
89725,1.0869666116481878
89726,3.381717571986274
89727,0.9988402831187734
89728,0.38099049925016437
89729,1.5674044619187888
89730,0.059601349318846725
89731,0.5457075624183632
89732,0.2962689166608587
89733,0.5645009900078706
89734,0.3978629840662946
89735,0.8761623134391269
89736,0.9498469664704812
89737,0.799686571810713
89738,1.0471781847381492
89739,0.5778488610672208
89740,1.1431965273979061
89741,1.0310844523861145
89742,0.334905302340475
89743,1.068218858271659
89744,0.23080024394949833
89745,0.3321234205456824
89746,0.057212961515005024
89747,0.35677757717610936
89748,3.030003511004869
89749,0.8716127075556491
89750,5.020586732216918
89751,1.251853092524883
89752,2.3810484186494465
89753,0.10166518600922689
89754,0.3284166396813205
89755,0.34141617394098067
89756,0.26061162429418017
89757,1.4342259043660197
89758,1.9334712646709462
89759,1.084559606819203
89760,2.3221304336132196
89761,0.9645873860244644
89762,0.2443483206701735
89763,0.4860041775654007
89764,1.2263988286865808
89765,0.30114333189260295
89766,0.08513085864354171
89767,0.5661107924874346
89768,2.082193154222679
89769,1.3093505770956095
89770,0.5447544530526326
89771,0.41625280427323147
89772,0.8661872739822725
89773,3.3159047276517555
89774,0.8113507296711522
89775,1.2795488140899673
89776,1.4036777937577976
89777,0.35820708057854855
89778,0.42991505435415134
89779,0.07457880397044576
89780,0.25731262025625257
89781,1.4034161236245295
89782,3.145190573824594
89783,2.33482381154893
89784,2.1522982074591486
89785,5.421570677402932
89786,0.248909515678202
89787,1.1202972383494791
89788,1.7583481150492277
89789,0.7638660514978026
89790,0.5806996731711841
89791,2.222088806895796
89792,0.19576720216591595
89793,4.1363583992896436
89794,0.19456639642512236
89795,3.135076408410339
89796,0.2793025827216597
89797,53.27600450417223
89798,0.2937670326737213
89799,0.4543635904007363
89800,0.17640791061580452
89801,2.0511871111725357
89802,0.4261613868007113
89803,2.3280645706013052
89804,2.549400095773514
89805,10.387237768761402
89806,0.09022795624385899
89807,5.96022695577411
89808,0.1159282015600417
89809,0.3598505127573389
89810,0.20444462417458614
89811,0.6936525598142955
89812,1.1459010282535491
89813,0.8065363066984126
89814,5.709113581160134
89815,3.3555980123859808
89816,1.1293250455905286
89817,0.6038930696467443
89818,4.5628285150676575
89819,0.7460983219657462
89820,0.136328588696704
89821,0.8554392222890698
89822,0.23525129993233046
89823,0.18500561182343958
89824,0.5326790846183186
89825,0.8092633483747826
89826,0.18362195760777572
89827,0.4765761029529485
89828,0.5623595010344924
89829,0.2732533533131386
89830,0.0916590687053807
89831,0.518306601843257
89832,0.7952018654745617
89833,0.27443403347687145
89834,0.2197154619668562
89835,1.2395993831422498
89836,0.12353289995963712
89837,1.518185428666207
89838,0.3224943731915918
89839,1.0173670648574098
89840,3.1149683138258824
89841,0.5753474314345791
89842,6.303917999406878
89843,0.27972841362268513
89844,0.7165821919664728
89845,0.5577688774895703
89846,0.10515408508557092
89847,0.8855855429221363
89848,0.4344438199084563
89849,1.2151565688683499
89850,0.38423352903700175
89851,0.3157341028901872
89852,3.993678655703297
89853,0.9108572536083055
89854,0.5738559764959592
89855,1.1500866612730092
89856,0.22764634648532406
89857,1.080689756293758
89858,0.5468300431487255
89859,0.24404145122773166
89860,0.2685013642229763
89861,0.2225274210484466
89862,5.0651766708295
89863,0.5838494146513422
89864,0.5616372442436425
89865,0.2317642786458951
89866,2.3456282691845862
89867,0.599804750340019
89868,1.0163799238327493
89869,0.670781069474232
89870,0.37698465409375004
89871,0.5820722862241334
89872,1.6654943125422663
89873,2.338162024572976
89874,2.9685669825169647
89875,0.5487172221625732
89876,0.9188812053187776
89877,0.034093178926008785
89878,0.2029282296927676
89879,0.36398557699912854
89880,0.6406954178076774
89881,3.4833043899913183
89882,0.528864748353699
89883,2.3409420674557535
89884,0.17427946810984474
89885,0.1736958371734179
89886,3.610779949933233
89887,0.6723063608121936
89888,0.4159562920996398
89889,0.8665698106707878
89890,0.418627536732653
89891,1.4407968445973762
89892,5.089982817667119
89893,3.3762837849272453
89894,0.33985210356579626
89895,6.990376519865666
89896,1.9621347718685964
89897,0.21464105466878952
89898,1.487205417114714
89899,0.4181293339706151
89900,0.20679160856165837
89901,0.18306048109535397
89902,0.3275289439071959
89903,0.5130823104812045
89904,1.6642030908836516
89905,0.45597298766971367
89906,0.9496055543940507
89907,1.807355652847916
89908,0.7486162280021529
89909,1.4565866166693568
89910,2.8848903170881637
89911,0.7099127356296646
89912,0.5080506002067856
89913,1.8047640346115368
89914,0.0757876230017877
89915,0.19847049156706467
89916,0.8622267215378969
89917,0.2669208760330029
89918,2.6198132337655085
89919,0.26915725699696286
89920,0.24268157310158014
89921,0.48813250991757795
89922,1.7873057284016838
89923,0.636767776329048
89924,9.392558836713647
89925,0.12122082736493522
89926,0.887296053305938
89927,0.3931830973795292
89928,0.2947766658108556
89929,0.20147229508451237
89930,0.2531028911890436
89931,0.294633743518905
89932,4.59130539716723
89933,1.4773645239237616
89934,2.6586418174590793
89935,2.1824477647956915
89936,0.09422660570543077
89937,0.10910278479073976
89938,0.4311955999537918
89939,0.8411246546436328
89940,2.692499327655435
89941,0.40162192824783266
89942,3.181089381914143
89943,0.5112574217550716
89944,2.3168985479422157
89945,0.7325477749728297
89946,0.6483753866299775
89947,1.260822153422619
89948,0.20902064017347124
89949,0.22142588075220102
89950,1.2876721305236811
89951,0.15204787492068725
89952,0.5741073823201168
89953,3.7287238903459063
89954,1.0211235344365184
89955,0.15926201400542614
89956,0.11122164757448857
89957,1.4159877226837412
89958,0.27943323735583786
89959,0.9455702424695491
89960,0.2548511240161694
89961,0.4691121065057901
89962,3.594519271741419
89963,0.16152388805835552
89964,0.32809513661075884
89965,0.8724117483977872
89966,0.3370621040263456
89967,0.17234382459624464
89968,1.2625912963695485
89969,0.04436949359054493
89970,1.1872928632503186
89971,0.11904818520137374
89972,11.436207412030043
89973,0.3065579346644726
89974,0.27351294782178026
89975,0.5125774631851765
89976,1.4349879975275728
89977,0.17230095049376173
89978,0.9553090485498456
89979,1.0906479969237262
89980,0.3096604476843539
89981,1.171632511707611
89982,1.182095716411534
89983,1.4507790293763145
89984,0.47039429003437094
89985,8.305679178773591
89986,0.32407110883696105
89987,1.6651913913368976
89988,0.278182793451192
89989,3.572658855084929
89990,3.7699619498550336
89991,0.639241689967497
89992,0.07900308796777851
89993,1.6622773639354576
89994,1.0205655556563384
89995,0.06359045125681317
89996,2.0486733559395893
89997,1.095682431929406
89998,0.21246954726681053
89999,4.142191609655033
90000,6.774985002947809
90001,3.7575300305832076
90002,0.2882910792807116
90003,0.6354261332773341
90004,1.1530745712808093
90005,1.006888790537718
90006,0.7464867249438851
90007,2.7810967066638104
90008,0.38100632498710585
90009,0.9103083445337192
90010,14.685886179894382
90011,0.8670646485441348
90012,3.347385853836187
90013,3.8398193784924177
90014,0.1587875780374985
90015,0.4158241346961465
90016,1.5889801523940408
90017,3.4917719883908926
90018,0.44347967241957525
90019,1.5617407719810055
90020,1.2305892402844503
90021,3.7128529818271825
90022,1.3731769732244272
90023,1.4007083241175748
90024,0.28780758801221135
90025,1.102434434390368
90026,0.835437771556502
90027,0.35333985310789723
90028,0.17822323947044016
90029,125.34334837939238
90030,0.9977658754367418
90031,32.30560529329861
90032,0.9587430708990263
90033,2.1637519174724362
90034,0.03559265474136014
90035,1.0824090250377765
90036,2.5021846760986097
90037,4.3913064687378025
90038,0.35297572280906475
90039,1.19109934195427
90040,0.1993639945583758
90041,1.284328796261002
90042,0.0816575138514234
90043,2.1395694790862194
90044,0.48936911388186916
90045,0.5187580674154498
90046,0.2274180569634524
90047,0.8166833247567171
90048,0.27449817025607964
90049,0.8367228343029302
90050,0.309962005446192
90051,1.4661966456400892
90052,2.076772972268756
90053,0.16342142715367194
90054,1.0086404868481278
90055,0.9977117551829665
90056,16.502877961746325
90057,0.5312316164832888
90058,0.11907617065499906
90059,3.1018198469976115
90060,2.0214206370211336
90061,0.5965088601167193
90062,0.09276656116836693
90063,1.3066415155691304
90064,0.1629719472083779
90065,0.2836883649929657
90066,4.87418236365179
90067,5.520894698744357
90068,1.6415621153466806
90069,1.2417174403668871
90070,3.652017819525232
90071,0.6255852590881931
90072,0.15119892477346356
90073,2.227270072605188
90074,0.3839720162729021
90075,3.3815253303261708
90076,0.19755485192116407
90077,0.20777790736028678
90078,0.3625943704429977
90079,0.901978208364512
90080,0.6711083028070669
90081,0.07832761019993628
90082,0.7363533420185691
90083,0.2697013164545909
90084,0.3944049215747119
90085,0.5298227397379942
90086,3.2957613451301904
90087,0.3238359331723388
90088,4.161462823098925
90089,0.2477864134442642
90090,4.132984594799158
90091,0.27871532614489375
90092,0.981241368362905
90093,0.3422286272859717
90094,0.3372586214359272
90095,0.7221960121594395
90096,0.06643853247677574
90097,2.56101703193413
90098,0.5428863195811681
90099,0.1827396581590872
90100,2.6450584272835
90101,0.49690601287333297
90102,1.0581511929604877
90103,3.2757560629647497
90104,0.17652248567175388
90105,1.5342124852178647
90106,2.282928853419703
90107,0.7086581847493625
90108,0.57911034263418
90109,2.0841637428737023
90110,0.6551584774105075
90111,2.7388286342156185
90112,0.8186182947766439
90113,0.4357593760432426
90114,2.231299395479166
90115,0.7142039742085219
90116,0.45375638190194045
90117,0.3748523663108215
90118,0.23464230202341158
90119,0.769422264775584
90120,0.17327255328541633
90121,0.7765395866540598
90122,1.9135619444991876
90123,0.19642355287096436
90124,0.48898142644513753
90125,1.0639061112586927
90126,1.3821051082586044
90127,0.6772318312345007
90128,0.2463164956876406
90129,1.4168713664102193
90130,1.0492328363526642
90131,0.9073432990517711
90132,0.22762788862251943
90133,0.11961823120970179
90134,0.9370106248147042
90135,1.3149660581345621
90136,0.9997112387078048
90137,0.2078284599488091
90138,0.6601134087599437
90139,0.2386390405838041
90140,0.2882531123734307
90141,0.8382084107110075
90142,1.456090550762921
90143,0.5441358523577674
90144,1.0404543388529808
90145,0.7694699292580279
90146,4.251962227386687
90147,0.2052801172058754
90148,0.7199820139373968
90149,0.12267690503389386
90150,0.10207268524666559
90151,0.35140645655489483
90152,1.2024529973201905
90153,0.4421289839044528
90154,0.4150542071890744
90155,3.2892217645625403
90156,1.1216712931138686
90157,0.6510576696759797
90158,0.06163629975560292
90159,1.0461527548373715
90160,0.2682330810198408
90161,2.602905241217644
90162,1.0647322565719628
90163,1.8381298091184948
90164,0.49956353073631077
90165,0.3491118519535029
90166,0.2615336822219
90167,0.36431288544989837
90168,0.7733061199167575
90169,0.3205146988204767
90170,1.4539012334151238
90171,2.087947079984141
90172,0.2067278044317217
90173,0.9331438367119136
90174,0.13967070369051418
90175,1.7470431382416414
90176,1.7870777786742449
90177,3.1682809348804297
90178,2.2681394693958823
90179,0.6600232645706203
90180,2.1171853646312155
90181,0.5852289279860866
90182,1.817841554302241
90183,0.279867299332331
90184,0.3421362333719765
90185,3.6792450741613005
90186,2.3236433123922557
90187,0.22920516056598023
90188,0.2888171121410507
90189,0.14004220722154026
90190,3.6261536176653535
90191,3.6895415919596353
90192,1.3182473194575235
90193,0.603954413309334
90194,0.037786753726369644
90195,0.9708595537887403
90196,0.1862315322777537
90197,0.337756687469867
90198,0.10600383485803785
90199,0.7981309225254165
90200,3.890750843555168
90201,0.26959505406409634
90202,0.7997179500570416
90203,0.44184294805102015
90204,0.22198276407264364
90205,3.803236460747543
90206,1.8666252330800996
90207,0.7004010811719301
90208,0.7001924716772168
90209,1.456236963610643
90210,0.3172274010529925
90211,1.2897537869957145
90212,2.9810985059246247
90213,0.8090062955783045
90214,0.42769194217913475
90215,0.05988595810072087
90216,1.4240323446711038
90217,2.0129669155698147
90218,0.9945382288553803
90219,0.16068813566056914
90220,1.6741799739698822
90221,1.1970186781617331
90222,2.0849991245508916
90223,0.8358206791169271
90224,7.6586648092297365
90225,0.6734172597351749
90226,1.6746026143864146
90227,0.12972497516481907
90228,3.8024582451301767
90229,0.10695037712865028
90230,0.5674431727505855
90231,0.3679797486476705
90232,0.6902318079436403
90233,0.4712862757318252
90234,0.0775938162689042
90235,0.10484064904023221
90236,0.093334524115855
90237,1.1318039489240328
90238,0.9089987639084585
90239,0.40909182345830464
90240,1.9152630556025847
90241,1.8302994672392487
90242,1.9798042127922866
90243,0.752257421800848
90244,1.1603927662058748
90245,1.6321268847256525
90246,0.6383342451862899
90247,2.361181230665891
90248,2.2912702512440353
90249,0.45296338979726486
90250,1.7612913269144947
90251,0.15027979158040772
90252,0.9172251746409693
90253,0.19056256941311062
90254,1.7947113570619688
90255,1.0882367651547158
90256,0.08791539634903771
90257,0.052436074320162666
90258,2.048317440863833
90259,1.98005824345925
90260,0.1095504276827874
90261,3.39282257334121
90262,1.3712842899545679
90263,1.1937517202070362
90264,1.2081022882710926
90265,0.12704775326411583
90266,1.7546782747365541
90267,0.11076652092664266
90268,0.1963060673799982
90269,1.712287552957982
90270,0.8924618511117757
90271,1.994028380501217
90272,0.2541149751805371
90273,1.3538493279234947
90274,0.34321026674086774
90275,0.6371083915791472
90276,0.3491046615599821
90277,1.0158661369957394
90278,1.4391660179026295
90279,0.9895015564553573
90280,0.24605086767327983
90281,4.587188619490486
90282,1.661136900049317
90283,1.9363229692935104
90284,0.19107489512430773
90285,3.681191370607752
90286,0.09658822822433669
90287,2.04861239932645
90288,0.06472918981716547
90289,0.6024735738546706
90290,0.835839297039588
90291,0.39442408551109165
90292,0.842605837578445
90293,0.3471081351838591
90294,1.3640799722853898
90295,0.3214653436136946
90296,1.6522541535016773
90297,2.6971571703125807
90298,0.10733897389948033
90299,0.266424199935016
90300,0.845990856250396
90301,0.8675368126495818
90302,1.2864832079156878
90303,0.3731666779334719
90304,1.5552555097191707
90305,2.960729978380426
90306,0.7562339650760641
90307,0.7042713914369372
90308,0.949558383491198
90309,0.5986727755375214
90310,1.0329003658136304
90311,0.959016184288095
90312,0.3900618544655636
90313,1.8038637346661401
90314,1.0096566485615468
90315,1.5274188772389092
90316,0.1853639384957432
90317,0.31578536238750476
90318,0.3999379500622453
90319,0.4461009470694521
90320,0.5029798738560618
90321,0.20336290077706895
90322,0.28310169135883045
90323,1.5562985472636544
90324,4.527224576464607
90325,0.359689401701955
90326,0.06682957397947448
90327,0.7958209093672739
90328,0.12915571548478616
90329,1.9280372802489651
90330,0.5440327940425733
90331,1.878666206077834
90332,1.1586839809521097
90333,0.6928443037343726
90334,0.6809663724357116
90335,0.6818079872812637
90336,0.7640328672626204
90337,0.6685058675094637
90338,2.140179784576233
90339,1.6247137646252425
90340,0.8582400134549018
90341,1.0650381413476788
90342,0.14655021418636788
90343,1.037742917164536
90344,1.168873365334039
90345,2.197951134229512
90346,0.7885529579590425
90347,1.6712595665664534
90348,0.7951642964704805
90349,1.13725596022667
90350,2.177916423048476
90351,2.8082931648280596
90352,0.838568890503789
90353,0.09054105162543319
90354,0.8454428170887931
90355,0.08644601532020554
90356,0.8520018571678617
90357,0.3828879002519778
90358,0.4996427901141089
90359,1.8058509953253852
90360,3.949766357184716
90361,0.45443634331713434
90362,0.5349632183458471
90363,0.11286489267346783
90364,1.308727816851136
90365,0.7187580113104882
90366,2.0370051838400616
90367,1.2024659104341846
90368,2.456941857056614
90369,0.37509627486746716
90370,1.2305208635261233
90371,0.5195486197030645
90372,0.7550432673210723
90373,0.7123291854222407
90374,0.38059896204196214
90375,5.103763800404932
90376,2.3283636419367393
90377,0.7972207943069431
90378,0.2183774933097471
90379,0.09370972924324304
90380,0.23792268644302472
90381,1.4657499498977198
90382,1.1087096491660355
90383,10.102086359867165
90384,0.07719252374169032
90385,0.562699135885089
90386,0.5753093862189168
90387,1.1909460186549832
90388,0.5720398628851326
90389,1.0599799774804612
90390,2.637748146161778
90391,0.23227278953051536
90392,0.5609942766131378
90393,4.408876507855878
90394,2.447545636507618
90395,0.6095491830191957
90396,1.4437940404167113
90397,0.8725068493506539
90398,0.2974479320706277
90399,3.562287875399247
90400,0.6606076289171322
90401,0.5826237653660236
90402,0.14376063671832182
90403,0.564176814883558
90404,0.17527038814603693
90405,0.0743954149280237
90406,1.1397974393697776
90407,0.5312176506816965
90408,0.6060448856847671
90409,0.12115106274614142
90410,0.4747366569419468
90411,1.5529151060521142
90412,0.4585757076874865
90413,0.7290572242474607
90414,3.634417292029067
90415,3.60370791053766
90416,1.0715370858774311
90417,1.4546920149963527
90418,2.999577002005118
90419,1.3432676905338248
90420,0.6207024556471734
90421,0.48712755401610297
90422,2.4512616462911883
90423,0.6993200996839506
90424,0.1277026549877816
90425,0.22158085505809638
90426,3.7829828780410715
90427,0.09307258360214836
90428,1.1686822478779029
90429,3.3905024990756436
90430,0.5007523887577444
90431,0.7509880767876012
90432,5.766546264378403
90433,3.237656167237022
90434,4.386560446193694
90435,6.654617354944733
90436,2.6039930269502034
90437,3.3446982052510226
90438,0.2868561666149554
90439,10.117445268418496
90440,0.4349748251742533
90441,0.34906279608352264
90442,0.48109758173785455
90443,0.3499701840785017
90444,0.5824275017506831
90445,2.503126623488714
90446,0.8942239545792909
90447,0.10064609479992088
90448,0.4727065054861187
90449,2.1985956930722708
90450,2.337384829586925
90451,0.219985686286495
90452,0.3353860247910305
90453,1.9176380438057508
90454,0.5409137923096955
90455,0.5923119009829765
90456,1.2998943534752192
90457,2.109187924913501
90458,0.24294611636797556
90459,0.5375358682534905
90460,1.5172472211260284
90461,0.9069424324231171
90462,0.4979795582123407
90463,4.544901509966502
90464,0.0464136980133267
90465,3.5667770927697093
90466,5.083942783470916
90467,1.2340993433566663
90468,0.4690626802846199
90469,0.12813288793545247
90470,0.8826009095354725
90471,0.11377274644661527
90472,0.8573283129071733
90473,1.1258622966510783
90474,2.2394828149052826
90475,2.7285647982876235
90476,2.722643352912554
90477,0.13113285206094608
90478,0.3082120981284313
90479,5.092530716998668
90480,1.3178419506459462
90481,0.33714164724355145
90482,1.1004621351229047
90483,3.4930503864615936
90484,0.49201135619587855
90485,4.201761293774746
90486,2.5797364158188523
90487,2.445394480316482
90488,0.6770882672400518
90489,0.4890826193502211
90490,9.634825635296316
90491,0.1484293615589377
90492,1.7238409074128431
90493,3.457747947160722
90494,0.10332960699466301
90495,0.6513128893951221
90496,1.400140605704768
90497,1.4148093773392445
90498,0.31257829735835424
90499,0.9669375893116395
90500,0.166324284658149
90501,0.3897974310638841
90502,0.1281398722221122
90503,3.847569528153475
90504,2.5290071162806935
90505,2.818578823530838
90506,0.03391346837466776
90507,0.2884978878133175
90508,1.8357687766645447
90509,0.3954910706372201
90510,0.22356814881270093
90511,1.7181675968759451
90512,0.6006406514288481
90513,3.248683731733567
90514,1.172127777136706
90515,0.10203175762417295
90516,0.5523990774847571
90517,0.44994317906417647
90518,2.5920510936841596
90519,0.5537477881299697
90520,0.2797888628724441
90521,0.9583848107544415
90522,0.7361206776633753
90523,0.1296993651481504
90524,0.6477143318061156
90525,0.6362179047864908
90526,5.195858720965967
90527,0.416358310376757
90528,0.9562358435228752
90529,2.928957815237415
90530,0.11884978222942005
90531,1.5038383303493026
90532,0.3387777025170679
90533,0.8950790584463675
90534,0.14584276692007772
90535,2.744280821610882
90536,0.33060651705365335
90537,0.2274774108751633
90538,1.0890973001364277
90539,0.7667666765125583
90540,1.0640524132317932
90541,1.2349799576131166
90542,0.9650627112666882
90543,0.33342555272942215
90544,6.4911229641754575
90545,1.0751817269107873
90546,1.1976913114364303
90547,0.13430951528858012
90548,3.3022646748749134
90549,1.1976117571456861
90550,0.08085167843541417
90551,0.19354563241125505
90552,0.31152516790905843
90553,0.3549010195071779
90554,0.21898533932509637
90555,0.4853418315903101
90556,1.1322181064402965
90557,0.9769087030625874
90558,1.426173035296966
90559,2.019686531431698
90560,1.1932685326282733
90561,0.6212360082559601
90562,0.1884880303409478
90563,7.538862668895179
90564,0.3999823546420388
90565,1.5766737022920938
90566,0.36282699733073714
90567,0.485738785852484
90568,4.402862555860375
90569,0.9543884737494136
90570,0.26498861994339756
90571,0.5953866457985768
90572,0.19645399379724857
90573,4.419009202296144
90574,1.171330068564078
90575,2.1960081389199866
90576,0.793885067045952
90577,0.6837111701002747
90578,2.052287118609813
90579,0.08704589788024408
90580,0.6090189714835307
90581,2.48605579958686
90582,1.3228287227941347
90583,0.1968108006315507
90584,0.4605271863900843
90585,4.590330709439969
90586,0.49424074742805796
90587,0.4661126159910852
90588,0.15970056321572462
90589,0.1588331873329593
90590,0.31468565819677063
90591,0.27246025576304533
90592,1.0919978591362973
90593,2.3902514168632853
90594,0.13271012052564038
90595,0.19833097689230986
90596,5.714173840740247
90597,0.24907960026731205
90598,1.160608302350604
90599,0.34066412982436606
90600,0.4631777192237184
90601,0.1277220859056612
90602,0.9580809803760404
90603,1.4898373939256797
90604,1.5573370561148439
90605,0.7071072864963541
90606,0.18460492611821785
90607,0.1312581340241595
90608,0.3645679627561435
90609,2.36043018268166
90610,0.6109888061115724
90611,2.8708845532774037
90612,1.011982665529601
90613,1.0467873384735908
90614,1.7773952523254473
90615,0.19677309726239378
90616,0.19529376822026961
90617,10.962743921343199
90618,0.16898685450009984
90619,1.183863642197674
90620,0.878798936177932
90621,1.7288184891617733
90622,0.6239527029913227
90623,2.510760146541667
90624,0.9015230643168739
90625,0.09823524763559231
90626,3.550214884813339
90627,1.4771993074113743
90628,0.47231839768415296
90629,0.17004101328520732
90630,0.951381863809932
90631,0.8509767616027869
90632,0.8891523371678174
90633,0.14861752365513403
90634,0.4642684912118024
90635,0.08395826630565063
90636,0.2949894019892753
90637,0.7440623287916971
90638,4.16183931117991
90639,0.5309649298403021
90640,0.0730578886353795
90641,2.3010025598245187
90642,0.8202666796281778
90643,1.179244432919217
90644,1.6707940691030279
90645,1.1354856080921503
90646,4.646881659631872
90647,1.9826004827726558
90648,0.19201603264512473
90649,0.47740556052954053
90650,0.31524794759279073
90651,0.5597529899057626
90652,8.963748652637657
90653,0.28510402112117483
90654,0.8980525169680406
90655,0.19602106716457923
90656,3.3682341387602026
90657,2.831378717466505
90658,0.9251286780405868
90659,2.5933093660841857
90660,6.57670632153673
90661,5.290528833546628
90662,0.9295622793452851
90663,2.1000984998284613
90664,0.5383860895437623
90665,0.1042049576769606
90666,0.24369177634965627
90667,0.9818151240165578
90668,0.34020692705643074
90669,0.14129193036615023
90670,0.2336044555228049
90671,0.7482102920024841
90672,1.6397978624325642
90673,1.6718644644471068
90674,0.2794655732634742
90675,2.224553152993875
90676,1.2768533167956282
90677,0.3057871698854611
90678,0.2009969388917851
90679,0.061536264367959
90680,1.0952849157408642
90681,0.7009241963243872
90682,3.0961383876590287
90683,1.5608199346960685
90684,1.1252388487414184
90685,0.7502362128806858
90686,0.08277916303044387
90687,0.5929653123029511
90688,0.09958126886892014
90689,0.3479507344403269
90690,0.2824661125324841
90691,0.09830320919581535
90692,1.9622532174186111
90693,0.256133181715286
90694,0.323911707785635
90695,0.7708825597539798
90696,4.084302352237785
90697,0.3173851927604857
90698,0.7654747445137225
90699,3.160071997686322
90700,2.4012627444928984
90701,3.186209264622309
90702,0.3173019840204942
90703,4.8745869943705005
90704,3.037579275586416
90705,3.609627901845262
90706,2.94303068834952
90707,2.096346501025188
90708,0.9473001847540237
90709,0.506330844454197
90710,5.57268123660483
90711,0.4015400815634733
90712,0.29283888120302776
90713,1.260776540813274
90714,0.9747899052812924
90715,0.6637648612646111
90716,0.7604901189905099
90717,0.4308402637237625
90718,1.4420659142124217
90719,0.9677015575431894
90720,1.131589797406434
90721,2.9538991235697085
90722,3.0824032781903417
90723,3.1971980131585047
90724,1.341965654444247
90725,2.378303272464282
90726,0.38704565160723453
90727,0.19724090157947857
90728,0.2612583031862679
90729,0.49245340974821805
90730,0.10078496197653454
90731,0.2928473515842872
90732,0.7299874815821031
90733,0.17887554339284653
90734,3.6348775977743273
90735,0.2954140320107504
90736,0.5870951909284404
90737,1.03554849621217
90738,1.72197682644948
90739,0.8076869889708107
90740,0.19173313346070583
90741,1.0421439502506897
90742,3.160663234439724
90743,3.684743796838496
90744,1.2141434390020176
90745,2.212183754756812
90746,1.116623611716015
90747,1.0658538356344867
90748,0.42746270330684316
90749,4.6037521252927665
90750,1.4755730246300496
90751,0.5921943997655
90752,0.07616930705618095
90753,2.3647007153456454
90754,1.8151951402388167
90755,0.033346798236657454
90756,2.67762957961557
90757,0.4179925356219898
90758,0.25857925202875054
90759,0.4215042847766
90760,0.3218800307090489
90761,2.2791602620324523
90762,0.34674562406073767
90763,0.7665471496989938
90764,0.08879985704435389
90765,0.6249355610708174
90766,0.8304702692959947
90767,0.18993106335844737
90768,1.8690655829585265
90769,5.357796506632098
90770,0.1928607585717431
90771,2.1030767948306144
90772,0.8648492283273621
90773,4.603899696937323
90774,0.4296667414565617
90775,0.84586881565536
90776,0.12452333637253662
90777,3.66742867027552
90778,2.1354289745292174
90779,1.517870061855073
90780,0.16122306962592683
90781,0.30663961301603093
90782,0.07047689229804913
90783,2.2777985221375348
90784,0.4358412667975742
90785,0.43400665184856574
90786,0.5611599189289126
90787,1.726051730036251
90788,0.26940905355378936
90789,0.08683578911635403
90790,0.6536430860508552
90791,0.8550613802431195
90792,1.8135150502498623
90793,0.12888366579385524
90794,2.731432786538329
90795,0.6434221994520408
90796,1.348715727822497
90797,1.179070037632097
90798,1.0008492351725264
90799,0.09791532783058264
90800,1.8418982048525052
90801,1.510065528620589
90802,6.200317899704149
90803,0.8392018560985156
90804,3.4640229799614874
90805,0.21012468242484816
90806,0.6971315321093535
90807,1.1541197602434117
90808,0.16018683046381135
90809,0.0412763056958277
90810,0.9031231166911613
90811,0.2790444755495335
90812,2.875187985931515
90813,1.2231822672591355
90814,0.8787178823078305
90815,3.090422395488943
90816,0.48025269890710415
90817,2.49974861558235
90818,2.10954018142533
90819,1.5531226083957572
90820,1.7218282716005737
90821,2.370274449050477
90822,0.4442838956811844
90823,0.21532845689892174
90824,0.49455117906379087
90825,0.1547917960659841
90826,0.5871877365478415
90827,1.152648699376312
90828,0.5443428073619978
90829,0.9773691116970715
90830,3.119772740600674
90831,0.7577290904248323
90832,3.667723154090203
90833,0.8473781114667486
90834,8.425966370286083
90835,1.6048388612835964
90836,0.4699654153695855
90837,1.8048919110074306
90838,2.5770653323725514
90839,0.8966603410048822
90840,0.3163104691574168
90841,0.00920464005284208
90842,2.9084562526993247
90843,0.49326677997665436
90844,0.958959437655521
90845,0.5876405013215777
90846,0.9837860458579243
90847,0.29575688237808395
90848,0.5350007595325518
90849,0.3646697354784959
90850,0.10364053705592258
90851,0.5534770194492521
90852,0.9882957049919538
90853,0.30310246851814804
90854,5.382880486867386
90855,0.5980364895255148
90856,2.0145255982730825
90857,1.2009768345463439
90858,1.5558505634470174
90859,0.5407518420080559
90860,0.25468968697417577
90861,0.5535346221489856
90862,0.40600885281876575
90863,2.736337925460093
90864,4.825424143614947
90865,0.5384149428902333
90866,0.5449673828245155
90867,0.2205333765878627
90868,0.13221286322150785
90869,0.12169695037778053
90870,0.11839910803194045
90871,0.6399546861268699
90872,0.9396636280669881
90873,1.25840359873457
90874,0.3338739128775589
90875,0.07133111832861179
90876,0.7375449240210534
90877,30.99260388000482
90878,1.8157463751496585
90879,0.38429817631338375
90880,1.6530478753069635
90881,1.8647936977102322
90882,0.1142124908867635
90883,1.4974864713254716
90884,1.3674114834249578
90885,0.2163075776132069
90886,0.9752608576946463
90887,0.5456944641662864
90888,1.4465770222146532
90889,0.1482737448516268
90890,0.0632877967133387
90891,3.143222336124016
90892,0.1711936037425562
90893,1.4701698660118592
90894,0.6920565509129961
90895,2.0585391731173623
90896,0.4908715654577293
90897,1.2879765662901042
90898,2.1319563063889113
90899,1.8506168158257792
90900,0.35773750351134265
90901,0.5051221017276756
90902,0.531754432950637
90903,0.43456998728687873
90904,0.3302645769809257
90905,0.2049580884469025
90906,65.63744031622757
90907,2.059553973855003
90908,0.9592052113138196
90909,0.34722362401989865
90910,0.5522849760380967
90911,0.6826788972811737
90912,1.5336354516900608
90913,0.8263773380894642
90914,0.7084718342980304
90915,7.661151746300177
90916,0.1352434968062536
90917,1.0108745624196844
90918,0.11888011328295091
90919,0.21794716452186083
90920,0.5629294709389704
90921,0.28971562875402435
90922,1.1164143013036973
90923,0.10247479978931484
90924,0.9657020777518804
90925,0.30073075749817013
90926,0.12812146448779277
90927,0.7128452622819317
90928,0.24325291762271964
90929,0.2704060218171113
90930,0.247064249605184
90931,0.5609431570072113
90932,0.3538568326700522
90933,0.7462259789492885
90934,14.614171841601738
90935,0.84861232863923
90936,0.16458108066036353
90937,2.034061517680953
90938,1.7949511181615818
90939,1.6828170236166888
90940,0.5541715227533276
90941,2.2348176433378177
90942,1.3082902084246375
90943,0.23311802132533144
90944,0.11750097072609557
90945,1.1486938330177854
90946,1.0786961387706362
90947,1.774899838593043
90948,0.5531605500976329
90949,1.220573103722281
90950,2.084978514475665
90951,0.38005325189425515
90952,0.02703567671801393
90953,1.3498583171644896
90954,0.23862966823118673
90955,0.6530561666521775
90956,0.9647386779445067
90957,0.5313601789780257
90958,1.434715295949909
90959,0.35381747814081266
90960,0.40429725920622905
90961,0.43244273288187407
90962,0.2929707445780721
90963,0.14220170771574495
90964,0.27325967265205403
90965,5.5094948507631205
90966,0.10215824836238961
90967,0.35807047131467873
90968,0.31404424845961665
90969,3.5354266761089685
90970,1.4611420666199921
90971,0.48127662427180806
90972,0.5209643342389343
90973,5.548002937716197
90974,0.9427779381273426
90975,0.5702811585459244
90976,0.7951105328984538
90977,0.30333182565937844
90978,0.1603378117390206
90979,0.5343687774089426
90980,1.619806376404199
90981,0.10460295382279235
90982,0.32281539761249434
90983,20.657585657221027
90984,1.1443049961605947
90985,0.3789587064267305
90986,1.15652236179207
90987,0.07592553829042312
90988,0.491925973439007
90989,0.14818990294424492
90990,2.23095894183127
90991,0.20018449881299785
90992,0.9988640177745504
90993,1.027964836184879
90994,0.6757219227317345
90995,0.583696778934634
90996,0.9646040251806651
90997,0.2953791997692185
90998,0.10901253902268446
90999,0.6254763448774999
91000,0.10017931659765222
91001,8.21542336631838
91002,1.1530170513332563
91003,0.8416827414896733
91004,0.11258181151559978
91005,1.8668399455833358
91006,1.48183771899713
91007,0.9577115192574144
91008,0.26725252922004106
91009,0.5302210950920184
91010,0.3659594769540341
91011,0.3647685203257751
91012,0.5180530797940268
91013,0.082263998658999
91014,1.42121928338697
91015,4.627486182210916
91016,9.925638892997167
91017,16.94422837149925
91018,0.6070323056805994
91019,0.36660766954210666
91020,0.45204832452904353
91021,0.18451737904131765
91022,1.580698274424338
91023,1.1848430341087157
91024,0.09580369616556413
91025,1.3014097349814875
91026,1.0477734101283183
91027,1.6991000525012534
91028,0.5677262952100944
91029,7.5350395671358985
91030,0.19066179944396172
91031,0.3770062298564219
91032,2.041485068303382
91033,0.3615699754889816
91034,1.1825709778887854
91035,1.7210493386661418
91036,8.788041926264585
91037,0.5675789047921747
91038,1.3823497233916626
91039,5.412693528921995
91040,0.19935060795593115
91041,1.3421294083021467
91042,0.1920897605228546
91043,1.5560931129480602
91044,0.2701766910590437
91045,0.4128063443263032
91046,0.578581000156479
91047,0.6541305353284161
91048,2.776148897962698
91049,0.2971373370038817
91050,0.0586353584532669
91051,0.2594349232382455
91052,0.15578826266243934
91053,1.8109817323248332
91054,0.2124093113133295
91055,2.9708540028302246
91056,1.1731008212788936
91057,0.12775335665617266
91058,3.0125605480185182
91059,0.05689998491367651
91060,1.2075910930298785
91061,1.910562757025461
91062,2.9773461103425336
91063,0.4505779547059736
91064,0.12031636704337141
91065,7.171318611951899
91066,0.20673378959329852
91067,0.4000107382258557
91068,0.0795699341824012
91069,1.01602180408192
91070,1.5752020737076378
91071,0.2876296748826303
91072,0.8178500316497057
91073,0.40348175972289396
91074,0.17026012647804514
91075,4.8635070703200265
91076,1.7414321016799517
91077,0.8479006506114585
91078,0.256760963393194
91079,0.1721146726457889
91080,0.28760171902170106
91081,2.315407339484495
91082,1.2843257639833237
91083,0.6540669061453039
91084,10.716924337260163
91085,6.054236300396367
91086,1.2849148650303301
91087,2.180972111570929
91088,2.0184634351505917
91089,0.20259629429856624
91090,0.17369461134543424
91091,1.402717201749714
91092,0.3961614816391402
91093,1.0855858763551032
91094,0.3158174258694588
91095,0.22608716119224642
91096,2.452643459208965
91097,2.820603469248785
91098,1.3025053328773628
91099,3.714849648023998
91100,0.24934991347626612
91101,0.7870668962489507
91102,0.9287430089590083
91103,0.9800239119283024
91104,0.6100661492846339
91105,1.8542492369570143
91106,3.6506652521618026
91107,5.910720090825657
91108,0.5789474771391536
91109,0.6738626269913368
91110,2.56556026805963
91111,1.6737159811243871
91112,0.20559209206771445
91113,0.43415598149125745
91114,1.3248329907703598
91115,0.6048758162802587
91116,1.6484198536311083
91117,0.6308669890516149
91118,1.033274961979752
91119,1.0126888619483723
91120,0.23458164209781815
91121,0.17355162346635053
91122,0.7296899310008271
91123,1.789514698600484
91124,4.512737535333561
91125,1.3619135497405008
91126,0.6257238060238963
91127,0.2814026980138465
91128,0.6293198616499098
91129,0.2709812728229475
91130,0.20200549614319618
91131,1.0963845124550768
91132,0.301152269304491
91133,0.22325874073364937
91134,0.6270599452197658
91135,2.15698819718207
91136,1.7100132326260553
91137,8.581286158207604
91138,0.35666700442853166
91139,1.9863523723514858
91140,0.28567050191353144
91141,1.271241807939478
91142,0.18791654545920994
91143,0.3183942910736235
91144,1.7526216413903577
91145,2.9575632903109357
91146,0.5787821596035051
91147,0.15007472807765918
91148,3.218390221953272
91149,3.02581015863048
91150,0.3153942940060356
91151,0.7421084571834021
91152,0.15935413952312347
91153,2.639733744391527
91154,0.056143121830920815
91155,2.2129256619799085
91156,0.2863403581702359
91157,0.24135348880893365
91158,2.451629014243635
91159,0.46465171227740965
91160,0.6576010270833811
91161,3.067282953293951
91162,0.6217976450464154
91163,3.54882420565188
91164,0.5226846039549424
91165,0.22430737586509641
91166,1.9832643997493928
91167,1.4330758926613232
91168,0.3264099661924661
91169,1.1206704255362874
91170,1.5858699479497151
91171,0.12782367193509417
91172,0.7958788129783552
91173,0.32575418882864515
91174,0.8593084400866655
91175,0.2938751998694065
91176,0.13611502476101936
91177,2.6752812018268557
91178,0.6667801115257566
91179,4.268598799634366
91180,0.20303773807222525
91181,0.3349622027989795
91182,0.6777490675542144
91183,0.6559983197833562
91184,0.35740755836134885
91185,1.3107926101468916
91186,0.833374786046275
91187,2.0384316308972865
91188,0.23305362690887482
91189,3.537333547882912
91190,0.6879233913669107
91191,0.24510056163696006
91192,0.316308893289563
91193,0.5495513671344487
91194,1.3301707058223695
91195,0.5242040332910104
91196,0.21329692597951616
91197,1.9093981188906601
91198,2.5621739082350743
91199,0.5007848000920373
91200,1.4658793963071486
91201,1.0874481842941077
91202,2.210791336632578
91203,0.09459855804057886
91204,4.667315537033838
91205,0.5382435082978725
91206,1.4500363303612724
91207,2.3741310166534966
91208,1.0976519499966115
91209,0.5052958734238864
91210,1.0564806442414088
91211,1.1759625820745099
91212,0.5636484212584548
91213,0.7228497980381285
91214,1.5097270995842174
91215,0.3775941112357437
91216,2.5069517135129944
91217,0.2770496378055054
91218,0.7721332163662623
91219,4.925741116297713
91220,1.7330113291904015
91221,0.44915200633409325
91222,0.37145476568341634
91223,0.7034479487957
91224,0.39922454980109157
91225,0.5769204892439981
91226,1.4338437036794955
91227,1.6250454667010077
91228,0.7852264542220682
91229,0.07124534828906412
91230,0.7966370909047493
91231,0.7533835750874558
91232,0.3817930458574838
91233,0.24666151254838736
91234,0.6813515163742441
91235,0.2642350976135432
91236,0.27542696201993483
91237,4.609452337608526
91238,1.0721891558980823
91239,6.852140492695275
91240,0.04346947728637743
91241,0.47197603843122815
91242,1.5406740530820335
91243,0.6045417630117936
91244,0.22715200170956873
91245,0.18177448658193107
91246,3.787261111789896
91247,0.4228339022849317
91248,1.1189223926291516
91249,0.2676173839210634
91250,0.6254729667366896
91251,0.9376643241118781
91252,0.17335525660852374
91253,0.06631536197640331
91254,0.07683440963578039
91255,1.6132296810617115
91256,0.16088174684342327
91257,0.6392940278998986
91258,0.7025944664067919
91259,2.599277817066307
91260,0.7084913833678699
91261,3.058644946399984
91262,2.0797217288001275
91263,1.3125625615019918
91264,0.7270245847629625
91265,0.9549352171944777
91266,2.205989029345016
91267,0.07150350913932002
91268,0.3537569983846071
91269,2.718815047503499
91270,2.1518506277603575
91271,1.0162760839762057
91272,1.4290937493660316
91273,1.5688436178034715
91274,2.664854909378392
91275,1.066262285598352
91276,0.20403639828463746
91277,1.090354483288881
91278,0.7223231368621293
91279,0.8768041047921896
91280,3.4186920330825377
91281,1.6868612680217114
91282,0.9171054177882132
91283,0.5668909649635936
91284,0.46826788812136966
91285,0.625602487920454
91286,1.373632944013218
91287,1.75690407608679
91288,0.4814264179894216
91289,1.5938783328894632
91290,1.3056352254897319
91291,0.4476932568456909
91292,0.2864108166506272
91293,0.4193486671744739
91294,0.7798423715157513
91295,1.098107880020344
91296,0.5652816464690187
91297,2.88752820791964
91298,0.11342389647249188
91299,0.7516681935522939
91300,0.3266353098165366
91301,0.4719813756198256
91302,0.14052673451127354
91303,0.9986359142120148
91304,0.08836966132627122
91305,0.2968397973614071
91306,0.578342498873088
91307,4.0434071432438525
91308,32.952534636008444
91309,0.6083317921933171
91310,0.4931357419502971
91311,1.3590145832627953
91312,0.3618445587288212
91313,0.5234182976599662
91314,0.18457843345414696
91315,0.09231143040561982
91316,0.17573871588956377
91317,0.7029753700142648
91318,0.2622155109064484
91319,1.0870402618627968
91320,0.09431070332318464
91321,1.7851649755161605
91322,2.699631364993534
91323,0.05167503523958293
91324,1.8309173395603537
91325,0.24624884514363837
91326,3.7647544381041342
91327,0.2572020067779164
91328,1.0405639747633764
91329,1.1576552853499547
91330,0.2631446516926145
91331,0.6341886724064134
91332,2.284178278038683
91333,0.5802301503371958
91334,0.31760629452198486
91335,1.0274382872872145
91336,0.10706533094500659
91337,1.3066708424174942
91338,1.029166573485514
91339,0.2775007343099806
91340,1.9139716302514338
91341,0.48232011638158545
91342,0.6603188802273005
91343,3.0048191821350505
91344,0.5097711545164981
91345,7.339420446566395
91346,0.30507098888921064
91347,1.6795066884065128
91348,0.41544883775118074
91349,1.9450145002053745
91350,0.3428578673615339
91351,0.1627490172497815
91352,1.3077647326561392
91353,0.21019625051854568
91354,5.655076935074825
91355,1.4225481242800329
91356,0.6020411633249382
91357,0.1074911699112627
91358,4.457313303519868
91359,0.9398428036509363
91360,1.7966879942160012
91361,0.4913712848000522
91362,0.5949260408090831
91363,3.844785331244022
91364,1.7374801152192456
91365,1.899918610241945
91366,2.667580330663594
91367,0.5096806624379211
91368,1.9894914932065526
91369,0.6184384384132101
91370,4.9330427356317115
91371,1.9194109025099266
91372,1.1210893104365718
91373,2.8875633715962543
91374,1.46537465523528
91375,0.6738213490658272
91376,0.9609829804828135
91377,0.5276310747222103
91378,0.8078826099078488
91379,1.6328630863900495
91380,0.9095180772316545
91381,1.2461039044130267
91382,0.5885166295515254
91383,0.1690940503814287
91384,0.5962515496239573
91385,0.492763949536866
91386,0.21247628223207535
91387,0.5894060542549812
91388,0.19141611802582062
91389,3.112697144521078
91390,2.981224033333349
91391,0.2571799193266698
91392,0.1114419845423609
91393,0.8337122741571281
91394,1.7869755185737881
91395,0.33224896832089584
91396,1.9630560610399588
91397,2.678811944403004
91398,0.052316725201640164
91399,2.262785161354444
91400,0.22926225637510067
91401,1.7747220331387092
91402,0.5102032850235156
91403,0.9791679522477615
91404,0.5237536710627084
91405,0.7985088268144541
91406,0.9444202940336719
91407,0.8072599565838399
91408,0.4795441033110813
91409,2.242066581562378
91410,6.997235096204442
91411,0.41285348438738195
91412,0.8155052514419254
91413,0.8138065113057849
91414,0.370893599204998
91415,0.4632026142712302
91416,2.6771806473016477
91417,0.31692845927522706
91418,0.46213681309032634
91419,2.2437694713458187
91420,0.3224530491597019
91421,0.43587712136194023
91422,0.9623499848956144
91423,1.1657760629197123
91424,0.49489644434356506
91425,0.34199810527975566
91426,1.6440983983337862
91427,2.2869540071343613
91428,1.0502088511065164
91429,0.7405828757941935
91430,0.5076630547896938
91431,0.229662754112771
91432,0.7511866386281049
91433,0.6744774830566682
91434,0.9326277329640436
91435,0.666758343104053
91436,0.3287286874350388
91437,0.5249816017906912
91438,1.5321683221445577
91439,0.6029903264551518
91440,1.0344628016895074
91441,0.31840135184855345
91442,0.24414993502837562
91443,0.1584728074998183
91444,0.2533734213022161
91445,1.656161836497115
91446,1.0638010501465691
91447,0.6540377265524834
91448,0.1921809415801183
91449,0.9055320671775601
91450,0.760515194283007
91451,1.6043312643080527
91452,0.8602482929335693
91453,0.9985529884695856
91454,0.7251946111554388
91455,0.6823219993007674
91456,5.789751539137687
91457,1.2232776133287913
91458,2.6822303980741116
91459,1.3620626973373682
91460,1.5491602621005973
91461,0.33346543859213845
91462,2.0967890984903375
91463,0.8986523653004945
91464,2.2701181560870234
91465,0.09156468328984602
91466,1.0939039945558653
91467,1.4728044323643383
91468,0.2584274518016985
91469,0.7284762071547632
91470,0.22783951231538124
91471,0.14242694447899895
91472,2.077858386745622
91473,0.7570739713438821
91474,0.39808743414655423
91475,0.3978793871675213
91476,0.43110812460215514
91477,0.6058331259919784
91478,2.372932405563311
91479,0.31785942691698665
91480,4.885121127821903
91481,0.6950054105715773
91482,1.1507522138789112
91483,0.8804024922635477
91484,0.3260138469046732
91485,0.04980701309799233
91486,0.6228704446023141
91487,0.2392196830863619
91488,1.583150886144394
91489,0.6524096020219328
91490,0.18609000242943133
91491,1.15395033595005
91492,0.874460541554357
91493,0.9045948957318254
91494,1.222013205894861
91495,0.5562485432817207
91496,0.6364037259402053
91497,0.6637739486821684
91498,0.5509611685740632
91499,1.4486918548264898
91500,1.070551520613906
91501,0.9010628701304088
91502,8.70957714139632
91503,0.2606636645949844
91504,0.47836916110025535
91505,2.6779035622738556
91506,2.9685477372932905
91507,0.16617350005446818
91508,2.061634275444229
91509,0.13480850535317465
91510,1.6898259635072763
91511,1.5484162428662296
91512,1.2057551073098207
91513,0.21971373846149395
91514,1.0757034976468625
91515,2.068402277183992
91516,0.48827485629597894
91517,0.2815609303136747
91518,1.1532879718179287
91519,1.2643103480633031
91520,1.1963149304436147
91521,0.6845574274750519
91522,0.7136470427290488
91523,0.7767312561812488
91524,0.7959465950637461
91525,0.5402811459489594
91526,0.7458324530645557
91527,0.7474149877957124
91528,3.552128087210838
91529,3.758180068159378
91530,1.3271656743238955
91531,0.6443732305836631
91532,0.2321949560189398
91533,0.515872568357079
91534,0.7676216881724307
91535,0.44782441814667784
91536,4.621998898716457
91537,2.8149373180875883
91538,0.8681892701206106
91539,0.3674375875310445
91540,1.0681984152097979
91541,0.946860911940824
91542,0.5956142720100964
91543,0.476177693160273
91544,17.031402068474126
91545,0.5840721970916655
91546,0.6131883770107877
91547,1.2164571796595491
91548,1.1677027042722277
91549,0.1714246351337639
91550,1.627236397226165
91551,1.6472607696450203
91552,0.11705200213422494
91553,0.034257967151859046
91554,8.39953330512893
91555,0.11421524260960068
91556,1.2688775072955352
91557,0.3083803327381842
91558,1.702470949343632
91559,0.4495993744148244
91560,0.42145271713434906
91561,0.9375980264704106
91562,0.2538443013933689
91563,5.185963047683152
91564,0.6222252971971209
91565,4.1806843920055226
91566,0.4627806288893827
91567,3.3608350045511117
91568,1.1277543323991452
91569,0.400525115994604
91570,0.41203960034585285
91571,17.292535408368604
91572,0.3989446856239943
91573,0.4636052612543761
91574,1.380779206577527
91575,0.5784573214300708
91576,0.8126412719322786
91577,1.796951766334877
91578,10.019500548216481
91579,2.2411702527591704
91580,0.1770035454007424
91581,0.8901483844455806
91582,6.060015454780092
91583,0.17395420271187295
91584,3.3428316504901425
91585,2.10607793710192
91586,0.6762168138328928
91587,1.0164767502372813
91588,0.5020045653306712
91589,0.06792982967077096
91590,2.0475771453839315
91591,1.9032231568576603
91592,0.5695926086106049
91593,0.5221208536257165
91594,0.8896215657811114
91595,0.14361390055411935
91596,0.046154418875931844
91597,0.09204550283737788
91598,0.17227003072937175
91599,0.3574566615030621
91600,0.6361300387904326
91601,0.17951789208186486
91602,0.9132496301057108
91603,0.2360041050447544
91604,0.25143565667480805
91605,0.4858464202431632
91606,1.6354627340218741
91607,0.32199155752329817
91608,0.4493722627505779
91609,0.3403590494066023
91610,0.24376540312214476
91611,2.268863831552484
91612,0.15542247999639294
91613,0.24372957090963623
91614,0.7047402587138046
91615,1.9909364429478018
91616,2.11105101316299
91617,2.7315606416281257
91618,14.914473554249838
91619,2.4337094040470237
91620,0.1045672161914422
91621,0.1317878658290473
91622,0.20345602481478686
91623,0.17962718631396546
91624,0.4341397108180124
91625,5.428613416078672
91626,1.8125104109653885
91627,1.0763623271780027
91628,0.14504635569965146
91629,0.44166742684633553
91630,0.23123775204626043
91631,3.679797197561871
91632,0.5011596694955588
91633,0.707814735922841
91634,0.5743283947195221
91635,2.1301901769936236
91636,0.8000282038993923
91637,4.024502681817272
91638,0.0658535746726401
91639,0.054086164531078076
91640,0.26803033311640523
91641,0.09795790158500957
91642,1.018851266901044
91643,1.5115467983000208
91644,5.386547357977279
91645,2.011930107562754
91646,0.41005306156995014
91647,1.9712839199757815
91648,1.059225077800178
91649,0.19543744634327917
91650,0.5140942219985858
91651,0.13736709372861525
91652,0.39312435230636233
91653,1.8704059533451673
91654,0.22278606221306888
91655,0.3610998909318409
91656,0.6875201594600264
91657,2.924960469460065
91658,0.04901518171337338
91659,3.1359972918330894
91660,0.7007094025482884
91661,0.5603967821221452
91662,0.768310194241475
91663,1.125378411753747
91664,0.6348182989618564
91665,0.7833618789552343
91666,0.4448128057314153
91667,0.3542645134708294
91668,0.12455658130034726
91669,1.9581409543032617
91670,0.6621224577295173
91671,0.694202619668577
91672,0.15968241919692563
91673,0.17930569975045887
91674,1.3244099568903218
91675,0.20637563521661653
91676,1.754313417622068
91677,0.14426921103602494
91678,1.199861744390291
91679,0.14108930667521802
91680,0.43777480115289485
91681,0.21218376411663567
91682,0.3270975735044637
91683,1.039212061213742
91684,0.26100597443037354
91685,0.7413224159882892
91686,0.293802219916996
91687,0.820335441297905
91688,3.9560878832935487
91689,0.20847846107093235
91690,2.4343431616971873
91691,0.21397670155919596
91692,1.1748387858008043
91693,1.8753679257214666
91694,0.4484766433558838
91695,4.105390246256986
91696,0.587593579589538
91697,0.5527755881380397
91698,1.0183821570335865
91699,0.8113181935893133
91700,0.8735864416342063
91701,1.6169397705902708
91702,0.4080428336610613
91703,2.845001125129474
91704,0.713830588272459
91705,0.32903661845355114
91706,0.4036486320650667
91707,0.4912052081695144
91708,0.0747313527924663
91709,0.11302948020778424
91710,1.2845802126611796
91711,0.07524782683642228
91712,2.7181755482420398
91713,0.6395321329113812
91714,0.3323010337170267
91715,0.37094300870505315
91716,0.4053881992087344
91717,0.33623642847922497
91718,0.2254658716675974
91719,2.8438690582403865
91720,0.30006384852291906
91721,0.335895493745191
91722,0.29004389062026026
91723,0.35107594176347146
91724,1.6356868386912233
91725,3.512869852654938
91726,2.4843010176135665
91727,1.2517439885699924
91728,0.21322519868256
91729,1.7521887497757456
91730,0.9201174694466968
91731,0.44087738410197713
91732,0.1265234154772401
91733,1.2622095973873884
91734,0.8354217564329971
91735,1.1787388646315222
91736,0.5088751407397467
91737,0.7239713693552715
91738,0.6497385191644246
91739,0.8148304859381705
91740,0.2805725601774016
91741,1.1492370687433353
91742,0.14773040256453937
91743,3.867683930974291
91744,0.12463781194449822
91745,0.8342058916530704
91746,0.6604073355264767
91747,0.6605641023414468
91748,1.045911533146542
91749,0.6503904615942261
91750,0.9696565268721817
91751,2.509601381287828
91752,2.71312740036407
91753,0.13284600425191595
91754,1.1660697575469294
91755,0.24100079251499662
91756,0.8054020917082946
91757,1.2710254428499546
91758,0.0749413401997139
91759,0.14116568802793888
91760,0.315134471601581
91761,1.1404583808427302
91762,0.8437428028296245
91763,0.09570713445444998
91764,0.5933753227837362
91765,4.082366922545789
91766,1.2384129532359627
91767,0.942927028763372
91768,0.5786036745497888
91769,1.0583984333248226
91770,2.520383558619947
91771,0.47785775189506535
91772,3.2962336031524906
91773,0.1193047431757544
91774,2.3950798162722062
91775,11.464640726605122
91776,0.5737666205223352
91777,0.4067046763749341
91778,0.0744298890356274
91779,1.0207472678054457
91780,2.044356653005244
91781,0.1010199860243754
91782,0.12872704771080107
91783,0.33888510210759026
91784,4.112578177936935
91785,0.3942002677482965
91786,1.7642699103958206
91787,0.08336526569260183
91788,0.1054060403018501
91789,3.0936444680559276
91790,0.5125166569173727
91791,1.9795706318477824
91792,1.7772222440133543
91793,1.6221223239177311
91794,1.1809310744833554
91795,0.12287581163123389
91796,0.1684499210325841
91797,0.36461622672275135
91798,2.09996499852142
91799,2.389124614471269
91800,0.7764737312118594
91801,1.271831760678058
91802,0.08789922071569765
91803,0.39134477386865246
91804,0.1687589412008688
91805,2.5313695642271883
91806,0.20162029664358988
91807,2.294219210286095
91808,1.0915678650618044
91809,0.3428331227583763
91810,0.9297403500016483
91811,1.0459525165807677
91812,0.4158141780944689
91813,0.1736010425925817
91814,0.37309798849645354
91815,0.7561047368104277
91816,0.420396211215042
91817,1.3499507643526723
91818,0.3973833230741037
91819,0.19219689005402452
91820,2.4703809823919927
91821,0.946127514706872
91822,1.0038254853841984
91823,0.15484786470747236
91824,0.14189790976468777
91825,0.687290659890619
91826,0.20383485609447194
91827,0.7540443681496557
91828,0.4283573302518224
91829,0.8255568512969729
91830,0.1748880370641249
91831,1.0604348874980234
91832,0.35881879618312484
91833,0.4217377324942759
91834,1.1266631863485876
91835,1.793916578653297
91836,2.066170076765919
91837,16.11544396973449
91838,0.7122182459954066
91839,0.37485760414762603
91840,0.3918877388478962
91841,1.317622945884536
91842,0.18963939480646308
91843,0.30511580819922207
91844,0.7153900320486454
91845,0.6956625239139039
91846,0.30748859910028803
91847,1.90181371078783
91848,1.039555295034394
91849,0.6186845316062828
91850,1.1365218331270477
91851,0.5395821893971984
91852,0.5401998336739586
91853,1.5720370332037827
91854,0.5698149009908495
91855,0.3351857879443663
91856,1.9939618872958722
91857,3.8784132134788303
91858,0.5093001863036138
91859,0.6005879645818623
91860,0.20161583246838669
91861,0.6502069401223289
91862,0.3521662300465181
91863,0.8319592683713
91864,0.8383877673549258
91865,1.5922399389760036
91866,0.3621447083989191
91867,0.13749806398676584
91868,2.588809769476383
91869,0.07818904417781124
91870,0.21318168637726614
91871,1.9544725606876363
91872,0.5993755097737884
91873,1.4824199040543464
91874,1.2631294095243457
91875,2.094803300266128
91876,7.966494569651048
91877,0.7737760065321048
91878,11.247406113219588
91879,0.8085134084157644
91880,0.8751449894223434
91881,5.605773532070935
91882,0.8608101219953348
91883,0.8720085967012876
91884,0.07571650912453952
91885,0.11008270471713977
91886,0.8603960664309409
91887,1.1932345134303375
91888,0.8505564314686841
91889,2.7349362355703306
91890,0.6957956045579974
91891,1.2537824724811113
91892,0.5199747363451063
91893,0.8231234531170784
91894,0.4705000948693612
91895,0.11874308815217924
91896,4.187466957606122
91897,16.364654281993886
91898,0.42981580492849425
91899,1.198897569845889
91900,3.4117537193016547
91901,0.26623114715556245
91902,0.44916788337465113
91903,0.3327663708928148
91904,0.2543721562769599
91905,0.08971906962622056
91906,0.3492633993964039
91907,2.1946471687243805
91908,0.9859912761952826
91909,0.18917988074530126
91910,1.1165775621772993
91911,0.5456853758658103
91912,1.1634178742113856
91913,2.142379711892232
91914,0.05342176063402439
91915,0.1321507115188768
91916,3.3070581964173718
91917,0.30084388210339147
91918,0.4817702418059915
91919,1.191398912610606
91920,0.7957537409401072
91921,0.43169195036989494
91922,1.6905147450675055
91923,0.09178566912336354
91924,0.4018100726029574
91925,0.2819520466386712
91926,0.9141902906645687
91927,0.8304884604937829
91928,0.04095970948371471
91929,0.11663036104706255
91930,10.73610548635676
91931,0.9415797152714434
91932,0.5111966271514272
91933,1.0738530863530031
91934,0.8384991751885331
91935,0.9534556927529069
91936,0.4835213956282274
91937,1.0175411009034798
91938,1.6343996020539495
91939,0.22166117447949601
91940,2.2731344391297017
91941,0.6389117233195105
91942,2.7346364735372775
91943,0.210238223652077
91944,1.1003865007162132
91945,1.088369699806099
91946,1.3339424572685041
91947,2.0774872358781553
91948,4.4812894735939075
91949,0.6687250663055686
91950,1.4260677489829992
91951,2.094466244181282
91952,0.06065752877443634
91953,0.9000641904317849
91954,0.796811602760834
91955,0.32061286464286165
91956,1.5262720414248876
91957,2.0438315294677314
91958,0.5054402469576109
91959,0.31616769851936705
91960,0.15570499662901932
91961,5.131171382107797
91962,1.0946886088841887
91963,1.0427470745538185
91964,0.5722026136128299
91965,2.7929051939632408
91966,0.672266305001666
91967,2.8587976450261805
91968,3.1848939474903597
91969,0.4339272448551701
91970,0.5446018138292709
91971,0.5511676091326602
91972,1.2899519195962887
91973,0.27304139559839
91974,0.6771187746666854
91975,1.5018991419542327
91976,3.0154578522434385
91977,0.3614484610003989
91978,0.6019779059192818
91979,0.2935568538069777
91980,0.05915099659793913
91981,0.9855741802039757
91982,0.30521873912382064
91983,2.7263600275837936
91984,1.0240072246657188
91985,1.326366430978831
91986,0.3854567694984806
91987,1.8145228865699268
91988,1.0783360104991135
91989,0.1203051054719648
91990,0.40406689909398047
91991,0.647369448256703
91992,1.4141269595257544
91993,0.7028695085203617
91994,0.3215511446902022
91995,2.1748029049270876
91996,0.3751868804766988
91997,0.26997073514898506
91998,0.1621505965583369
91999,0.12245366558274264
92000,0.8835298401855509
92001,3.1949557492964775
92002,0.4964426458589233
92003,4.6169637788694
92004,0.2790004839840159
92005,0.1789054756346265
92006,0.4437675928741557
92007,0.04198289513444282
92008,3.7015430987863502
92009,1.4686554849983404
92010,0.22755650269857428
92011,0.08001825835830706
92012,1.7778436351548745
92013,0.9901440338364372
92014,0.6528364811019475
92015,0.5623219928800895
92016,1.1703251293953594
92017,0.30782206273219825
92018,0.12940831956820545
92019,2.1370391960203152
92020,0.4676628415649204
92021,0.5076197265002668
92022,0.24065662102940688
92023,0.8410524825269848
92024,0.8867003889723326
92025,1.0992543174647502
92026,0.8533672954325543
92027,1.9451921750774792
92028,0.16066870259977217
92029,0.20970191568760435
92030,0.19974697317759824
92031,0.1804352517441104
92032,4.288048884774824
92033,1.4165612143588857
92034,0.35860863828139156
92035,1.9680126796743016
92036,0.3979045977024929
92037,1.112654741952435
92038,0.44728024253349064
92039,2.935592636603569
92040,4.295844695329474
92041,0.21146806490066702
92042,0.8447004703182585
92043,1.2591555826953944
92044,0.7109898163353905
92045,3.2610228894080784
92046,4.847060471174145
92047,0.074874394485642
92048,0.753128148315204
92049,1.247283028234643
92050,0.07463547817273286
92051,1.6237125027745072
92052,0.9968441989751826
92053,0.46564653493458247
92054,0.8938276790566568
92055,1.270123812768025
92056,4.392198654704096
92057,0.8259062438331891
92058,0.30395236007701765
92059,0.7985882703874774
92060,0.7676239186112456
92061,0.9908227343980123
92062,0.6807450531579416
92063,0.5091922178273444
92064,0.15367619855047002
92065,0.5021944546240682
92066,1.0616469820430046
92067,2.8250161720163316
92068,1.9406065627732583
92069,0.6277836960746088
92070,1.0384176971054937
92071,0.8145013093008452
92072,0.3857661264160689
92073,0.9444636173367945
92074,2.1662409803127325
92075,0.08846842570201377
92076,1.219556760906918
92077,1.4415217663089153
92078,1.4450997582138474
92079,0.4564674079035526
92080,1.8858488078804663
92081,0.41808463364803966
92082,0.6842464225698804
92083,0.5758164721660379
92084,1.6176172428347892
92085,1.3617563840383713
92086,1.861910374715246
92087,1.381833114600981
92088,0.3093046722437638
92089,0.4086225400928606
92090,0.9447687445559151
92091,1.2046205326553903
92092,0.33581057747462656
92093,0.11072926682376079
92094,0.06385974580167277
92095,3.210295528384422
92096,2.5062613786393135
92097,0.33673135723418257
92098,0.31211289498369027
92099,2.750928144683332
92100,2.854643825635933
92101,0.11484501350492705
92102,0.2151355395241969
92103,1.388157658705218
92104,3.799067023640764
92105,2.1487612099847593
92106,0.23162200677189948
92107,0.31194890943810194
92108,0.11412717966536798
92109,1.826886421813502
92110,0.14576393862817702
92111,2.3680150677382894
92112,0.2228250312185877
92113,0.9960685634778438
92114,1.1651765422473086
92115,0.78910282488185
92116,2.396649601857039
92117,1.184269237199259
92118,0.3245122366742587
92119,1.9298408383742434
92120,4.9406742346525245
92121,3.353302322297098
92122,0.5849821674110334
92123,1.865466806545916
92124,1.1508179216987393
92125,1.7670519332228314
92126,0.15559745769703529
92127,0.06404227641282109
92128,0.5708356108158555
92129,0.2964892591609362
92130,0.8450202507686541
92131,0.5280762708708207
92132,0.4136073284135901
92133,0.5166864873621737
92134,0.11513157777969783
92135,0.5605346408233143
92136,0.975425739336942
92137,0.598984166512207
92138,0.48268210210368795
92139,1.2332741912938179
92140,0.18259030641962126
92141,1.1011252078753702
92142,0.3071952551311488
92143,0.5122086756440689
92144,0.6253203296551147
92145,0.25352223942239827
92146,0.31239467046447944
92147,0.18075510630562144
92148,1.204356511387941
92149,2.4075365340754566
92150,3.3963616025115844
92151,1.4831225760454534
92152,0.5416108771884014
92153,0.3918761152002221
92154,0.8698974010620908
92155,2.1902735755214806
92156,0.2000342029146017
92157,0.1675974548166331
92158,4.984256343385363
92159,0.3994008584925839
92160,0.5270908838212156
92161,0.19046706560134147
92162,0.24519777029054995
92163,0.703681679058025
92164,1.532992994170046
92165,1.1907130556906875
92166,0.5496430934793938
92167,0.81457576203087
92168,2.483386715885315
92169,1.5464099569682483
92170,0.22077045899723363
92171,0.4498414937644924
92172,0.1224659583746516
92173,0.4434614812662872
92174,0.42716824904829065
92175,0.5832991004641721
92176,0.24925363879261872
92177,0.39643367730362383
92178,4.1639099661340655
92179,0.36626001510221806
92180,0.10667491251813291
92181,2.6588612527686
92182,0.05574669776177678
92183,3.2396608844102293
92184,0.5500008592230647
92185,0.22522496959278485
92186,0.26230671047640775
92187,0.3362934725235516
92188,0.4982175317548442
92189,0.6800621076391037
92190,1.073387893796418
92191,0.6992037004233747
92192,1.102837476395866
92193,0.6832013121867275
92194,3.4994656812583407
92195,0.7041070231661867
92196,0.9549402817944614
92197,0.7429646351961657
92198,1.7444233106599467
92199,2.021987174392551
92200,1.3818659453552855
92201,1.2443924598258795
92202,0.3134319064576275
92203,0.6097298931463637
92204,2.224728493227002
92205,2.4205753926603006
92206,0.8642153607673834
92207,3.412929693147423
92208,0.7669224180157473
92209,1.044750167722288
92210,1.419482656629502
92211,0.9739470851982612
92212,0.7995279163605883
92213,2.8852070186610215
92214,0.41446459725722584
92215,9.191238799987907
92216,0.19334755276912677
92217,0.17215615280963678
92218,1.7464696191794813
92219,0.32691831409236166
92220,8.843657926262434
92221,2.7122915937986067
92222,0.409691113853739
92223,0.866366430836954
92224,0.6408715459390382
92225,5.370573650110916
92226,4.7083499522215035
92227,4.366359824742932
92228,1.5917307152869913
92229,0.1949943132843053
92230,1.3138072679522679
92231,0.9218691473362054
92232,0.24503049643524022
92233,0.3240593107819767
92234,0.942862404719019
92235,0.7311292638154329
92236,0.8203620664900888
92237,1.017351623994962
92238,2.564068035780801
92239,2.0262301310790876
92240,0.21962387227606622
92241,0.10408456765655198
92242,0.6090177649099306
92243,2.779542614933116
92244,1.3326435376388064
92245,1.7629680380238626
92246,0.36487955631784796
92247,0.5011961404989393
92248,2.817247481682984
92249,1.3168498131512307
92250,1.0975993767653047
92251,0.10363982964859882
92252,0.429033667320999
92253,0.205579952403887
92254,1.330125905053793
92255,0.2517347415728737
92256,1.5576731474904335
92257,4.356875553217984
92258,2.7073438551559392
92259,0.1973689924380666
92260,1.2655308692364124
92261,3.744937818482634
92262,1.534465273636562
92263,0.3628557054818982
92264,0.13009792766706174
92265,1.9398831649925252
92266,3.5650354771272115
92267,0.16485602802359292
92268,3.462906546040717
92269,6.590428975262447
92270,0.8457374048589182
92271,0.04365182510315834
92272,2.7627479661073004
92273,1.5376905343441865
92274,4.761361325362873
92275,1.5719404212899126
92276,0.8293041546016798
92277,0.04071135527866112
92278,1.6610825810074772
92279,0.7112775964071545
92280,2.3449016206523114
92281,2.0710671250052957
92282,1.7236508722156936
92283,0.5765582526479783
92284,0.6426800061746378
92285,1.1741881723616052
92286,0.17222941953328452
92287,0.25306936926251083
92288,0.1620257829062046
92289,2.7378453093244057
92290,7.587339214957611
92291,0.7225450853080175
92292,2.2243944062964793
92293,0.7183089891725332
92294,0.24729858331302235
92295,1.813214997647603
92296,1.3770690592254267
92297,1.733777988414454
92298,1.2911834775921798
92299,0.5897261830801984
92300,0.06779746557316776
92301,0.32622736584335765
92302,1.804226413676086
92303,0.4038991321427685
92304,2.6555364110253223
92305,0.6680815914883294
92306,2.3308288735081284
92307,0.09430290960394509
92308,0.1646796087757823
92309,2.0975578052232846
92310,0.33869001734442017
92311,2.8387050652358505
92312,0.6371406216889188
92313,1.6894885027711952
92314,0.5772137304903747
92315,0.880725463368382
92316,2.305692600940782
92317,0.5093413847347784
92318,0.6500198825156401
92319,0.9851293326165614
92320,0.676319467944008
92321,4.9691724532907715
92322,0.3040643382313838
92323,2.043602087291324
92324,1.2447001045160773
92325,0.31456340970868835
92326,0.3273520733848861
92327,0.2781979810929687
92328,0.2603050345452569
92329,0.862957878527923
92330,0.08124103676673156
92331,0.4367001489337315
92332,0.44817932251947
92333,1.691315277154796
92334,2.672966908394358
92335,1.2217249341610041
92336,0.1674665084843213
92337,1.5288906891004848
92338,0.37937331940287794
92339,0.5450060976894727
92340,0.14921057519577857
92341,0.8236685950757235
92342,3.717167557542212
92343,3.119835784787958
92344,0.6863154431411302
92345,0.9349047861823643
92346,0.2434652302143715
92347,0.7118424894360302
92348,0.4679465477666502
92349,0.33750983143202473
92350,0.026649581015754008
92351,0.8507547691787424
92352,0.7970115042878093
92353,2.4179923991770083
92354,0.6228170018621179
92355,0.09177803037044191
92356,1.1535154320520968
92357,0.38421549163526864
92358,1.841956745785307
92359,0.49505762005091536
92360,0.49993810816051665
92361,0.20718143573333847
92362,0.08738866819793728
92363,0.354437094303476
92364,0.5157751733845508
92365,0.1920827980905302
92366,0.3985346502689439
92367,1.454443525333668
92368,1.0365408410509207
92369,1.6365063629043883
92370,0.3414195709186624
92371,0.41474793126347487
92372,0.05029708683729242
92373,4.6489568202549725
92374,0.4107187874933136
92375,2.159607042757178
92376,0.04788451500710259
92377,13.662700639934187
92378,4.2174918257177
92379,0.25356524503278355
92380,0.6362578279746075
92381,0.1199717313832545
92382,0.6360222793311222
92383,3.335133892976807
92384,0.6108990202386513
92385,0.3935193965227833
92386,1.0655154192718985
92387,0.39287603586800224
92388,0.43798793500599253
92389,0.21738934787356914
92390,0.2609179715835438
92391,0.1797568649967224
92392,2.805373809711874
92393,1.7522362829042948
92394,0.9486276625717152
92395,0.22685226665112002
92396,0.7297727415369746
92397,2.8070312106448965
92398,1.7341130748690248
92399,0.4589924993881307
92400,0.08358600028913889
92401,16.03031711920251
92402,0.669119054566669
92403,1.4618896387359472
92404,0.6737652896610677
92405,0.7072239327631695
92406,2.3742851444496313
92407,7.2507866920251125
92408,0.5744057103737651
92409,0.6922965523006512
92410,2.403660696701577
92411,0.5530382287520175
92412,0.49372527690459916
92413,0.24509838845083298
92414,0.4024410295006754
92415,0.32451866187736333
92416,7.077988334593891
92417,0.4255790057604259
92418,0.5671915524127813
92419,0.1119450845204901
92420,0.8480898295335715
92421,9.833614347669997
92422,1.3374015307304372
92423,1.9252366303348438
92424,0.8632911898303703
92425,2.485373655576053
92426,0.10213981119076626
92427,0.12191677316451907
92428,0.18025671795949644
92429,0.05058521498110881
92430,1.013528810278482
92431,2.5463545697268875
92432,0.6950070991367181
92433,1.001640041247356
92434,2.948549073650296
92435,6.276404954728642
92436,0.9958786132827024
92437,1.8697311224643631
92438,0.23850686475292324
92439,0.8441431967780835
92440,4.793866471250978
92441,0.2657489858498611
92442,0.07919051381335417
92443,9.600283827243945
92444,1.2540765900487618
92445,0.0287243898882642
92446,0.18265792090921892
92447,1.5354170591332794
92448,0.8558920853742025
92449,0.23358131955038103
92450,0.7645780100321916
92451,2.20559984761212
92452,0.26722450111956275
92453,1.4416099519035441
92454,0.6522670472373154
92455,2.0298940472261875
92456,0.09158866667152257
92457,1.1199337405247092
92458,1.8397776992465786
92459,3.7170371419826953
92460,1.2284567666792952
92461,0.6000274111432519
92462,0.3234252941498451
92463,0.39099450791658
92464,1.4660988309775311
92465,1.7376265799862451
92466,0.04168254292702725
92467,5.14320080459608
92468,7.448990420455356
92469,0.6972667171125114
92470,2.651591458133401
92471,0.9202542587868268
92472,1.266292946637499
92473,0.5721291321306362
92474,1.0594626100706237
92475,1.3891271027271856
92476,1.4979889862416282
92477,1.2094336993226555
92478,0.17068131145333684
92479,5.784824021077459
92480,0.1784910396563052
92481,0.7508586841587822
92482,1.2098031301192604
92483,4.751396999618624
92484,3.1976514550491335
92485,1.6116493076059137
92486,0.7257415552384597
92487,0.875083217885547
92488,0.6648913437753384
92489,0.8627659789554492
92490,0.7825644518255165
92491,0.6120023702442199
92492,0.1229634169247056
92493,2.3527900029995408
92494,0.5218841043371818
92495,0.3003971146195025
92496,0.4125339409252259
92497,0.6949430578830085
92498,0.6389000299816016
92499,0.4210498153272899
92500,0.16405512687756152
92501,1.3872509462333875
92502,0.2287635164189334
92503,1.6276445064176002
92504,0.6438510165025549
92505,0.8974158243927847
92506,1.307070448087805
92507,2.9423475294218937
92508,0.12106501754168596
92509,0.5166690078297973
92510,1.6205128602522345
92511,1.1843845222900455
92512,0.47038155535661696
92513,0.1163432801644185
92514,4.575296088518651
92515,0.9212027838710272
92516,0.6644923260574876
92517,0.45683422612804786
92518,1.598498962130151
92519,0.12736803521178824
92520,4.418486116662106
92521,3.159917932287163
92522,0.3078271218947769
92523,2.053722285516633
92524,10.750503321673987
92525,0.0937526308864915
92526,0.13035262682378865
92527,0.2573656526533168
92528,3.4350808800208883
92529,4.793741227371943
92530,4.950714504553104
92531,1.9728618853991553
92532,1.7572226258762407
92533,0.25605689065411014
92534,0.2164636720997056
92535,4.036935154860302
92536,0.4088544200786728
92537,1.3066720131682694
92538,0.17478767911467735
92539,0.4845402598910138
92540,1.7651913013498644
92541,0.9150661296550452
92542,0.3884837204539781
92543,0.15653645937295
92544,0.33400275618862324
92545,0.33258536601033706
92546,4.327935273904095
92547,0.9759987663736638
92548,0.7341479179092553
92549,0.075911204264325
92550,0.7583371250297742
92551,0.18742060196646873
92552,2.635961264811308
92553,0.1881536772560518
92554,1.4366833967616133
92555,2.8657489684001956
92556,0.08924232628820897
92557,0.20329495561937588
92558,1.6289242490441487
92559,0.14098327053719387
92560,6.77604308376089
92561,0.8106110708971259
92562,1.7562509338714152
92563,0.6778165434087485
92564,0.4442153856251518
92565,0.299886332105029
92566,0.3938693497795709
92567,1.0295732320267053
92568,1.0191023824713719
92569,1.9661189524412603
92570,5.736117025873181
92571,0.43360833194745096
92572,0.7546341109398661
92573,0.3789166285362121
92574,0.7693418526824763
92575,0.9605738136617179
92576,1.2155983565149318
92577,0.37812801400048923
92578,0.40012995152178443
92579,1.4197738272390312
92580,1.0771238934020049
92581,0.5182546042391357
92582,5.174835990590068
92583,2.9850977708867448
92584,0.6232432944003098
92585,2.536854945738101
92586,1.2421844682304557
92587,0.19856441865144356
92588,2.100580566124425
92589,0.25882914886928643
92590,1.3324540700728051
92591,0.34025779634286896
92592,0.7226646546902071
92593,0.3131510044470916
92594,0.08606233958437587
92595,0.945690295821642
92596,2.9077092718787174
92597,0.6060025568135022
92598,1.1938233682460089
92599,0.10852878414380092
92600,1.4955945770407308
92601,1.0404046242969989
92602,1.0808175503735904
92603,0.4945219792561092
92604,0.11910960091015517
92605,0.5278478760482996
92606,0.7003748357009266
92607,1.1949196881163442
92608,1.8438732195723706
92609,0.0701855059695136
92610,4.932490645371609
92611,1.8755584459108372
92612,1.7191592107486586
92613,0.12707138056007905
92614,2.822777064545606
92615,0.2481686068709081
92616,1.3353546599614299
92617,0.43158991823632736
92618,5.799319181223166
92619,0.3405867040085664
92620,1.0505605747731457
92621,0.3540510287126397
92622,0.9840556915894384
92623,2.021757694789097
92624,0.4848608878258905
92625,2.17661562732995
92626,0.13479804257299594
92627,0.2738631019490806
92628,3.2918548075252474
92629,1.7884369430349305
92630,1.1644527878053033
92631,0.5628382424620081
92632,0.18044299476720277
92633,0.08658745955491187
92634,0.055586235630020665
92635,0.9837216184389149
92636,3.8534846388909925
92637,1.095391768518564
92638,0.11507122247591252
92639,1.0099501068893733
92640,0.9136562593565163
92641,0.07098373079689328
92642,0.8695722933306803
92643,0.045029226937534216
92644,1.2515820461822507
92645,2.0179310908648995
92646,1.08799993086458
92647,0.23756261076281
92648,0.34184842667051984
92649,0.7221911359049032
92650,0.08285842832651039
92651,4.9087678582825784
92652,1.1334457302974787
92653,0.863513181112196
92654,9.525303829704765
92655,0.0912083234086577
92656,1.499834255604881
92657,0.912757882077302
92658,1.64130123711129
92659,0.2219815452262147
92660,0.5413933677311435
92661,2.3145891352757473
92662,1.7685672839547786
92663,0.40162265852618273
92664,0.49407292328598124
92665,0.6714758751095372
92666,0.7405802193683371
92667,3.5256482646340657
92668,0.2609699471559481
92669,0.8171751520011762
92670,0.891553398786793
92671,0.16643224794943098
92672,0.7501874675391103
92673,3.173882272711574
92674,0.8166846078434742
92675,0.1737340605267396
92676,0.6515813536609433
92677,1.643426495528234
92678,0.26030785592822175
92679,0.7609318024894087
92680,0.422299246546896
92681,2.0397485152738275
92682,1.299138882326195
92683,2.893101232202341
92684,0.2562025401595836
92685,1.2817577682615866
92686,2.126977812687578
92687,1.3927110448178863
92688,2.132138587085808
92689,0.367137133916582
92690,0.5470245792485438
92691,0.9214459331970641
92692,1.791111922801074
92693,15.610773709449344
92694,1.303236149902492
92695,0.500541866381357
92696,1.3897133397643344
92697,0.5766920002898765
92698,0.3099254791712465
92699,0.08560132513212305
92700,2.203113408989706
92701,2.03115400233294
92702,0.06414665855750833
92703,0.882146829111583
92704,0.08490234881801904
92705,3.2240215047513865
92706,0.1299010999454545
92707,0.18187483722810166
92708,1.167936269366892
92709,0.3296561883028957
92710,0.2497242994490833
92711,0.7362594105300632
92712,1.1529616353668428
92713,0.2404168947631527
92714,0.5108192218462632
92715,0.3667398860493719
92716,3.1204621256050538
92717,0.04915943189304154
92718,0.8452575338531333
92719,0.8396740319789835
92720,1.3656940159493054
92721,1.8340260547374865
92722,0.6900284759304058
92723,1.392337274506682
92724,0.05914031633486287
92725,0.4265959052052239
92726,0.5880700292879246
92727,5.767223061674015
92728,2.411895307885497
92729,1.32456847569981
92730,0.127006002111975
92731,1.7067945410253733
92732,0.9202742480751356
92733,0.23368754713720383
92734,1.7485577354046962
92735,0.04509153457319459
92736,11.952848057176437
92737,0.19417718577236773
92738,4.679211555525115
92739,0.4729374859332769
92740,0.5216903042993764
92741,2.266959460196927
92742,3.72966892788619
92743,0.2597688019023905
92744,0.04658618917735684
92745,0.31806046114721004
92746,0.7828746453877747
92747,0.17502173389165412
92748,0.2585979222539584
92749,1.7057218419946139
92750,0.8029080230320607
92751,0.815336502441615
92752,2.6596845929989463
92753,0.9493598288455345
92754,0.5589948167507844
92755,0.6631916225201934
92756,1.2494027644191013
92757,0.28274500372509076
92758,0.9003972133661047
92759,0.6671627242203594
92760,0.35907475085384183
92761,0.2664757547629398
92762,4.061059054656524
92763,1.9833562488901066
92764,1.2776980843009922
92765,0.2907881649466425
92766,6.283492747765631
92767,1.4880752728275326
92768,1.3155821952801263
92769,2.5429866501898597
92770,0.625091233266195
92771,2.8928617769490983
92772,0.7855251158405216
92773,0.3283881630814607
92774,1.6317132070120335
92775,2.7487573750344745
92776,2.6252726330359337
92777,0.3519771789096167
92778,0.052330768545578187
92779,0.9203668993558425
92780,0.034778453003005756
92781,0.0723168391456723
92782,1.5795938230658486
92783,0.2842116860399913
92784,1.8649947750091636
92785,1.8933456376226356
92786,0.4545149724114835
92787,0.5968138001327954
92788,0.09333159775483892
92789,0.14429771070204125
92790,0.7793970748730417
92791,0.5631154670998635
92792,2.7799527925220424
92793,0.08738890526774064
92794,0.8391082646514137
92795,1.099699487153421
92796,0.0268243162505808
92797,3.167542736721818
92798,0.8194488948620806
92799,0.25394508294007423
92800,1.556751533686229
92801,0.34714476707391945
92802,0.2559814879232104
92803,0.3252321436057507
92804,1.0861935535277634
92805,1.2191110260064015
92806,0.9493678306657538
92807,0.2670121226422214
92808,0.1887757025401854
92809,0.2735455604557408
92810,1.1810785073536083
92811,1.4883621219137644
92812,0.06355457442693427
92813,0.9974663886574663
92814,2.8561299234987625
92815,0.8692222071084742
92816,0.80079959243473
92817,2.558420121907941
92818,1.6367624350998478
92819,0.27070203908651325
92820,1.1230553826300598
92821,0.18224867366214062
92822,0.8470752243460152
92823,0.47703483346717895
92824,0.6409473296320635
92825,0.31163924085654415
92826,1.500906979473067
92827,1.415232548321699
92828,1.244327002196274
92829,1.1806893397035718
92830,0.21075486960598022
92831,1.7259674492043358
92832,2.580299743301311
92833,1.4615967585917002
92834,0.17799513421309726
92835,0.6368813497412764
92836,0.5945194226435738
92837,1.2639356643677373
92838,0.4965887162056737
92839,0.28558523816977965
92840,0.20679952528870252
92841,0.114140574915305
92842,0.2692456759265856
92843,1.7001518641082662
92844,0.7863362837819023
92845,1.4710036031876963
92846,0.7960475859851797
92847,0.6888476409941864
92848,2.440863853267206
92849,0.3329904416907453
92850,0.12931362634373414
92851,2.1059037481198355
92852,1.5380217118708583
92853,0.3699033980209887
92854,5.085108790545983
92855,2.0164763000685784
92856,3.8025371395996546
92857,0.745116160247076
92858,1.4005625529863854
92859,0.6633904922457845
92860,1.3231499802323154
92861,0.44747336327597026
92862,1.1032813365084884
92863,0.19542894169904768
92864,0.08665432725235088
92865,0.17342002459817948
92866,0.7584387909170692
92867,0.04368245059077453
92868,1.7535462861481985
92869,1.0415730319879624
92870,2.4676069919698818
92871,0.06138832659860987
92872,0.27845337110463875
92873,1.7778913862592653
92874,2.1789430911258334
92875,1.0126807917456928
92876,0.7520773601882489
92877,0.9611336434095161
92878,5.285583317489438
92879,0.5102829067261674
92880,0.6679156601557479
92881,1.3436488667489952
92882,0.4552982812376606
92883,2.6154884836734493
92884,2.0965066384708675
92885,0.5760139416007652
92886,0.15284592924352502
92887,1.0749485774105925
92888,0.13045534489682722
92889,0.1781130889311318
92890,0.5334903564566826
92891,0.7154220822146791
92892,0.7722117974665996
92893,0.480997205101534
92894,0.26481498195360403
92895,0.07248991827903456
92896,0.3217608864297389
92897,1.2763704310466946
92898,1.4928808706907695
92899,1.05905542884642
92900,0.07418733925543684
92901,0.5478767913400647
92902,15.793093312464997
92903,4.60733140354845
92904,0.521109704909559
92905,0.733887274658444
92906,0.6151581636647468
92907,2.692129441902015
92908,7.208711523213187
92909,0.3080634619849201
92910,0.12089055726199538
92911,0.2568581028223548
92912,0.5810517632889123
92913,1.3308121394002903
92914,0.6128463709687411
92915,7.344825258702216
92916,0.04504039126821313
92917,0.9605271247215317
92918,1.3642140269790717
92919,0.6973719009163273
92920,1.3448168712276558
92921,1.6531307315551507
92922,0.4573541555710854
92923,0.15450456596628998
92924,2.549001973923942
92925,1.152785318067059
92926,0.9345007283927396
92927,0.8054964916331089
92928,1.0284947554653998
92929,0.7888176512397004
92930,2.068392306500553
92931,1.3960453218949653
92932,0.09297256802107506
92933,0.40611650227633356
92934,0.6573724389498898
92935,1.7034279435236885
92936,5.129822452643083
92937,0.22277359243874578
92938,2.2260349956282397
92939,1.704830433648494
92940,0.22451517751780203
92941,1.0781657930502078
92942,1.5494679837994905
92943,2.4628961067400814
92944,0.9634511243439514
92945,2.2843892428815677
92946,0.07820541776499254
92947,0.8012175491531661
92948,0.12220202147160429
92949,2.707036059278036
92950,0.13026148063017004
92951,2.1815852059908276
92952,0.19314203259105403
92953,2.1748773778886634
92954,2.2029440438003176
92955,0.1329164726649427
92956,0.5387219323896975
92957,0.7078041781975835
92958,0.388235070596491
92959,0.8742276029834021
92960,0.0829036820285273
92961,0.30872023960033107
92962,0.33835668330126445
92963,0.12074573203476338
92964,2.0579000265868017
92965,0.4039153834527993
92966,0.24283094479485576
92967,0.4601902771859278
92968,0.07952003159420375
92969,4.2064291311061925
92970,0.5927090798760414
92971,0.49843391645951113
92972,0.6075734145388958
92973,0.7678852023888869
92974,0.7433776173716345
92975,0.3581932279394374
92976,1.5928808938033585
92977,1.9424245739662604
92978,1.436199836436532
92979,1.5310885844385063
92980,3.3488254947909324
92981,0.9521353523961704
92982,0.16931912978372451
92983,1.3909431824540708
92984,1.1672296488601852
92985,0.5800605779754976
92986,0.04318626617527131
92987,0.3029040810034791
92988,0.6618352282094044
92989,0.3545845654533516
92990,1.8863506224348212
92991,0.09294258135606712
92992,0.2452007979933738
92993,0.8269048959211165
92994,0.14832735705367983
92995,1.5320121125413066
92996,4.163164506961846
92997,0.6025057186886268
92998,2.890745410765535
92999,3.300061252700934
93000,0.9932623296456136
93001,3.8728493846587173
93002,0.09053556068355409
93003,0.749464069855499
93004,0.6478621581549957
93005,0.3969063430333436
93006,1.0054960775942114
93007,3.6326975621399167
93008,0.5681669694652066
93009,3.1301389908159707
93010,1.5374934921616956
93011,4.444285876497496
93012,0.11720129522519937
93013,0.14444499176998588
93014,0.10898437987604935
93015,2.1665236914501547
93016,1.217832052868523
93017,0.938777397626866
93018,0.1574444716778027
93019,0.2784466763100372
93020,1.435721522923953
93021,0.07202490300758085
93022,0.47387067216168965
93023,0.19186155775289496
93024,0.6278226495449122
93025,3.686731566803347
93026,0.5492112704192197
93027,0.5361057587200869
93028,1.019670832203391
93029,0.28583161750832264
93030,1.0850909900522985
93031,0.06942927904116152
93032,0.14694813782160024
93033,1.058497557739477
93034,3.3017781562246737
93035,0.9645471754978834
93036,0.7861624122518888
93037,0.21871927968319177
93038,0.114256124242008
93039,3.604306997232219
93040,0.199399522311322
93041,1.6008894961524252
93042,1.204713845962376
93043,0.40175758162679037
93044,0.18449032520857633
93045,0.1829695524168875
93046,1.0884286872076125
93047,0.6678145200616414
93048,0.6300080061407763
93049,5.727130263388482
93050,1.9071546586950725
93051,0.26956402754697867
93052,1.1341630857058715
93053,2.710526792081377
93054,0.8715908307216311
93055,2.4489439758300877
93056,0.16013468164708708
93057,26.333482988764853
93058,1.2471155474819327
93059,0.7711194916204801
93060,2.307687483510728
93061,0.7327705766872308
93062,5.343165728878717
93063,2.2009155638201534
93064,0.7319705948650878
93065,0.6180992409904286
93066,0.7647268799990083
93067,0.4799381043055938
93068,0.4959515565147821
93069,4.874929482752334
93070,0.2696833386107431
93071,0.5447176968854877
93072,0.8139628700512224
93073,2.946029729898544
93074,3.89596681993207
93075,0.14873936431422596
93076,4.305952366708911
93077,2.756632714405477
93078,1.0202940797716393
93079,0.14071256076446212
93080,0.31735814840241877
93081,2.299731834013081
93082,0.035821192081310134
93083,0.3756463454174583
93084,1.8257011537617975
93085,1.7649636081877533
93086,0.2365787455640888
93087,2.743640467785913
93088,1.1946489428048164
93089,0.09147037032216827
93090,0.13468576915131852
93091,15.916428370155957
93092,0.2714880862312016
93093,0.3606030594620276
93094,0.7606809490845281
93095,0.1759737057816267
93096,2.6712800061955235
93097,3.1997211664272576
93098,0.10789133301935028
93099,0.19355941549040462
93100,4.207612163202156
93101,0.3388747740529489
93102,0.1923293773582081
93103,0.49474492818499344
93104,0.7807386254615798
93105,2.0943094273431426
93106,2.1772920374988156
93107,1.5793081671396991
93108,0.4003067473639635
93109,1.0732246516736892
93110,1.9073620659467507
93111,2.135621718415667
93112,2.682132569982747
93113,0.1753290668434431
93114,1.7980591451494612
93115,0.6755976936712036
93116,1.4306096090598828
93117,0.24270474711289666
93118,0.1596194953066791
93119,0.1063207767109221
93120,0.2726184388571661
93121,0.5819635413074452
93122,0.7543836248719068
93123,0.3557107248778242
93124,0.7044017521254113
93125,1.6276294937192706
93126,1.3446956223493505
93127,0.14696470647619142
93128,0.9495115281289066
93129,0.8655016057558975
93130,0.26732783704455454
93131,4.802306125630516
93132,5.9517919466723255
93133,1.0309525455176074
93134,0.044489117256214274
93135,0.367365192000579
93136,0.26974534050413573
93137,0.19306287991087281
93138,0.31411674285260527
93139,0.46212484614919647
93140,1.923255786628626
93141,1.284693664195946
93142,2.0738641487826537
93143,0.23415097877459767
93144,0.5074839506506639
93145,0.12964645103869768
93146,0.2794183443107418
93147,0.4307704281082299
93148,2.2778295364924324
93149,0.06686831234334184
93150,1.0382450775440069
93151,1.5329840771318413
93152,0.7085413565117882
93153,2.7557461981460234
93154,0.3467430010753531
93155,0.3124405359971093
93156,1.4823739616609009
93157,0.4296204573827534
93158,1.25817164741269
93159,0.8751159522942134
93160,0.1304434014714062
93161,0.30069061578087175
93162,2.709994977981886
93163,0.331473745456351
93164,0.2757744161451178
93165,0.09723790160152934
93166,0.16374153844857556
93167,3.088576099250196
93168,0.5343528680819323
93169,0.22669610256282602
93170,0.2549193473772851
93171,0.26466400001881446
93172,0.9538226082525806
93173,0.7166801636835353
93174,0.11151225159401112
93175,1.0162916725699167
93176,1.1123900009736338
93177,0.12502195454024045
93178,0.9544031061866135
93179,1.0600418280973136
93180,1.702312715829461
93181,0.8326718922068854
93182,4.211302802741137
93183,0.7156252816257113
93184,0.45488018305988875
93185,1.8420283640100559
93186,6.732197971172569
93187,0.5171176941441074
93188,1.0512728099825002
93189,0.14578847958221638
93190,0.45446531608471336
93191,1.9227903278894347
93192,0.9568581252082834
93193,0.43337017752185797
93194,1.6536116099549374
93195,2.2868622277230375
93196,0.5719103055749936
93197,9.549737235877481
93198,1.1468497923076115
93199,0.23260369614427728
93200,0.7949991924837672
93201,0.22571538335437005
93202,0.12860376308592594
93203,0.4861316169169587
93204,2.0047532913514416
93205,0.8160936617840151
93206,0.36565484312460983
93207,0.10163949405091394
93208,3.722218938383656
93209,0.2187271024114297
93210,0.1312202848918446
93211,0.2825957657593497
93212,0.5069828989513043
93213,0.3190234126855486
93214,0.11831278096464302
93215,0.13756619852483493
93216,0.1273354300519893
93217,0.2506317349656787
93218,0.6312430225773894
93219,0.31283228120880796
93220,0.7155079583893131
93221,5.242905800677654
93222,1.4525038103194456
93223,0.7764767051639135
93224,2.9532665946018493
93225,0.5392248913556703
93226,0.7612614669553919
93227,0.3526248562522453
93228,0.19224101071326902
93229,1.0436281637110665
93230,0.8700172912351002
93231,0.5162484073643419
93232,1.3845005119363822
93233,2.6794603035661977
93234,0.6929649949103197
93235,0.4425375040445289
93236,0.43208060081321387
93237,0.4405106014664006
93238,0.5188627337297063
93239,9.375521040437363
93240,1.2833517082900392
93241,2.124563505033126
93242,0.1343361725899263
93243,0.507062660397587
93244,0.9808150335877309
93245,2.180439684598686
93246,0.12118491783858547
93247,0.3606750459641254
93248,0.4505613034490922
93249,0.4118622119586955
93250,0.10388015363077735
93251,0.3585039994522247
93252,1.0609213778596083
93253,0.04304310960337573
93254,0.7366583594365095
93255,0.26015326148607404
93256,0.16417486102365336
93257,1.3578589499975466
93258,0.32393556953884567
93259,0.21484549582617812
93260,0.7486306490193373
93261,0.1427820588616395
93262,0.8685819027500439
93263,0.4781150681621421
93264,1.4711034750609235
93265,0.32090361245213445
93266,0.28731341700928315
93267,1.2040367890839194
93268,0.9991351026716664
93269,0.16618115876476727
93270,1.8143430538150007
93271,0.3315115123309858
93272,2.958996437942314
93273,0.17082867511433023
93274,0.3547260251039186
93275,0.9269538229275154
93276,3.553485085411618
93277,0.520625206142461
93278,0.20468737181704924
93279,3.1795827639190093
93280,3.6750543270334712
93281,3.0805350584507454
93282,0.16213186013904082
93283,18.9878509855641
93284,1.8600428132301703
93285,4.40555889839607
93286,0.5027161656659137
93287,4.927660294266014
93288,0.1709987186313322
93289,0.05817209714780552
93290,0.5250073630839749
93291,0.4208143077864455
93292,0.2932416443861206
93293,0.6300185516871966
93294,0.42539432825071655
93295,0.9953976766199459
93296,0.12670155522027476
93297,0.1875932648866968
93298,3.1008542918977935
93299,1.453834522890622
93300,0.5642782418747321
93301,0.2386042872466837
93302,0.5018969856923605
93303,0.44792751761045557
93304,1.945551271321693
93305,0.8228370459105048
93306,0.12272590891567597
93307,0.15059365724543944
93308,1.1499486580799836
93309,1.4678695749859214
93310,0.8938805466896768
93311,0.9386971971535407
93312,10.268820646181128
93313,0.43657770143080615
93314,0.9638590857510042
93315,0.5486721980585391
93316,0.16530010455769845
93317,1.651586204502794
93318,0.5497570126179578
93319,2.641126334146579
93320,0.3477558091681982
93321,0.30557821746867636
93322,0.4929942144838806
93323,1.2218400049044607
93324,1.6195766598947474
93325,0.08468702957838191
93326,0.16022599103133844
93327,0.476119693664785
93328,1.1064429329522254
93329,0.162104750116119
93330,0.6050742032898815
93331,2.831642989339791
93332,0.11852824472572257
93333,0.7809962103096196
93334,0.45097132749576896
93335,0.23290252813883328
93336,0.253003225362221
93337,0.49802614238731246
93338,0.6501144348043464
93339,1.1607934006562852
93340,0.4911693378125122
93341,0.7192747082839758
93342,0.8682540856111506
93343,10.859714410869154
93344,49.62444872638281
93345,0.8658793222722593
93346,0.04208406157503359
93347,1.33908621834176
93348,1.2894195797322852
93349,0.8865031067979664
93350,2.83029800629013
93351,0.5252796373755573
93352,0.7050296042429235
93353,0.18184650893825302
93354,0.08759255084715556
93355,1.1404060589802196
93356,0.39710233556243446
93357,2.158044640674752
93358,1.7640420682795703
93359,1.7038815697675722
93360,1.2619785253961777
93361,0.09863729059945266
93362,0.08869106545589163
93363,0.4976773524577146
93364,0.23859603499599288
93365,0.2183125234024097
93366,0.2703961141199795
93367,1.2009511209771413
93368,0.6927516317872698
93369,1.8808464961012057
93370,1.7920943691630156
93371,0.3256850715367892
93372,2.9462301513885882
93373,0.3194704924143345
93374,0.4015205068218606
93375,0.25684006084377625
93376,2.183470827219145
93377,0.19894535272688119
93378,0.2268752642338901
93379,0.7074218335597497
93380,0.5463302803014295
93381,2.102575588735462
93382,1.7881004635234041
93383,0.3400733959437678
93384,9.619439847116475
93385,4.099529112990293
93386,1.2395999406230591
93387,0.041814543999437306
93388,0.7703360579833542
93389,4.191998901334736
93390,0.4774877460501719
93391,0.7895718451697407
93392,1.2337396865530414
93393,1.2593617352597024
93394,0.16866019542003868
93395,2.1232103727043428
93396,0.17072236634265692
93397,0.3617270886919275
93398,1.5928397180460732
93399,0.3807361720502876
93400,0.4571238455370161
93401,0.4595414447499181
93402,0.8557102969193533
93403,0.21776266453249074
93404,0.14176328596508858
93405,0.6481349566721973
93406,1.4832280329007161
93407,1.7065808831034701
93408,0.4946983483969167
93409,3.4170215838478484
93410,2.3421726594975234
93411,0.6145084397017653
93412,0.12128196767847141
93413,2.1441469745001993
93414,0.09261610070564495
93415,0.7833658119394388
93416,3.6562051799921154
93417,4.071342347419913
93418,0.8208721052824498
93419,0.706740073862502
93420,0.24530799108550994
93421,1.1672381147804682
93422,0.6138217752863064
93423,0.3413941895450501
93424,0.08307771907637233
93425,0.47966461821157935
93426,3.638570232929491
93427,3.0365425995998216
93428,0.2852218227311027
93429,0.3718152468293051
93430,1.278326707300183
93431,0.7782768116330113
93432,1.2610157502391874
93433,1.2509803623624638
93434,0.8938608934075725
93435,11.096603977953993
93436,0.3294794785172572
93437,1.7588841238891908
93438,0.044043320576531236
93439,3.2401809094102836
93440,0.7943207756614648
93441,1.2629861525793409
93442,0.571362020579528
93443,2.7002590967172004
93444,1.2177244710184463
93445,0.41029237112256645
93446,0.3519996012092095
93447,0.8194725324476884
93448,0.25002044748325575
93449,0.38596280544843853
93450,0.14775188181030488
93451,2.045206307378977
93452,0.193575925195308
93453,1.5259288349606523
93454,2.3650199574111057
93455,1.107667595212955
93456,1.406332076815152
93457,0.13619027880673942
93458,0.4572572779584393
93459,0.23704476301135655
93460,1.3737750438090834
93461,0.9531777753786856
93462,0.12923308344495996
93463,1.322207723048539
93464,2.3100421795253134
93465,1.325782117953697
93466,0.3866204233213286
93467,2.0145411639348962
93468,2.02326460785126
93469,3.2568639868635763
93470,0.27963341255838753
93471,0.48077990021768546
93472,0.4390927828132683
93473,0.33052541185322093
93474,1.81450702484138
93475,0.16170393306399275
93476,0.7352966511141953
93477,0.3085722877729821
93478,0.664733060163725
93479,0.6591145748702614
93480,1.1737037792017673
93481,1.1296149245473033
93482,17.877006830718262
93483,16.386048983944942
93484,1.3759867426634529
93485,0.5392300097860601
93486,1.126257688115548
93487,7.58091967596279
93488,0.7880961446234398
93489,0.21718685663050225
93490,0.6217499120597128
93491,6.9013513930645285
93492,0.18090521120666528
93493,5.9185119786712646
93494,0.25223546147189263
93495,0.4915581422902462
93496,1.3326884404329458
93497,0.4966970703643464
93498,1.2112287949325977
93499,0.9949966019700166
93500,1.1330902627858328
93501,9.861376276714294
93502,16.50377245757859
93503,23.60475978451672
93504,0.6841864460903014
93505,1.0812689710130867
93506,0.6968801651202554
93507,1.0673394968647396
93508,0.1857309749765724
93509,0.341793500243889
93510,4.032365263923286
93511,2.7203724145827226
93512,3.0246005368094973
93513,0.5516836743464696
93514,1.0286124652680373
93515,0.8867231753242457
93516,2.7075359478884877
93517,0.2535005492088804
93518,0.5870695000641393
93519,0.5038441346231088
93520,1.7461496226318376
93521,0.4848371377485098
93522,3.8502847394730186
93523,3.0752684530166907
93524,0.467006706632998
93525,0.21840680699168785
93526,13.89578769574075
93527,15.386212409263106
93528,13.63375808268955
93529,3.5378464338239954
93530,0.22233446289535977
93531,0.24869044728740947
93532,3.3481628403701946
93533,0.1162687546652947
93534,1.8225229665336382
93535,2.074017413912223
93536,0.9604298852135134
93537,0.04470410008688234
93538,3.585252391197095
93539,0.5817827666308802
93540,1.9011417499449328
93541,1.2111214811184765
93542,1.2883050568386514
93543,5.607891297626117
93544,0.08333652238559369
93545,0.741702782893691
93546,0.10937710783304587
93547,1.3338564762061516
93548,1.7619665302558123
93549,2.003413200979235
93550,1.2984764480873314
93551,1.3008906991992233
93552,0.4320748816419108
93553,0.26999053045246874
93554,0.3965684006472665
93555,0.4505368162506357
93556,0.15963336562139008
93557,0.6744130188395612
93558,1.9915136644884508
93559,0.06904591660869736
93560,0.07690324863024424
93561,1.3539866096977504
93562,1.140831502530976
93563,0.8005383887906725
93564,1.1512225327031513
93565,2099.0762757819616
93566,0.6783590269496435
93567,0.2184389175261846
93568,0.2652498695950242
93569,2.8126658645333062
93570,0.8592864733479595
93571,0.6932337868236583
93572,0.21899589707486436
93573,0.6899125565592423
93574,1.359613754100764
93575,0.6052901673876542
93576,6.433121704873442
93577,1.1932347514414239
93578,0.9177396063478541
93579,1.5710499547762184
93580,1.6320272522166717
93581,0.10381322043555027
93582,1.5548183948710503
93583,0.18925767220045905
93584,0.9613400070327002
93585,0.5342074606299213
93586,5.8955210367948325
93587,0.05988649528192808
93588,2.171651187973248
93589,4.372221385207915
93590,0.737599099963691
93591,0.7036261146957206
93592,0.7163950309150813
93593,0.5984440192112868
93594,1.3571244151048232
93595,0.9150377394969543
93596,1.162936139902836
93597,1.0158006204436996
93598,1.3966338470009616
93599,2.0099991388588236
93600,3.2494011496144592
93601,0.9406333964258
93602,0.06663801066201581
93603,2.608155055072417
93604,0.1391605873382961
93605,4.254745948853213
93606,0.18782857174725673
93607,0.8598305254639748
93608,2.099851130907819
93609,0.4925844393254868
93610,2.022697782561675
93611,0.2378969951593963
93612,0.9351581967843338
93613,1.2010650285257145
93614,1.2084209887435309
93615,1.5704741816435712
93616,0.41414494008819447
93617,0.34538557455951524
93618,0.6472827353127399
93619,0.09692794081464265
93620,0.3473387622771889
93621,1.5072803395146872
93622,2.827578387989108
93623,1.2173711853994298
93624,3.1897699168934976
93625,0.7320735955723046
93626,1.0662532765427561
93627,0.5220174273243842
93628,0.7425737559013275
93629,0.4753080760371279
93630,0.6944234715476151
93631,0.5179371708941338
93632,0.12021247858308474
93633,0.7787205134654032
93634,0.35984053978862496
93635,1.195928026318498
93636,0.27269239099630627
93637,0.5401072424181833
93638,0.5490762307575879
93639,0.42055521074288443
93640,0.6755543934901018
93641,0.20500502599670029
93642,2.516641625345332
93643,0.1364148346251229
93644,1.584632932703608
93645,1.6519236075086583
93646,0.08327066465349821
93647,0.4332438206557976
93648,0.1327459653536191
93649,2.136521330922657
93650,0.3179096177366472
93651,3.7993406231649507
93652,1.0868116264595327
93653,2.664738683837341
93654,0.07126318857270435
93655,0.21549091786777494
93656,2.9314378961744496
93657,0.8674674170312523
93658,4.22131840725326
93659,0.6353870672166
93660,1.3906186379866452
93661,2.955717096113202
93662,1.2823727874676636
93663,0.08067023753240928
93664,1.2612544401494554
93665,1.2446784798619088
93666,0.41098798639820056
93667,1.0512847125227114
93668,0.11465928692920667
93669,0.193402476994842
93670,0.10112376868926079
93671,2.0924924863552707
93672,0.17242190012471006
93673,0.5381822051147115
93674,1.8697033629601734
93675,0.6443559542681043
93676,0.7856541017591085
93677,0.11413270245485221
93678,12.690505926344372
93679,0.3143275485850213
93680,0.7695306085950925
93681,1.3399453588054318
93682,0.4762625735995588
93683,0.07049266590611034
93684,1.21356595490665
93685,1.2559589847223878
93686,0.0880531374894147
93687,0.7000208371647715
93688,0.9111196600521869
93689,0.30214699860868327
93690,0.05937976985513524
93691,0.11410972091250246
93692,2.911486653033619
93693,0.7071653398488202
93694,0.4473374955416219
93695,0.2844150938830002
93696,0.6206127323929814
93697,0.38988455089079216
93698,0.7065702259622169
93699,0.8889230049362065
93700,0.9751497689858163
93701,0.1626138428461733
93702,0.2357261119786548
93703,0.2562233711665932
93704,1.2498483496824924
93705,0.9147435950824138
93706,0.7342417386468735
93707,0.7450486733951301
93708,0.09372422841082337
93709,0.6608413145315151
93710,1.0963950292024953
93711,0.4581721185626929
93712,0.6145616253925983
93713,0.7632970930745528
93714,1.907275112991185
93715,1.5236189637169546
93716,1.0990932576028205
93717,0.20010348099997788
93718,1.135969009264394
93719,1.7717573931120534
93720,1.1563884852220028
93721,0.1187119044273273
93722,1.7034990286953706
93723,0.4033969490721733
93724,0.6292486428836898
93725,0.14220561620454625
93726,0.7337076641089959
93727,0.2448515936720906
93728,0.3180440240218269
93729,0.8726030535367455
93730,0.32541527207386395
93731,1.6517901920607025
93732,1.9407561624343441
93733,7.897858362965134
93734,0.5791594286511768
93735,0.17544940118898872
93736,0.22750953799445103
93737,0.7517978490598498
93738,0.8045695875369574
93739,0.13524283453655203
93740,0.13258377570577506
93741,0.28144919029863497
93742,1.4960041146803469
93743,7.600001972230663
93744,2.3687883755090815
93745,0.6634130702528114
93746,0.9789551231898982
93747,0.48091408165971683
93748,1.3222253008147198
93749,0.4596568840868515
93750,2.7501375946100675
93751,1.3641149900300054
93752,0.6740890675124146
93753,2.157984055555245
93754,1.681670064333415
93755,1.562319209979372
93756,0.29147609666494423
93757,1.8233021862014167
93758,1.6126137926893982
93759,0.5484315982750916
93760,0.07779706058958318
93761,0.40207668665722684
93762,0.20960041930654894
93763,1.9018223803911547
93764,1.401274093868035
93765,1.3922562302209047
93766,2.2451296180681313
93767,1.7122848242191742
93768,0.4665505248006271
93769,0.913789894584347
93770,3.0671252475371484
93771,3.1659138242752305
93772,0.045497220354094446
93773,0.6261053178187168
93774,1.4711717407815355
93775,2.398555053821893
93776,2.0168589496010076
93777,0.9775935880927932
93778,0.05086758084352334
93779,0.6314771638276064
93780,0.6148544252930419
93781,0.1261656562994907
93782,0.2223890826574934
93783,1.3333131870236674
93784,0.32977867202798533
93785,0.16053442305611906
93786,2.3167999369263486
93787,1.8018176684837244
93788,0.08254546759531532
93789,1.0296578518761426
93790,4.927580592540028
93791,0.9992486614150045
93792,0.18662777650538875
93793,2.2274841238172645
93794,2.374625274714524
93795,0.19821990074740775
93796,1.0242164190923644
93797,2.708058481174096
93798,0.9440769565072947
93799,0.6102058437021114
93800,0.13959929582109437
93801,3.4187323294300636
93802,0.03880261723058476
93803,0.251898813490899
93804,0.4185835577396398
93805,0.07875096680875317
93806,1.9194583996696934
93807,0.26370057275013276
93808,2.7694420659794123
93809,1.3947919203678998
93810,1.6745979108171627
93811,0.47241933076295334
93812,0.32372839726278546
93813,0.6885310053739213
93814,1.1651792842179582
93815,2.0824131194176374
93816,3.110502608464702
93817,2.4122741010920916
93818,1.601158351197597
93819,1.3668504710409213
93820,0.9686623640839609
93821,1.4728854707271504
93822,1.6374054016579063
93823,0.39574341908363136
93824,1.117671122412251
93825,0.2556806846999162
93826,20.2130504373794
93827,1.8503632391209262
93828,6.476464794858225
93829,0.5122909499791402
93830,0.22542474468395127
93831,0.022851185369474957
93832,0.0201230837524634
93833,0.8864210261515129
93834,0.9538402448368324
93835,5.0656171735480635
93836,1.1731802633896944
93837,0.07488917480188809
93838,0.7148719380182719
93839,1.7125804915922793
93840,1.8162479911771432
93841,1.2839381625675088
93842,2.572037811768523
93843,0.06264602376030994
93844,0.3841512407308692
93845,0.20910866908781497
93846,3.02301744193694
93847,0.3466618861564384
93848,0.7952477844078909
93849,0.15924404680071919
93850,0.3988232594059817
93851,2.351899938901084
93852,1.754945879322385
93853,2.4120017540313996
93854,1.2093820606727732
93855,1.3723060634317092
93856,0.08319027744838771
93857,0.4637576653988669
93858,0.2456774706681304
93859,0.37714234591486256
93860,0.7381172204243982
93861,1.9622212784679927
93862,0.3454021785950742
93863,4.325504029207569
93864,4.355293781099724
93865,1.7130692737747042
93866,0.11288640042674476
93867,0.1975315867677956
93868,0.6048131340508079
93869,0.19397546230536555
93870,0.23804602102855765
93871,5.61485740417069
93872,3.0540335686134075
93873,2.41755776728633
93874,0.28084146695877654
93875,0.3345462255365132
93876,0.9799999238820276
93877,3.1364870859349088
93878,1.0555225659466925
93879,0.14860780630701667
93880,0.9356014475428585
93881,3.767668632098471
93882,2.975334530867168
93883,0.4626699819215277
93884,1.1019225540895368
93885,0.6357872034390584
93886,0.9002925128169711
93887,9.406424635430062
93888,0.09901833820153019
93889,1.8969611592503088
93890,0.34912487404312187
93891,0.575808917470135
93892,0.4832051526073043
93893,3.112854646448381
93894,1.6082734122985776
93895,1.7902477605379068
93896,3.0529713282996296
93897,2.9320611119540887
93898,1.1146319943901164
93899,0.35969827892710904
93900,0.47596415536370773
93901,0.10168108838774034
93902,0.448572406706953
93903,0.10353552178284094
93904,0.44612210641684463
93905,0.6969906931141695
93906,0.9666168290466118
93907,0.840713899498376
93908,0.17696404727268183
93909,4.111897414179592
93910,0.14802498737997163
93911,0.4988216188548482
93912,1.8455664069359696
93913,0.12279031409705454
93914,1.8589625395490335
93915,0.04292445361542212
93916,0.7944244210684981
93917,1.60075669164984
93918,0.3827760996306117
93919,1.301601556064516
93920,4.013152500565077
93921,0.7188408381095951
93922,0.39178080448418173
93923,0.13421838984866769
93924,1.545067586722739
93925,0.8162786520966648
93926,0.28317935663384375
93927,1.084728244396884
93928,0.27031411228536556
93929,0.43998967319438653
93930,1.979642629091008
93931,0.6971414172420991
93932,0.08819709727392157
93933,0.530644045820792
93934,0.8356561272216869
93935,0.5754779228487333
93936,0.23558631487640153
93937,1.078143703794863
93938,0.2069340091163283
93939,0.46645320411436947
93940,1.4410002976509908
93941,0.2594059781312946
93942,0.4015955126756025
93943,1.4685812705717178
93944,0.39429464963756267
93945,1.860426110634063
93946,0.41377044566660975
93947,1.0885234039524088
93948,1.7648771735119266
93949,1.0534135665048203
93950,4.440802108337168
93951,0.361214116919941
93952,0.02082874301440313
93953,0.6627064635816294
93954,0.6242887904247789
93955,0.6595480654782442
93956,0.6618075168365267
93957,0.5193820314459955
93958,0.36788429093548464
93959,1.09101563457122
93960,0.21402672581042567
93961,3.8159456029986187
93962,2.010856213114472
93963,0.8553534908388939
93964,1.1077821563211225
93965,0.6600286227968756
93966,0.6073601561288272
93967,2.6260459298688126
93968,0.982330762776021
93969,0.6821193895296379
93970,0.10174660874524577
93971,2.4373729147671455
93972,0.3028542862831034
93973,0.29615081160362877
93974,0.32760674004733686
93975,0.0999104857484614
93976,0.3244886151860778
93977,0.5469636470852284
93978,1.004594941430298
93979,0.5567191035244025
93980,0.8362839499591287
93981,0.5987113206517508
93982,0.3372906584354215
93983,0.19188090466023777
93984,0.18427925404754067
93985,0.5580908257378598
93986,0.2485012308946423
93987,5.211423258442123
93988,1.5737471706849313
93989,1.7829015448619736
93990,0.07840192176572798
93991,1.2850314629723572
93992,1.2510401143943937
93993,2.143639198049998
93994,2.9085225721471604
93995,1.5115938999297853
93996,0.979082955429293
93997,1.0252417971379468
93998,0.39759598873192714
93999,2.2738584636313157
94000,3.028618817319384
94001,0.4706050561071225
94002,1.5267921508403266
94003,2.43965131165068
94004,0.34566111726584176
94005,0.18100691247603495
94006,1.4194663513904815
94007,0.23547254626758096
94008,0.1082769099156777
94009,2.017913138149609
94010,0.22523027040586818
94011,1.401410137279395
94012,0.39710687476374046
94013,3.771344971119961
94014,0.6359828557873544
94015,0.7192473101679614
94016,0.3295028678582598
94017,1.0266757898081702
94018,1.0185034029019793
94019,1.2634607906694648
94020,0.10010734640914326
94021,1.3808414339783601
94022,0.46433504752378496
94023,0.45562132744087036
94024,0.7889326006962718
94025,0.0772699930103499
94026,0.09276135253096343
94027,0.6138930748789173
94028,1.8148084814366192
94029,0.5996095950224227
94030,0.8040001301233047
94031,0.2701034430658425
94032,0.5066090452599242
94033,0.25978067124837384
94034,0.27624085906528006
94035,0.2769728235838955
94036,0.3834531171287076
94037,2.179506958688163
94038,1.6068345572817624
94039,1.0412362149976635
94040,3.651675182889539
94041,0.03548749509558867
94042,1.5118706101230648
94043,2.490112757542009
94044,1.6505364597571008
94045,0.2455461760002955
94046,0.9625449434455118
94047,0.4439667992671517
94048,0.8514160149608587
94049,0.30517283634986847
94050,0.3744460040965251
94051,0.21348449062923056
94052,0.45736739449928804
94053,2.2572433125388254
94054,0.12574332711598518
94055,0.2356135826116112
94056,1.043620227357564
94057,0.9417105134800168
94058,1.494427974148093
94059,0.5346530674166212
94060,1.2719663111281525
94061,0.10291359630652323
94062,1.735577545386172
94063,2.43094328009107
94064,2.387986938763677
94065,0.46921679714879216
94066,0.11200198217439009
94067,0.8468152169929114
94068,0.4917461796064524
94069,75.64358846551352
94070,1.8606485174383445
94071,0.22591856625995962
94072,0.7345989629672778
94073,0.08593544840660784
94074,0.2936518540353914
94075,0.594540161585113
94076,1.1589522826064333
94077,0.3977836799553972
94078,5.545904346623082
94079,0.22512422526254028
94080,0.7273550102127548
94081,0.06640573323695219
94082,1.091253006077921
94083,3.39211128040986
94084,0.3229845116339953
94085,0.6535349517667723
94086,0.3558278140020809
94087,1.0697757702957247
94088,1.9143644884804645
94089,1.384863271982217
94090,0.2272849006340622
94091,0.7599080725290385
94092,0.3031675241910818
94093,0.2137006837302819
94094,0.6021866891624557
94095,1.0458205112149304
94096,0.8626747451417077
94097,0.24263191014413227
94098,0.2620054194897685
94099,1.2980604805816751
94100,4.618558648734607
94101,0.16720362983936993
94102,0.7682686775470848
94103,0.6462212317563586
94104,8.295411239851827
94105,0.2799822612945692
94106,0.06409809420134815
94107,1.037793261042262
94108,1.8955733444340706
94109,3.9098877258569806
94110,0.710482693045848
94111,1.3459966299065758
94112,2.125899044795032
94113,0.9497565170370288
94114,0.48614849993993403
94115,1.5198184740242136
94116,0.46384483918093994
94117,0.14857523499427416
94118,0.12030070350179338
94119,0.7078154040592831
94120,6.296265097638581
94121,0.811823134688104
94122,2.3433188584847917
94123,1.9772094873488022
94124,0.49644706947021827
94125,1.8919874409378459
94126,2.472258187355611
94127,2.161781347776411
94128,0.7669654208871708
94129,0.6307436744971207
94130,0.16618419059330333
94131,0.4118532585055651
94132,0.721706862342071
94133,0.5558891851551515
94134,1.4351756851147164
94135,0.2217085344843458
94136,0.35506617699254756
94137,6.3559515397340025
94138,3.1741920385981945
94139,1.8922200487716532
94140,0.08368226270719849
94141,1.0500245563786934
94142,2.0089160181322097
94143,1.1616428731993453
94144,2.56262989001725
94145,3.1067064348774096
94146,0.10952659427277828
94147,0.5695051574949789
94148,0.5650357584543161
94149,2.0292634637280846
94150,0.1879148822031361
94151,0.262378628926688
94152,0.6710941824660802
94153,0.2838519557977063
94154,1.2319469896627657
94155,0.3147832027349468
94156,3.531953762888821
94157,0.6558850362763985
94158,0.44905584208586335
94159,1.3130246849122478
94160,3.3425144503956807
94161,0.22669770138515472
94162,0.6315740452772756
94163,0.7089580525280785
94164,1.1219353433870425
94165,2.1016976133598813
94166,1.8037855283220814
94167,1.6387716553866662
94168,2.304170821603998
94169,1.4911595960729753
94170,1.1812155938913
94171,0.6451598722262747
94172,0.6638548591990595
94173,3.4362448523456193
94174,0.1816626431136768
94175,0.0875427908664137
94176,1.1147952923507116
94177,2.3085415216850502
94178,0.3475120827033237
94179,0.2270689737120017
94180,0.1908289763855071
94181,2.2442560572253805
94182,0.9245854120675849
94183,0.657505948715615
94184,3.354473379880729
94185,1.2714732884084419
94186,0.07021491627066388
94187,1.3142422822169342
94188,0.48342743951348816
94189,0.6192856620647139
94190,1.1588914486301531
94191,0.21154004266616164
94192,7.240935099806037
94193,0.4895607915377828
94194,0.09647574498212122
94195,0.17855930628518973
94196,1.5710795766110124
94197,0.13859199698104227
94198,0.25827407442943023
94199,0.1633782351497446
94200,0.7543279759281188
94201,0.0360997731272435
94202,0.2489074716577939
94203,0.13335817321474225
94204,0.7885276944158865
94205,1.4517623252525844
94206,0.10746518246589905
94207,0.4576333684315857
94208,0.48627818998320205
94209,0.6330729707859669
94210,1.4520903799821427
94211,1.1331794998285023
94212,0.5293760940579869
94213,0.37625130966028003
94214,0.4569988489760786
94215,0.2897487840141079
94216,2.314230600620024
94217,0.3513664882855863
94218,0.1700732585909035
94219,0.7298134425804315
94220,0.8162203952568874
94221,4.456217604350164
94222,0.2023432833592577
94223,0.13594038080683613
94224,3.041998365407841
94225,4.594271024612699
94226,0.4237507835852509
94227,0.8381070812983588
94228,0.24011124279691776
94229,0.3977248850845681
94230,0.32645380195542695
94231,0.621480562664843
94232,0.8187644974030712
94233,0.5606607641933591
94234,1.2319111441368988
94235,0.955278969718638
94236,3.0238442946127035
94237,0.20633262439465305
94238,0.3322844964385564
94239,1.6115387221676096
94240,0.1278167071873923
94241,0.8690711096856516
94242,0.784687857514135
94243,0.03658230402274176
94244,4.882396403944506
94245,0.0889345077859177
94246,3.924121214931965
94247,2.443455166670449
94248,0.19945089112885261
94249,0.2810527310383501
94250,1.7596484858073993
94251,4.116904485243422
94252,1.541283294113718
94253,1.6301638855797855
94254,3.6156013011064094
94255,0.40743488577572906
94256,0.5279627420426068
94257,0.6309740707626674
94258,0.6230394276886276
94259,1.309992703927045
94260,0.411963332540551
94261,1.967018117382832
94262,0.041583464290305246
94263,0.7401374244877058
94264,0.11032054718873616
94265,3.6472004567202254
94266,0.8655097820849303
94267,3.3150162057168906
94268,1.2005454472436003
94269,0.419533353195622
94270,0.42671416403752727
94271,0.24991263345723685
94272,0.3724599855227475
94273,0.9629637052328385
94274,0.961788910765164
94275,0.3407444783502885
94276,1.023791835772543
94277,0.36690291353976634
94278,1.8707065069723035
94279,0.9272771859760037
94280,0.33091021321714437
94281,0.41273218811289847
94282,1.5515657798892937
94283,0.9615056156070496
94284,2.0484034723568967
94285,0.0958275454169825
94286,1.5558184155172796
94287,0.07925014331891274
94288,0.493516715175854
94289,0.8659442411228156
94290,1.961754727300766
94291,2.1935629372955865
94292,0.14100321914240965
94293,0.18144441315185209
94294,0.1879787414777279
94295,0.3394068287045815
94296,0.04238838360357669
94297,3.490137310801035
94298,2.6417842347663782
94299,0.7125868281337759
94300,0.2695431808762278
94301,1.7744120667661725
94302,1.0836384951458902
94303,1.90491796950141
94304,1.691010478259258
94305,0.7205899687762434
94306,1.4795436543178786
94307,2.6118463522396302
94308,0.08446221300862247
94309,7.761386946876432
94310,0.6522091097818842
94311,2.3676448928765383
94312,11.266846018037825
94313,0.6690800733622002
94314,5.986928823205372
94315,1.008966433049343
94316,0.12724025000515374
94317,0.45643468087767014
94318,2.11427256725423
94319,0.0854686249760748
94320,3.337399707800547
94321,1.3496861551553074
94322,0.35063178660993033
94323,2.2097791697816174
94324,1.360397416301308
94325,8.914129452688694
94326,0.6261898209366111
94327,0.44373177523661017
94328,1.018218964339617
94329,1.364623779630322
94330,1.715079456636911
94331,1.1539905788001679
94332,0.7302630790113587
94333,0.08729524637658911
94334,0.33932332551624517
94335,0.5488976289264476
94336,2.579614699477946
94337,1.3131314688231146
94338,0.7929488954093463
94339,0.09653703164687683
94340,0.12160703573210925
94341,0.8586426503267501
94342,0.43206714882438596
94343,0.3703568519615446
94344,0.3334073026432276
94345,0.06568276448940262
94346,1.4232894586158678
94347,0.3260440286920878
94348,1.7853018765598692
94349,0.6040604932093995
94350,0.06367736708773081
94351,1.3983048357333352
94352,0.407194454636652
94353,3.344317634850342
94354,0.25531363577689087
94355,0.7393754806587154
94356,2.771483345678821
94357,1.1117418267073993
94358,0.6684391491917305
94359,0.8195517063347186
94360,0.7108022804218639
94361,0.10075069370392935
94362,0.5453827005191197
94363,1.445405688688871
94364,1.4342137057151658
94365,0.31279099990898995
94366,2.7543515826553495
94367,1.2686615669267873
94368,0.47520127298148207
94369,0.2535186024530441
94370,0.4848951621137962
94371,0.8257346477011606
94372,1.5422944835261634
94373,0.5478776240419247
94374,0.32173707707383264
94375,1.6664999789921762
94376,2.089613319544349
94377,0.651006485993657
94378,3.8115829849477345
94379,0.2296831546260568
94380,1.1448379760767828
94381,0.21586235666677284
94382,0.12051648335693685
94383,0.24693408554132257
94384,0.05653320548162464
94385,1.6020702708839827
94386,2.9273894952665143
94387,2.2303262797503276
94388,1.3824580023667108
94389,0.7096990541463479
94390,0.2960658884498765
94391,1.6681081708891634
94392,32.884678582560554
94393,0.32912503273715693
94394,1.400637686932235
94395,0.17432257866706613
94396,1.3597035892774585
94397,0.20620503337334983
94398,1.603785915287247
94399,1.9777858087037676
94400,0.24965546777845704
94401,0.3258242167875041
94402,0.7040364949391223
94403,0.6038278504081014
94404,16.848498380900008
94405,0.23556130670548295
94406,0.4648680359601598
94407,0.44828460849009116
94408,0.11368460982544298
94409,0.15790895092500268
94410,0.11264251652157914
94411,0.5521886419278377
94412,1.2255448547100638
94413,0.205045462959867
94414,0.041413025687288614
94415,0.571472899741941
94416,0.6752852124209472
94417,0.8007909689096903
94418,0.05342572990089608
94419,1.9696656802831285
94420,0.5412557325263165
94421,0.49155791401274307
94422,1.5896152508236605
94423,1.6020454046789188
94424,1.7536818568868489
94425,1.387213265619387
94426,0.4383765171795123
94427,2.504531415936779
94428,1.6158105292972182
94429,0.4731629598218332
94430,1.1466479181362619
94431,1.3848657422230042
94432,1.2441068511638007
94433,0.03987250254236628
94434,1.242916828314354
94435,0.09115662533908478
94436,1.0002053951946772
94437,0.4543901518586581
94438,0.12506927759301345
94439,1.6814255999974297
94440,0.9278997542336614
94441,1.3587818298185903
94442,0.05673084847023298
94443,1.438283536328501
94444,0.5889206031727731
94445,0.7045558552258957
94446,4.197535962719103
94447,0.23377390123728153
94448,0.5546850808504817
94449,0.0860332114376433
94450,2.180580937537697
94451,0.4449760345493843
94452,1.854484201367242
94453,0.19333235491264716
94454,1.3224352521239795
94455,0.17050352493137727
94456,0.5741841062933323
94457,1.2607269291640553
94458,1.1085045833382918
94459,0.5305319066743303
94460,3.716871671734107
94461,2.506384647857615
94462,0.946283470846242
94463,2.036378308758065
94464,0.11835376400880253
94465,0.30558613508988625
94466,1.8283695939204578
94467,0.23096045115340152
94468,0.20803692046246788
94469,1.116563074861238
94470,2.4358023350541647
94471,0.5999559821279905
94472,0.5691577927070228
94473,1.9427879717441567
94474,1.4869161179666455
94475,0.9265524410242638
94476,0.19882917925645688
94477,0.47894586565500646
94478,4.4226390007022305
94479,1.5173092987480084
94480,3.0520967322057
94481,0.9729396057314427
94482,0.0692417007830469
94483,0.6910219480562816
94484,31.2733557178807
94485,7.256627033250837
94486,0.01685644073214886
94487,1.2794375448198982
94488,1.4681901806092263
94489,0.2812166189177228
94490,1.1129537161076415
94491,0.38443456681433635
94492,0.24998986798277628
94493,0.5373742211085584
94494,1.4148547694482967
94495,0.8520341695993102
94496,0.1969602659684379
94497,0.34809433404133905
94498,0.08458588431887443
94499,0.5450870301232279
94500,0.8792043978381799
94501,3.113271101618705
94502,0.5468346128331601
94503,0.7009368461022915
94504,6.188248673494174
94505,1.1098450612835313
94506,1.141496160227905
94507,2.663232225269408
94508,2.497662074215258
94509,1.1693685866468642
94510,1.7529719259721772
94511,0.7410123243788839
94512,0.8607852715528437
94513,4.694404493398302
94514,1.3754282151087782
94515,6.39611834964138
94516,1.886634519815028
94517,2.5474224749974197
94518,0.5722830150062093
94519,1.4426234806941418
94520,0.24878461486820128
94521,0.6493547349674351
94522,0.5971933314792596
94523,1.3566051379238102
94524,1.729485926230943
94525,0.2350426756682254
94526,0.7898326732851263
94527,1.30600500094167
94528,1.8990553337239158
94529,0.060857021335473396
94530,0.1308375999198801
94531,0.6527997790925517
94532,0.11081087947922832
94533,0.48205083411174876
94534,7.8955898230258565
94535,0.38064274976277895
94536,1.9908595235863207
94537,0.11059165908897119
94538,13.491841190835252
94539,0.2716135985065014
94540,0.36323383373600926
94541,0.7351385727984909
94542,1.4349541990718468
94543,0.3666374048535528
94544,0.937477124941869
94545,0.6139132208298718
94546,0.7760881518119862
94547,1.5638510676992323
94548,0.37159531963415765
94549,0.8960575102199598
94550,1.4286302463556835
94551,0.9379544972005597
94552,0.1223029076150868
94553,0.6237661917954709
94554,0.11295389108355999
94555,0.10563224191593425
94556,1.5562341818929726
94557,0.10111378025063494
94558,3.004165847767622
94559,0.4262866554714447
94560,0.8931657921705634
94561,0.574175479009187
94562,0.8591594932132045
94563,2.8105569287647554
94564,2.670464915192429
94565,0.19302515276916646
94566,0.22885458086817506
94567,2.486114747953562
94568,0.39106634850496697
94569,0.8189012397373667
94570,0.18117103955701985
94571,2.9984999952060054
94572,0.39618617713009335
94573,31.472355056055385
94574,1.0936959745308719
94575,1.9229506539100578
94576,0.4017458731879598
94577,0.8386459784232319
94578,2.57706515456873
94579,2.4233133569421264
94580,0.89498994264319
94581,1.5500231902982342
94582,0.7816624123208173
94583,1.2640176248050474
94584,1.072415399760471
94585,0.34686196789686263
94586,0.09985893734313829
94587,1.421814578493349
94588,7.519729587469555
94589,4.295706278293946
94590,1.1575251386387642
94591,0.8611829044081997
94592,0.06902875397171614
94593,1.3053714697590046
94594,0.7416882753990999
94595,3.3245813983090753
94596,3.9793865256110394
94597,0.8132986778380998
94598,0.2771773252212868
94599,2.1396674600928653
94600,0.02347730578009329
94601,0.5400321037370831
94602,1.789807321471874
94603,1.8202502423596867
94604,0.2071309447413023
94605,0.42177681921650834
94606,0.34197727023311486
94607,1.56715347652219
94608,0.6886502236925257
94609,0.1710592110308362
94610,0.2295639254112166
94611,0.11977330240519171
94612,0.14954475218309524
94613,0.718029720999974
94614,1.4759337178987662
94615,0.7912468239983723
94616,1.3721958316230611
94617,3.219049937681513
94618,0.058353373198446024
94619,3.2020717441094257
94620,0.3449797587877172
94621,0.542262328371536
94622,0.1603692054131153
94623,1.1977019953632042
94624,0.9724673847767581
94625,2.2198849124461986
94626,0.40507707109959706
94627,0.23628848103779143
94628,0.6808887680341986
94629,0.6284082844998492
94630,0.6354459487993319
94631,2.193268183079507
94632,1.0057362070665836
94633,0.47017041876138854
94634,2.960883727286458
94635,0.5276505417299073
94636,0.7243655798645993
94637,0.17675274217894618
94638,0.45379074105006667
94639,0.7796848250464762
94640,0.3176999851691125
94641,4.431263211669317
94642,0.19914407806612744
94643,6.952997576690038
94644,0.0835387080211667
94645,0.20409093613810902
94646,0.8330690528612162
94647,0.6716784773435114
94648,0.8692600683300008
94649,0.363767087487064
94650,1.4472814382239434
94651,1.0250246041063236
94652,0.5906870071194197
94653,1.9236098337543566
94654,0.7401203877141391
94655,0.2707902929437764
94656,0.4146030587056838
94657,1.5987643703115706
94658,0.5639354277088726
94659,0.184416106972011
94660,0.6215077727886018
94661,0.6238855753821604
94662,0.779095831864095
94663,1.5108000678985298
94664,1.8519557001619247
94665,2.0902430407972474
94666,1.9546629736661745
94667,0.9615404536397696
94668,0.9660150208785218
94669,0.42985331220315226
94670,0.6225500722168268
94671,1.5651419992618978
94672,0.11205602771310803
94673,1.1987694069213464
94674,0.18099800195190854
94675,1.376454248335141
94676,0.5822772195730878
94677,0.4341981772884749
94678,0.9383039780455448
94679,0.5025775047980993
94680,0.18209610940808887
94681,0.21080579589867549
94682,2.077386488966259
94683,0.5369714173814756
94684,0.9024349478527722
94685,0.49373649976835254
94686,2.1152727701439353
94687,0.4885585955005552
94688,0.05135413161920406
94689,1.184920056612835
94690,0.39007908254021384
94691,0.24142929560615256
94692,0.17626373629152575
94693,0.29522494444192937
94694,2.045381614022438
94695,1.8629821305466245
94696,0.06451432094798683
94697,0.9862857525657145
94698,0.31956778264397945
94699,1.1630512415266971
94700,0.8203541754067265
94701,1.6549701188972195
94702,0.8749193217101524
94703,13.537456239091423
94704,0.44110093420589713
94705,0.4256845781803058
94706,0.1419812677764846
94707,0.780223974465115
94708,2.635075534347881
94709,1.0119284738935586
94710,0.12979936875410888
94711,0.19398384412197056
94712,0.13225805934843604
94713,3.0915070267103126
94714,1.6303855886643173
94715,0.2976518864866615
94716,0.36303655584673067
94717,11.577465366443112
94718,0.24533081156212827
94719,1.5457890746385594
94720,0.6276591264497637
94721,0.42293987164879965
94722,0.43164244511654315
94723,0.6070648677821457
94724,0.4001259277598086
94725,0.1632079884041886
94726,0.19931334204841664
94727,1.3284428438743072
94728,0.666647872267612
94729,0.3631376654624959
94730,0.5528622063111294
94731,0.2630992092607242
94732,0.5042217647417744
94733,0.4998522988289493
94734,2.364896086513216
94735,0.4428054860385766
94736,1.4530719986232894
94737,0.3811259202834754
94738,1.2033019298324774
94739,0.7764747035343519
94740,0.23899855781913107
94741,0.4151063681054776
94742,1.6521435018665367
94743,2.1373660540889188
94744,0.15677865737903296
94745,1.482428880883932
94746,0.3833140462629987
94747,0.44716330697716034
94748,3.9876566525587087
94749,0.5232400428323466
94750,2.1639737893688635
94751,0.24427281905019538
94752,0.21242989735629791
94753,1.2653559640305654
94754,2.5441884847038083
94755,0.8994672383979688
94756,1.314193962095733
94757,2.8918085923915053
94758,0.16575316436064158
94759,0.7936573928377858
94760,0.16283313199982558
94761,1.2428702612335416
94762,1.966647046615614
94763,0.4382983619914993
94764,0.8192789279219452
94765,2.8191471669671535
94766,0.09652657538814763
94767,0.3844810626675471
94768,1.4434132764023133
94769,0.4521859693755836
94770,0.6702010165709098
94771,2.5036478467873207
94772,0.9601153770603178
94773,0.22555541393853407
94774,0.7598505086480661
94775,1.0951434499885673
94776,9.553815383245341
94777,1.149920622682511
94778,0.32827107669021466
94779,1.6488059030210533
94780,1.0749775222944273
94781,1.2381655600269306
94782,1.162815933085919
94783,0.8391227807123066
94784,0.760505427237841
94785,0.07794086722126534
94786,1.585448147343628
94787,0.7612083143828122
94788,0.684539928048413
94789,1.7211014152851418
94790,1.9436377618851315
94791,0.5442033554409177
94792,3.8063378147182747
94793,0.781661859548954
94794,0.29696904587337164
94795,2.2482156008345604
94796,0.21108740352889363
94797,2.2469675385046397
94798,0.6030023087389065
94799,0.3884164868927983
94800,0.37412859310015384
94801,1.021349118590795
94802,1.520882391493446
94803,0.5462073239689426
94804,1.3768788783855044
94805,0.4612322897159617
94806,11.094747085532834
94807,1.6174174448724943
94808,3.034497994748374
94809,1.3829415586022236
94810,3.1525635502277014
94811,1.2873958937815955
94812,13.128913948021765
94813,5.492390399402397
94814,2.7152544374403447
94815,1.2094171534329101
94816,0.39690346472258925
94817,0.2384687089143954
94818,0.38444749256670696
94819,1.0763466776055968
94820,0.5475102852676716
94821,0.11573792300000907
94822,2.023328328079256
94823,0.7039996950909729
94824,1.7616909019544191
94825,0.6421713278916651
94826,0.6629440693960187
94827,1.3307488611079485
94828,1.3036804638211088
94829,0.2274803835936602
94830,0.7528090581728533
94831,0.8282057939931295
94832,0.35943132763805064
94833,0.20853831924761704
94834,0.5215898926570882
94835,0.4090026329736861
94836,1.6169934403434487
94837,1.5270421687555196
94838,0.36282968320823644
94839,5.17159955688806
94840,0.8225811190543768
94841,1.8330353095434324
94842,1.9262467358708717
94843,0.26911808033133094
94844,1.0239442594174326
94845,1.7769545231737665
94846,1.051203237918966
94847,1.3841136521642294
94848,2.511178682793495
94849,1.0584940252672506
94850,0.03855559128061837
94851,0.41440547585669196
94852,0.5304051365192463
94853,1.3463954234746398
94854,0.8801711806313024
94855,0.5028120437836208
94856,0.40323048793273625
94857,1.7969231204376233
94858,1.8897507211998759
94859,1.7440690768600369
94860,1.3416161002506266
94861,1.5000305185775122
94862,0.8441476881347926
94863,1.9532388038431694
94864,0.6322981482968376
94865,1.0647248161443723
94866,0.28808256541762706
94867,0.4315835952859325
94868,2.3746677910683522
94869,0.5594701188658527
94870,2.712639034388601
94871,0.8560442581135458
94872,1.1475776886238993
94873,0.6309922852045952
94874,2.7628238715283513
94875,0.48961142231751925
94876,0.6996203015449661
94877,0.16904115034617803
94878,1.5971434914773195
94879,7.514247819233261
94880,0.9735497524086723
94881,0.20642955395472384
94882,4.812884892781676
94883,0.5072215949372227
94884,0.008319086156743172
94885,0.721644624856253
94886,1.2032839574238887
94887,1.0189201353853732
94888,4.104268390616087
94889,0.48519413987588106
94890,3.041602486234251
94891,0.9780640960907032
94892,0.48459026584879594
94893,0.7760468774591236
94894,0.8720663161593051
94895,0.6067646299660528
94896,0.19234411971606472
94897,2.7042000401137334
94898,0.36198177600001535
94899,2.6574542205611236
94900,1.0605467315317427
94901,0.5728788243458819
94902,3.1228620143331263
94903,0.6809373807914182
94904,0.15316942942180212
94905,0.752998980435013
94906,0.2884316443874359
94907,1.060888029678655
94908,0.7506617268012887
94909,0.20214176635257047
94910,1.548133806639485
94911,3.656807098417736
94912,1.1277023645415016
94913,0.20106136348006018
94914,0.4307015318251693
94915,0.8843384002900789
94916,0.6916526211874433
94917,0.186756446424252
94918,0.6049027037901655
94919,2.807835457320046
94920,0.28891714693544607
94921,1.0588985107356756
94922,2.4448829353158756
94923,0.421172597992212
94924,0.3159180033038092
94925,4.377078262858626
94926,0.08126272936987658
94927,0.24374532356985737
94928,0.10674643840426452
94929,1.1384882249426698
94930,1.0785659427782694
94931,0.6463915196156673
94932,1.4924362954500567
94933,0.4058879054086135
94934,5.195552226013664
94935,0.5263160117298341
94936,0.2612623534944624
94937,0.6122856229668041
94938,10.455937774974522
94939,1.1619037428034185
94940,2.3071202666114465
94941,0.9217993648841561
94942,2.091315710058447
94943,0.05318366154244369
94944,1.6427165169275568
94945,0.35110387025308537
94946,0.10865716271829676
94947,2.71953392118842
94948,5.951452914592409
94949,0.7078938285141384
94950,1.0903006323233924
94951,1.9437716182029245
94952,0.6562544759262892
94953,3.148146603116507
94954,1.3075279796166757
94955,1.7967649400825498
94956,0.589216379668099
94957,0.43444828427833326
94958,0.897186288874985
94959,1.9628329418329593
94960,1.6108970222549293
94961,1.7003028770711968
94962,0.6233134221519101
94963,0.650290058276452
94964,1.7739780263709855
94965,0.8570125260923587
94966,2.440040787529806
94967,0.6861378460466124
94968,1.305891404565919
94969,0.7239334350881126
94970,2.0912225457299893
94971,0.6223619351054667
94972,0.3971388253934871
94973,1.2491178575047466
94974,0.1695459868523555
94975,1.092274366907247
94976,0.3665505869626889
94977,3.6611767536758473
94978,0.8872904900156022
94979,1.7738557849063161
94980,0.1337626094565569
94981,0.5111403708079393
94982,1.4134899613768206
94983,2.6190780717368334
94984,0.17979906657023514
94985,1.2286050150288546
94986,0.8795470771171435
94987,0.5198084638685283
94988,0.4979442500377718
94989,0.49662241944853164
94990,1.1576750448246225
94991,2.292960966221598
94992,0.49979553055853854
94993,0.2580706139619295
94994,0.5812557279598747
94995,0.07814569158849259
94996,1.2238007728358942
94997,3.1306446006645485
94998,0.03190516969220444
94999,0.08131932907412705
95000,0.2693302198899189
95001,1.1126103574295572
95002,0.8585588616666914
95003,2.5146442155283366
95004,2.383913721797239
95005,1.6657130338209676
95006,1.0821488874092522
95007,1.3603529004437864
95008,3.362786236655772
95009,0.303747253815926
95010,1.1351122352222816
95011,1.9804002780383425
95012,7.224549164004076
95013,2.2374094599298253
95014,0.4298666995537941
95015,1.1200059360608459
95016,0.1820926452495779
95017,5.329554973660191
95018,2.3490052441105926
95019,4.455316057652039
95020,0.7171924744215544
95021,0.34192189085777175
95022,1.610364270654379
95023,1.103737959144477
95024,1.8654725995247012
95025,0.21374309295004817
95026,0.10344943702726427
95027,0.4188966166880029
95028,0.5775473662647057
95029,0.25602870998289046
95030,2.2860782405373916
95031,0.130822933284504
95032,3.906077880692581
95033,1.0881693133472592
95034,0.4953911963551099
95035,0.9309687156553372
95036,0.6134336849772468
95037,1.3352971249489125
95038,1.013119755841906
95039,0.7394725638118367
95040,0.2536704655139032
95041,0.19521178961755667
95042,0.04857711892765145
95043,0.2240791150809463
95044,0.9682122600251926
95045,2.4007167339290905
95046,0.1468006578231356
95047,10.443366493461628
95048,1.1199231800751739
95049,1.5678215227737904
95050,1.4073457340138875
95051,1.0231233612496082
95052,1.090334972911559
95053,1.0106000082273043
95054,1.9773068315912385
95055,0.46098728361475766
95056,0.603241717830461
95057,4.50832183403965
95058,0.29951392086175704
95059,1.2902967087920807
95060,0.259486859827275
95061,3.496775293541527
95062,35.537593623977735
95063,2.1697559660877204
95064,0.6926279200852195
95065,1.1187238945059077
95066,26.49425530280656
95067,1.701162667976536
95068,3.590015037079408
95069,1.2496867133990435
95070,0.17258672160350735
95071,0.7680160154218947
95072,7.1221866220376295
95073,0.12285119784561799
95074,0.504967322425413
95075,1.1467886911039464
95076,3.148367974955968
95077,1.0256043004698197
95078,0.7728857000719149
95079,0.4526689968615391
95080,7.351889774469258
95081,0.5017119811955169
95082,0.07554307723985654
95083,2.216662434287975
95084,0.26130809361013074
95085,0.23209117015846362
95086,1.746652011906308
95087,0.11428543395376489
95088,2.845793833879486
95089,0.7720136760652871
95090,0.4291735250079948
95091,4.517358453898071
95092,3.1763128568483316
95093,0.7336033729579386
95094,0.7023346477074663
95095,0.844783926664156
95096,3.051844196712595
95097,1.0422544828516618
95098,0.6759434188628147
95099,0.5233374812626679
95100,4.26154091736542
95101,0.20106468937176472
95102,0.9226693561431987
95103,7.7796441928133095
95104,2.6105052894866354
95105,1.7911364499769045
95106,0.1822075549512105
95107,0.3098900974775838
95108,1.6513828855102002
95109,2.010418814003007
95110,1.4507586830407941
95111,0.2614777408008333
95112,0.6370882751326605
95113,0.8399474734395047
95114,2.335303697513556
95115,0.1381713141925058
95116,1.878101467946924
95117,1.1218601688767096
95118,14.76197472394924
95119,45.45341557251132
95120,1.230308427526432
95121,0.9614852028640885
95122,1.2676135842776965
95123,0.12195707371195784
95124,0.6503044424040303
95125,0.27499166923734863
95126,1.2609492379161336
95127,0.4652154942993337
95128,0.813357778200954
95129,0.841775867844458
95130,2.644104600690613
95131,0.6396035729576623
95132,0.6510542731595316
95133,0.39967385103792996
95134,0.8221554874613479
95135,1.79009972983284
95136,2.8827010682870786
95137,1.9133773095524378
95138,0.532702175796658
95139,0.1271395095698314
95140,0.22387207693563876
95141,0.6862779417731887
95142,1.0101786208072054
95143,4.834845728497228
95144,1.136215858944938
95145,3.882147253963824
95146,0.7433123222720995
95147,0.6936351058621913
95148,2.1405030510246448
95149,1.0104750479284932
95150,5.7163599953968935
95151,0.9361317541025376
95152,0.21473817605976747
95153,0.7290887201629733
95154,0.5643464899941885
95155,1.4044706563446174
95156,0.1105833693893985
95157,0.6192917133675248
95158,1.103527542501275
95159,1.1121837717446754
95160,0.7301223019591014
95161,1.6727028383888132
95162,4.20923881961989
95163,1.5263475476154564
95164,0.49973367313295275
95165,0.7735020317447227
95166,0.7403120222665239
95167,0.3889420527504468
95168,0.3546945333191035
95169,3.9380487523335415
95170,0.7654110559558065
95171,1.0938206485664799
95172,2.4546601073261884
95173,0.8646686965669873
95174,1.239516588017182
95175,0.9005680971740607
95176,0.17286959794959725
95177,0.21655533305605604
95178,0.5551495159238298
95179,3.525394189474528
95180,3.519987150368014
95181,2.535287109553404
95182,1.3530666400904048
95183,0.11511995853332832
95184,1.0337229266777888
95185,1.8628801594369722
95186,0.28056330005221275
95187,0.8596454378534696
95188,0.9678952533667894
95189,0.6494621969337729
95190,2.2451716896204705
95191,0.12317389088733575
95192,0.6931739341884208
95193,0.40706967193317123
95194,2.065608470817482
95195,1.0671566988884607
95196,1.752701083979494
95197,1.4062703914517305
95198,0.14959637914835058
95199,0.45451332666928396
95200,0.18812542983398578
95201,0.5186204506754817
95202,0.9180733974799207
95203,0.17785546582377137
95204,0.7177476346394303
95205,0.31235802625587195
95206,0.30867482412108427
95207,1.4713120135101994
95208,2.3197760320758123
95209,1.6062897208400952
95210,1.4600082034392559
95211,0.5234218667410053
95212,2.2931203896484296
95213,1.2331130908396943
95214,1.8965726673645056
95215,0.21399552720812437
95216,1.3068069715405837
95217,2.1232684742770154
95218,1.149316268556016
95219,0.872254254664611
95220,0.5347054119358549
95221,1.1537543021853882
95222,0.7197343253270276
95223,0.2126176745249625
95224,0.4499727859630255
95225,2.2019518487476546
95226,0.3960085825126075
95227,0.9070474735781378
95228,0.3133128251812601
95229,0.37163597721277786
95230,1.7670062308887446
95231,1.0847544992828064
95232,1.8559833910885066
95233,0.41831180682467733
95234,3.832165664163252
95235,2.404021907754653
95236,1.070039780483025
95237,0.7384839499803089
95238,0.08532835875991567
95239,1.8236900580700999
95240,1.2045065262675758
95241,0.623878910223793
95242,0.12836432212968615
95243,0.7108648461149772
95244,1.1325088036170654
95245,2.1351934903888545
95246,0.22297645566911725
95247,0.5246666990029517
95248,0.26344518091245706
95249,1.3194759323015792
95250,1.2052830565348627
95251,1.989382991236945
95252,0.09947920874436614
95253,0.40964122144785564
95254,0.6170948769497362
95255,0.4737796633154837
95256,10.649192498439456
95257,0.6831855875718986
95258,0.7611669511112635
95259,1.7235393553311023
95260,4.1860325487734515
95261,0.03837737565692423
95262,1.5953851792680525
95263,1.2418392608467208
95264,0.44061077335686777
95265,0.2506396928527361
95266,0.23182874637964387
95267,1.9369679264472124
95268,1.5820478720366997
95269,1.488620247863358
95270,8.652305431896721
95271,48.88362788005501
95272,0.37331274166105133
95273,2.229170551675546
95274,1.50523348635303
95275,0.16186323664699262
95276,0.35077035818849034
95277,0.586421327782528
95278,3.2281124182512255
95279,0.1782535605101628
95280,0.6425831350730602
95281,4.507060686865004
95282,1.576294132222944
95283,0.2319552607677387
95284,0.3258540017588575
95285,0.4830640842655722
95286,3.936365882220265
95287,1.984767894590983
95288,0.7257685898215995
95289,5.154727308394512
95290,1.2774827747205004
95291,0.5853571327470859
95292,1.3331054533430728
95293,0.13728641741478229
95294,0.6516790201295767
95295,2.865268841152315
95296,1.8258654356984778
95297,0.12678110951157323
95298,1.0418198546857134
95299,2.9902049132930646
95300,2.5590812117601494
95301,3.006612293102453
95302,1.0399540628532813
95303,3.077835856250999
95304,4.086595901148872
95305,0.39371737923541167
95306,0.9603882925839053
95307,0.9352131642152497
95308,0.16270365109125165
95309,0.7902736174880977
95310,0.46936578370286963
95311,2.564134353550958
95312,0.7289431614924492
95313,1.9553382926538319
95314,0.06142424232412219
95315,1.2314309325415422
95316,0.3949669664047215
95317,3.370207511714884
95318,0.5142358859631626
95319,0.30811727889990476
95320,1.4094354796488944
95321,0.15168965387468966
95322,0.2489988814372392
95323,0.22858161889646353
95324,2.203510414531604
95325,2.354302539352985
95326,6.797766938952967
95327,1.755435155666901
95328,1.2156482498269503
95329,1.1567284381143654
95330,0.3431609971733439
95331,0.35620956648272917
95332,2.700474708156147
95333,0.335453822836216
95334,15.360242149645162
95335,0.28175396764937793
95336,1.7003358240753141
95337,0.9295687204211648
95338,0.28561087649859074
95339,0.5522942926309002
95340,0.6384588384567034
95341,0.29345051904257224
95342,0.43447208394873155
95343,1.7033075084760745
95344,0.22727237868051453
95345,1.6721503668434912
95346,0.21163653851801875
95347,7.101207197318488
95348,2.761564208496379
95349,3.121726771383535
95350,0.9759228904921413
95351,0.6039009293852963
95352,0.8904556481931009
95353,0.8410138698758202
95354,0.314917258905358
95355,3.110018940444281
95356,0.1056612380862733
95357,1.4317635236211925
95358,0.3457952484484821
95359,3.392098163802435
95360,0.19471199438336811
95361,0.6911435148730635
95362,3.3352452678867945
95363,0.17715264899318936
95364,0.8819967226271455
95365,1.266387352549738
95366,1.2846551502298889
95367,1.0660355184672632
95368,0.32607989124686665
95369,0.8407548614128061
95370,5.1490693757239345
95371,0.24138147407178365
95372,0.03942418990884136
95373,0.21235158340060672
95374,1.1198051574198618
95375,0.4326555372641502
95376,0.09465924493372055
95377,2.4196929459922436
95378,1.3514485788665325
95379,0.3038805450895558
95380,1.0802081833041135
95381,1.1680015457961241
95382,0.09532822132248835
95383,0.998481775152273
95384,0.10734073714484278
95385,1.0181211140338804
95386,5.610285259565919
95387,0.40809971904839004
95388,0.5429085415860657
95389,3.0738959492332865
95390,1.2348015003899313
95391,5.863724048166907
95392,0.30075637607218897
95393,1.2394611443132284
95394,0.1949387189464902
95395,0.30285184253952685
95396,2.216525797018361
95397,0.7398614214752903
95398,1.3559686718777977
95399,0.79294077627441
95400,0.320142283062424
95401,0.29527260365154134
95402,0.7088079925935
95403,4.005890292161119
95404,0.10455671586879658
95405,0.6616708615948288
95406,0.15082231580859862
95407,1.511539874684195
95408,1.2854292353227186
95409,0.2245899357801424
95410,2.238525656113835
95411,0.15778079460284158
95412,1.8474067300563144
95413,1.1031602696502052
95414,0.5629733432187802
95415,0.21781450199635632
95416,0.5920758530734284
95417,0.7033984962995371
95418,0.10548860380329653
95419,0.9434457200613654
95420,0.10662538179700143
95421,0.08836278788824518
95422,0.23428960451191425
95423,6.959348902414713
95424,0.5209601237597481
95425,0.10118416675636507
95426,9.199144296603166
95427,7.563205029179909
95428,0.8496774856146496
95429,0.7144102949065338
95430,0.8455390040337567
95431,1.8207321388277125
95432,1.9307065570662338
95433,2.3115297888985933
95434,2.1900056089147193
95435,1.8966005711891403
95436,1.8067135183922758
95437,0.5474390008937418
95438,0.08889155605810616
95439,0.3606468604971912
95440,0.35819086067812494
95441,0.37066873357990915
95442,0.06143379956481005
95443,0.9562577287683011
95444,0.383281691369393
95445,2.586968000969826
95446,0.21508940134280383
95447,0.18060744474808352
95448,0.27635361700090916
95449,0.1772527258491341
95450,0.48390286482031536
95451,0.952417673874819
95452,1.3041818843622563
95453,0.26643647436793644
95454,2.210241079132725
95455,0.46850718904670924
95456,1.3876077663507755
95457,1.9340865759036265
95458,1.4718928312589956
95459,0.2603868104328088
95460,0.5843659276836889
95461,0.8819749555206182
95462,0.3726463651571413
95463,1.7023600143619466
95464,1.6269485828100847
95465,0.13117058467392056
95466,0.06857032543781441
95467,0.41333697566629507
95468,0.6108464544543879
95469,2.489815711383753
95470,2.5624649494600162
95471,1.09551359086082
95472,0.17672458588157106
95473,0.20550113989313162
95474,2.2691646213155505
95475,3.9240082934265006
95476,0.5526498756752245
95477,2.7464034268091
95478,5.035825161913101
95479,3.505862590719416
95480,0.5907714871658458
95481,0.10661678033487929
95482,0.5844608110561514
95483,0.43825800676554816
95484,1.710227167606174
95485,1.574212649146605
95486,2.2476797517904905
95487,0.0852464632695612
95488,4.906899934658787
95489,0.3123962705112689
95490,1.2191491777355914
95491,0.8915461194106363
95492,1.3904285491381139
95493,0.5237596058968753
95494,0.601110576753377
95495,0.6831873654551408
95496,0.2071408537183302
95497,0.19549985760971714
95498,3.800065886634288
95499,0.07912129948952636
95500,0.3515710842757483
95501,0.22961208073224487
95502,12.712063572311674
95503,2.1202477403447584
95504,0.37347288876622675
95505,0.7721757953951474
95506,0.5287966755503491
95507,0.8776671315753369
95508,3.08557398375331
95509,8.493949083911914
95510,0.26139242339308777
95511,0.798221003760793
95512,1.2842930939037154
95513,0.213252486723556
95514,0.805257343212954
95515,2.4401976896116544
95516,0.7197044392868679
95517,1.6560948416240482
95518,1.420361517010198
95519,0.7952650874270681
95520,1.0141177914231616
95521,0.9302926052196598
95522,0.7048625395723179
95523,2.0760985048803313
95524,2.021704174777156
95525,1.0626829235314315
95526,3.3281819290354093
95527,0.8679758935870268
95528,0.3108302493025424
95529,0.2217709742501872
95530,3.3499708652759708
95531,1.68902972999793
95532,0.030575054189531683
95533,1.175709219545138
95534,7.6209236971267575
95535,0.15129135291507656
95536,0.49237036730010936
95537,0.46382520883152367
95538,3.0729467009032896
95539,0.0975968881504514
95540,0.46310446338996486
95541,0.6902323749358634
95542,1.4019171810331665
95543,0.3817251537794145
95544,2.172393759244608
95545,0.9392800600079605
95546,2.9722839823812275
95547,0.7671749302254353
95548,1.133639193660371
95549,0.3585455497688111
95550,0.4880638990351419
95551,1.4629487019348322
95552,1.2237798862375893
95553,0.9960451904849017
95554,5.670876550765741
95555,0.13304234175185503
95556,3.666265378798964
95557,0.10979091225724448
95558,0.255626330428627
95559,0.722385532260282
95560,0.39775740670210585
95561,1.3101887573830224
95562,2.2923562769493953
95563,8.886255262964967
95564,0.16123653005608773
95565,0.5058579840470401
95566,0.39692765439783056
95567,0.9598564305391419
95568,1.7762351462689479
95569,0.3557301704931535
95570,0.5722730641251887
95571,2.0630567607107766
95572,0.26947896515155856
95573,0.38921847926675823
95574,0.6336358688850869
95575,0.4205377455596278
95576,0.35217961146341303
95577,0.15233754735661115
95578,1.7517642769925341
95579,0.4422266746246453
95580,0.3068172607479529
95581,0.20465216741138906
95582,1.7142154482506016
95583,1.5656328076474288
95584,3.6845187047390335
95585,0.18247758256037191
95586,0.4997724244138211
95587,0.48812889261355374
95588,0.11630325708716321
95589,0.3356674952578256
95590,0.7162464272858211
95591,0.08115905933514159
95592,0.15664895251854108
95593,0.8925803750964978
95594,1.1696081077826987
95595,0.6433641255204363
95596,1.2556165125015395
95597,1.1426773669574952
95598,0.33181984005022835
95599,3.4521562120311113
95600,12.898116642653346
95601,1.0601634446781154
95602,0.7067395011400982
95603,0.16533892420062657
95604,6.355675852712838
95605,0.4436679710169001
95606,0.33200564003795857
95607,2.5543716534028476
95608,0.6683301205319401
95609,0.6853014615138177
95610,0.12275460005321173
95611,0.6299225550242908
95612,2.3621893510101115
95613,2.260600044044852
95614,0.44466667650155556
95615,1.7550239322346246
95616,1.8289172788013102
95617,0.6697694300477028
95618,0.39082258575425904
95619,0.5235774139673767
95620,0.5148144413738094
95621,0.44726204734062597
95622,1.131536657824029
95623,0.37662750007788903
95624,2.399007931492164
95625,3.946885344142616
95626,0.15013910412355394
95627,1.8154270865183506
95628,0.6411757301969644
95629,1.0783365290882458
95630,1.1426872326374093
95631,1.2964306484757446
95632,0.31178151289125033
95633,0.9024823634989123
95634,0.6242760762301086
95635,3.116097765721827
95636,6.31096409495053
95637,0.870320655642045
95638,0.7234067985947299
95639,0.2661190119842159
95640,0.9360816346979697
95641,1.210022882952268
95642,2.6015025988737115
95643,1.1278899820752193
95644,1.8965294052632518
95645,2.8994584673648176
95646,1.1213936698518723
95647,0.13014134428281296
95648,0.536823827121946
95649,0.21408762888955263
95650,1.2148574920029942
95651,1.203897173487404
95652,7.421528425880747
95653,0.770038507719442
95654,0.9631813652046268
95655,4.064128387618514
95656,1.6974892714670529
95657,1.224555300186399
95658,0.9739994555267096
95659,0.15809856467942557
95660,1.0652480239631286
95661,1.9361192665691398
95662,0.6702516183313347
95663,1.2855857480102075
95664,0.3619648345049177
95665,0.380983569662251
95666,1.33988868587544
95667,2.493619466618877
95668,0.5239196210148654
95669,0.6740996432284124
95670,0.22553485292291497
95671,0.4799860823090639
95672,1.251243243080381
95673,0.36637630717104314
95674,3.147792822798201
95675,0.9018796951408763
95676,0.4058248922956887
95677,3.3412786345995693
95678,1.6351931706512126
95679,0.26296094003532183
95680,1.1439632321350484
95681,0.09991709166430145
95682,1.3716568352649208
95683,0.48548953860526967
95684,3.1144676537700993
95685,1.110862014520626
95686,0.5219353264656165
95687,2.170750629435673
95688,0.3073602034685834
95689,0.21114109426138558
95690,1.8499665664911404
95691,0.5269173844168464
95692,1.945732741325005
95693,1.352009995988933
95694,0.2875075735007122
95695,0.1986366743356081
95696,0.12033716525411234
95697,0.46381229143937014
95698,1.903896152585257
95699,1.346561960275027
95700,0.2235734330752426
95701,0.9185821868942539
95702,5.0752349835476265
95703,3.602644133748707
95704,0.43675966417955675
95705,6.640492731801962
95706,0.8638886735416552
95707,0.847293039179213
95708,1.511410240928406
95709,0.6806943013903471
95710,0.6528605149324246
95711,1.553221801846084
95712,0.081414748973272
95713,1.1022892356742293
95714,1.9706919534718397
95715,0.4321486390237249
95716,1.1391338964809172
95717,0.6277393039344417
95718,0.6528423673182705
95719,0.06194445580745235
95720,1.3470355190988448
95721,0.28486322557066773
95722,0.46961144974723246
95723,0.04181716823127058
95724,0.186123574284717
95725,0.08921401065959067
95726,0.6399870012030093
95727,1.346127945961758
95728,1.6573022145185872
95729,0.4293359969174418
95730,0.6966846864969952
95731,0.0760291223523893
95732,1.3717442240030682
95733,1.5872263773867483
95734,3.261562200390056
95735,1.5085605300798475
95736,0.9258282309495369
95737,3.490723105589554
95738,0.256171536865114
95739,0.5264948882344115
95740,0.17178277269357153
95741,0.22716070481986061
95742,0.4678615338633283
95743,1.4456775289325916
95744,0.6857964721208543
95745,1.882700637754083
95746,1.0923924920596388
95747,1.2396518544034543
95748,0.7655461148906035
95749,0.2442505895647985
95750,0.048416382918972926
95751,2.404600541980823
95752,1.8675721985058553
95753,0.5309693731627371
95754,1.20973142354094
95755,0.3047213664799498
95756,0.2136082723454618
95757,0.8399378580788837
95758,1.7022101143785924
95759,0.6975884525512888
95760,0.9957118510022769
95761,1.2067754030966342
95762,0.1113331876062686
95763,0.3092929416955926
95764,0.9706277670677702
95765,0.7740513910734501
95766,0.5470428762243569
95767,0.32322621659730233
95768,0.5152728929398447
95769,0.34070476774934155
95770,2.57715038660146
95771,0.38740918047688067
95772,0.17343495101060846
95773,0.2351049604776321
95774,0.16306372474416228
95775,3.2633207067253287
95776,0.5642551669507085
95777,3.4282156970975795
95778,1.2099524519957134
95779,0.2661029826169955
95780,1.0511141156177108
95781,2.185714531053694
95782,0.9180517405118773
95783,0.24229839486706126
95784,0.12462447812061372
95785,1.3089578792977359
95786,1.2707548441122234
95787,0.7310490637128737
95788,0.11583913893210844
95789,0.988203401294609
95790,0.10825807428675356
95791,0.866262367021477
95792,0.22889501761612294
95793,4.147049029047877
95794,3.8819919897590185
95795,0.3991876659655387
95796,0.35995675658117726
95797,1.311791670948925
95798,2.943094649224596
95799,0.7436694452075875
95800,6.939915349917024
95801,0.3811211860660863
95802,0.20898745786105039
95803,0.3049282090600555
95804,1.1542962231568195
95805,1.3563299099104502
95806,0.8588243374402434
95807,1.6711381429564616
95808,7.156927967697309
95809,1.0627235425861203
95810,1.4489034695281728
95811,2.3842976843390726
95812,0.7356019959822696
95813,3.642399744066359
95814,0.23066270262192431
95815,0.48303928039819427
95816,0.3115473466499728
95817,1.530135061166288
95818,2.7353506627765523
95819,1.1308688709317907
95820,1.287545246595388
95821,4.179782144959614
95822,0.051664495259673045
95823,2.035641632565365
95824,1.450187383709412
95825,0.564098842088871
95826,0.7455620882245797
95827,1.523907377217518
95828,1.2913692290127494
95829,0.6287772610543597
95830,0.4132184641176407
95831,1.2016263674751912
95832,0.7802397619028241
95833,0.7741831930428897
95834,1.3134360562062855
95835,0.42057697679391626
95836,0.43946406511525365
95837,0.1020953592174371
95838,1.130035942412307
95839,0.4137642734346545
95840,1.6355840233364656
95841,5.2317121479533855
95842,0.1968501005314213
95843,1.2066608347642123
95844,0.7683237904660474
95845,1.9517923031435376
95846,0.5761769340318659
95847,3.777157806955046
95848,0.2099104407351214
95849,0.7858239858294709
95850,0.5279742204245128
95851,0.4999337870337969
95852,1.4021562577177558
95853,0.14536532211130293
95854,1.0764173971247768
95855,0.6585748501929971
95856,0.39951272985950614
95857,0.24768691535586201
95858,0.30191398181291007
95859,0.26543868869615184
95860,0.16545925703526443
95861,1.329546694260864
95862,1.2966682327001198
95863,3.872566923214351
95864,0.19554073831856603
95865,0.662629365227977
95866,0.5809190979781035
95867,3.721525976834393
95868,0.8261948019305236
95869,0.26010668424289285
95870,0.41698558045505824
95871,1.5687186028554356
95872,1.3799512871976574
95873,0.23597215187314605
95874,0.3653773881394441
95875,0.3788644743856771
95876,2.20437063957705
95877,0.19679579939131708
95878,0.7127309735069611
95879,0.5052590602886808
95880,0.7101590418452072
95881,3.1618520807086616
95882,0.4894184567021215
95883,0.17982617388194982
95884,2.173911363603669
95885,0.9460169863490029
95886,0.17334500739201697
95887,0.328520248826933
95888,0.19434938198065846
95889,0.4778014812548705
95890,0.09770733213673759
95891,1.058179296674408
95892,0.40638527409862496
95893,0.23785784725885104
95894,0.11209269687681957
95895,1.0180049654138272
95896,1.4895429282867676
95897,1.7424105151349898
95898,0.358343366850276
95899,1.6844628159584303
95900,0.43816638719487033
95901,0.5733145197652844
95902,1.4433503960437533
95903,0.18769728152883217
95904,1.0154533852990661
95905,1.128302215092945
95906,0.12350650145575288
95907,0.2080684253629718
95908,1.0383683009229547
95909,0.09203057101238613
95910,0.6239278857083496
95911,1.0125207630628268
95912,0.7320982728718504
95913,0.47850419722795196
95914,3.739256229974585
95915,0.37661039141730707
95916,1.821038752899918
95917,3.5799379949668784
95918,2.055785320091987
95919,0.27263702181649674
95920,1.0624820143056655
95921,0.5870707569298824
95922,3.8653892924811317
95923,0.25378307923145127
95924,1.495111463349129
95925,0.3777460768639383
95926,0.590906992363204
95927,0.7062508034218651
95928,1.0072488151401748
95929,1.1890097190373705
95930,1.2548921633456471
95931,0.1498987654418526
95932,2.662054144276688
95933,0.34060022985600646
95934,0.46881802394204103
95935,0.19342958462582255
95936,0.3196713126219077
95937,0.07885652737318298
95938,0.12624551072612042
95939,0.19948701384828707
95940,1.1244815308134328
95941,0.5767275902234266
95942,0.18781179211005217
95943,2.583346425432827
95944,0.5047905323139469
95945,0.2922804273103458
95946,0.1738208661521079
95947,0.054749768512594874
95948,0.24308468150037948
95949,4.061303031263808
95950,0.13463429061871446
95951,4.25277907900441
95952,1.2362668355035349
95953,0.34451641341468553
95954,0.29473097977964025
95955,0.3674010714510596
95956,0.16686737277732927
95957,0.4500876869506467
95958,0.2427034530873275
95959,0.5806976857551915
95960,1.9380104839291314
95961,0.7199554141854116
95962,0.0858257157026945
95963,2.677767074129496
95964,0.8082029858281065
95965,0.26741721199045493
95966,0.11968829307731313
95967,1.0714386928099253
95968,0.5598733330147517
95969,0.5899210815383495
95970,0.9449974532119751
95971,1.0615481210808524
95972,1.9166058647509772
95973,6.480799528524056
95974,1.3922964527101422
95975,0.9242877418629724
95976,2.8460646713763644
95977,0.1469449172829587
95978,2.834923649783001
95979,7.0548108668824
95980,3.244327663646812
95981,0.8923083273062425
95982,1.07480922185588
95983,0.8448162117978464
95984,2.1859410206647105
95985,0.788952133732075
95986,1.0327508551471265
95987,5.535352918092283
95988,1.451619559079533
95989,0.8802972086585479
95990,0.46424813115587904
95991,0.09489188770927955
95992,2.5038614645853254
95993,1.0475803500219218
95994,1.1540885599530775
95995,0.21024296995857078
95996,2.3607073322746785
95997,0.1747697648322933
95998,2.946947084590213
95999,0.5002095224477177
96000,0.18575492481829095
96001,2.766616107673366
96002,0.5206782512288148
96003,0.6719365897288304
96004,4.565960835901293
96005,0.04066477326134478
96006,2.6522244944464775
96007,0.5659496642402648
96008,1.1648956957274583
96009,1.25163617124779
96010,0.1013368649598614
96011,0.06515819476332678
96012,2.0593268561219653
96013,3.0776902522830856
96014,1.0649163509196737
96015,0.7402324229255339
96016,0.789672254631479
96017,0.44353706188216124
96018,0.8534578926996786
96019,4.741419293637289
96020,0.13441960552747134
96021,2.273202083094812
96022,0.18651695445268845
96023,0.25819925261096255
96024,0.4900364665241182
96025,1.3180243400468223
96026,0.5742129261104051
96027,2.0456326188371405
96028,2.657894315102112
96029,0.17948975488124427
96030,0.15553714267395055
96031,0.30645111831290833
96032,0.8330712873588133
96033,0.2984588726934515
96034,0.14037818011643938
96035,3.395939308652306
96036,0.08435032341732926
96037,0.3379954734916885
96038,0.9252322924587921
96039,1.0625126449150892
96040,4.429560731683985
96041,0.8987554969586206
96042,0.302542319575828
96043,0.15783591583172712
96044,2.3672912516505846
96045,1.068095357467502
96046,2.2257060019650527
96047,2.033265819746349
96048,3.3378280648778778
96049,1.0676123342014696
96050,4.698267975749273
96051,2.8502998670342183
96052,1.463522588901634
96053,0.9003869384658615
96054,0.1156493460170753
96055,1.3470886152468247
96056,0.1358328166173976
96057,0.4464720681777115
96058,1.0847566001355275
96059,1.682006821450642
96060,0.6779282640417293
96061,0.49018197903929905
96062,0.38479675319322787
96063,0.5602871769464116
96064,0.8548283217146054
96065,6.885290689243003
96066,0.45389150310982285
96067,1.4628652277900043
96068,0.06684700035223841
96069,4.456678828013626
96070,3.51382238271006
96071,0.8444255162283625
96072,0.9398022299783756
96073,0.15760095022480677
96074,0.24777739612825236
96075,5.444846184511905
96076,0.5901896073684322
96077,1.4503358397044723
96078,0.02316250860610943
96079,11.436597171271664
96080,0.8330825517400865
96081,0.6352467099042078
96082,0.1567232784597134
96083,0.3913404019811848
96084,0.7249655557290265
96085,0.13386480680068727
96086,0.4803831786006611
96087,0.10265453107430092
96088,1.6718325542767367
96089,0.45027355703064154
96090,6.034845329433821
96091,0.05749664672500929
96092,0.11995434232874688
96093,1.6825557201590635
96094,0.443051112708416
96095,0.8286926774224304
96096,0.3782334267530479
96097,3.4588848666602607
96098,1.6051793485935075
96099,0.9864471216426917
96100,1.000855329570984
96101,0.1496449669710035
96102,2.7488614788166847
96103,1.3510767140378686
96104,0.06700261249052718
96105,1.8262384405209953
96106,0.468405446163084
96107,0.024905597546548006
96108,3.5296907509481885
96109,2.8261651302320256
96110,0.21281652757787115
96111,0.8847095622171238
96112,2.043277006702469
96113,0.019416308337790032
96114,4.824312479053993
96115,0.49220855089087934
96116,0.24851194582994834
96117,0.4617404821113318
96118,0.2577713000555087
96119,0.09780510703157852
96120,2.5018568926740676
96121,2.214493152145495
96122,0.8957860536466167
96123,0.17410909596266771
96124,0.2666622070144176
96125,1.0691805560218226
96126,1.5651001227678711
96127,0.7290059975713652
96128,0.9001619530322207
96129,0.3778394093420499
96130,0.10108380246754543
96131,0.29834540008505334
96132,7.153666171481533
96133,0.09658757839949872
96134,0.47355425312519356
96135,2.647030871188399
96136,1.0414910938945747
96137,2.928690356273015
96138,1.7259329304576476
96139,0.3970967355937802
96140,0.383806017384985
96141,2.572385397213806
96142,0.16566282133046947
96143,0.9419724976798834
96144,0.5307702099195569
96145,0.4103576681674835
96146,0.3001781324403955
96147,0.651217837591474
96148,0.4766408165853718
96149,0.4538456302294445
96150,0.5328214052836001
96151,0.7002069720075833
96152,0.5460895783669906
96153,0.8927648209323272
96154,0.3647357478574186
96155,0.07315282334282225
96156,1.212685631135537
96157,0.42144083712590014
96158,0.09062931771457287
96159,1.1722597322176016
96160,0.3470896607886537
96161,0.47034309896980475
96162,0.25467632307058446
96163,4.004831984706911
96164,1.2044419357149803
96165,0.7443614863374632
96166,2.367412223341392
96167,1.0115695486594418
96168,0.4479718650175176
96169,2.321128224620377
96170,2.3164888153556684
96171,0.6909723739569873
96172,1.823402342297992
96173,0.29287061095756617
96174,1.4079613608778159
96175,0.3187363383005569
96176,0.9747374380040776
96177,0.6307584633874527
96178,6.108460719138316
96179,1.446902939910073
96180,1.8900866256227886
96181,0.7444517091743172
96182,0.535038754386315
96183,0.16210929083130643
96184,0.825480330092741
96185,1.4638183127497693
96186,0.35290033039796415
96187,0.6863512727633956
96188,1.3862248332613285
96189,0.44840143333822624
96190,1.7162667289295752
96191,1.0097811607528926
96192,0.7457629142645844
96193,0.682355297843815
96194,0.892614688848526
96195,1.4316048996071913
96196,0.5202801361973532
96197,0.803509397632977
96198,0.5289002816181277
96199,1.1982522548373915
96200,1.9454375582532197
96201,3.460826954021095
96202,0.32583857554804535
96203,0.6801030982779597
96204,1.7828835362274418
96205,0.3776441813915963
96206,0.46558785039180817
96207,2.6510364980594034
96208,2.077044058265526
96209,0.07409132863029302
96210,1.1193501392629055
96211,0.20109162471742847
96212,0.20911203725558736
96213,0.22789787549453563
96214,2.262403779908851
96215,0.5327707589630217
96216,0.1426727425951429
96217,1.5262675813576043
96218,1.6794337563091135
96219,0.8051394630003781
96220,2.7881921859446788
96221,4.690418258052404
96222,0.36478871096715604
96223,2.6179282302206746
96224,3.1074495696278115
96225,3.5159517658601773
96226,1.075228546600483
96227,1.7352267008799238
96228,4.666934304236595
96229,0.320798097839221
96230,0.36508548979496125
96231,0.09358275523154111
96232,3.474097075562939
96233,0.4824084131161389
96234,0.3276807750556986
96235,1.1099817347592849
96236,1.1077613917894984
96237,2.400333717078899
96238,1.5182337285575616
96239,0.38307797336075883
96240,1.780076687766726
96241,0.45713171757849363
96242,3.5954269945716066
96243,2.526659966328689
96244,0.5838618556764866
96245,0.11263822576125693
96246,0.10249288538314531
96247,0.1206594399810426
96248,1.5864565494554155
96249,0.15599686033126064
96250,0.17111079977865568
96251,0.5899748047286343
96252,1.198233743008292
96253,0.7550661519233398
96254,2.722705650482533
96255,0.2059198871571105
96256,0.13284423051323146
96257,3.4549557998157594
96258,0.1788161409464552
96259,0.4984018525516577
96260,1.7677004628294173
96261,0.5662034994456229
96262,0.27036771436502277
96263,0.8389224110483042
96264,0.20067029505531023
96265,0.19431170695936495
96266,0.07287884144482022
96267,1.6437477201114508
96268,0.7004064564895469
96269,0.45065099424760474
96270,1.0430097219412504
96271,2.3569139901074885
96272,0.0590862381113343
96273,0.46337437919663876
96274,2.201603445525139
96275,2.2433274960404805
96276,0.42458981979628335
96277,1.109682143246786
96278,0.6659304151516847
96279,0.38332437860351076
96280,0.2068549341901825
96281,0.09806270359423899
96282,5.455639904418824
96283,1.7025333574844623
96284,0.08353187002249654
96285,1.18446102828167
96286,1.5573863089916118
96287,0.28195529599828417
96288,0.19218641902123856
96289,0.1300417036461542
96290,3.7344482764078055
96291,1.3019336671097126
96292,1.4377245958147928
96293,1.0717105040164112
96294,3.6913754434576305
96295,1.8602088939104908
96296,0.9765288324973485
96297,0.6102191592196362
96298,0.09090252459680559
96299,0.4667741746145497
96300,0.6476819797339133
96301,0.2850007051052315
96302,2.2481246252916836
96303,0.5690065544845125
96304,3.375512963457077
96305,0.13417957999115324
96306,0.764600945217383
96307,9.497153430736846
96308,0.2192644724498573
96309,1.5785267459327017
96310,0.3952563291721685
96311,1.922898286196769
96312,0.553271926999411
96313,0.895527345476149
96314,0.4337819333993085
96315,0.12204855848126235
96316,1.3682045079017822
96317,2.3716124177004794
96318,1.1600818162741982
96319,0.1399564551469548
96320,5.0347209213347135
96321,1.8358397619645381
96322,0.4533657527969312
96323,0.23496003628532902
96324,0.810770457049897
96325,1.3814266112630629
96326,0.09402403934021614
96327,1.1095363124619857
96328,3.8440081107991597
96329,0.15214397654037987
96330,0.936137297512204
96331,0.22303229980488606
96332,0.2995642765853882
96333,2.2469092982938674
96334,0.22770917873088514
96335,2.2874919060770145
96336,0.7655525106017618
96337,9.563652959156212
96338,0.3060111516258648
96339,2.0484991032568933
96340,3.3456877295358796
96341,1.0956688070565324
96342,0.33061474096323856
96343,1.0251397538168745
96344,0.6851310402413057
96345,0.5963118299847733
96346,0.2580576193923147
96347,0.30925803154229226
96348,0.024267398086684155
96349,0.27879775157457476
96350,4.230498275542935
96351,0.3182525888730057
96352,1.6851515593940292
96353,0.7176928005156471
96354,1.0179280541122435
96355,0.3705781864585551
96356,1.0035047535332284
96357,0.18857674111501255
96358,1.0034524838206342
96359,0.3781784066407456
96360,0.38801469530084415
96361,0.5144353207410346
96362,3.4598391692819503
96363,0.0734285354736478
96364,0.5833010771468259
96365,1.2631580044836819
96366,0.30379077123347115
96367,0.5570997746701403
96368,0.5757745924913981
96369,2.996308510392518
96370,0.16887405413347334
96371,2.7115571326599883
96372,0.13744072997376666
96373,0.697522384085231
96374,30.06640678598295
96375,0.21836336109966717
96376,1.8653727766154817
96377,0.5598787811681495
96378,3.247598549636633
96379,1.9589268132859792
96380,0.4656340660711046
96381,1.0640829037085027
96382,2.4598045729007905
96383,2.368411464018684
96384,1.202877736196141
96385,0.7091693008735187
96386,0.4172445734271405
96387,1.7830366066593952
96388,1.3289683780202721
96389,1.0235605196927375
96390,0.6802735833221613
96391,1.4581223682765483
96392,1.3823517941460892
96393,0.3099556163988168
96394,0.2376325076755478
96395,0.26729954114733845
96396,0.30397328023586295
96397,0.1532878592777262
96398,0.22167190119255117
96399,1.1874803848502307
96400,2.0737407537280137
96401,0.577279177878325
96402,0.20290800124748395
96403,0.2990535374833602
96404,0.08761083408705882
96405,0.37705664144143697
96406,0.03848014185587558
96407,1.6181620222107347
96408,0.42521117945330006
96409,0.1253603911396132
96410,0.3199006580105104
96411,1.2949380349739172
96412,1.915662622590564
96413,0.8482806950499686
96414,2.9034386530844403
96415,8.477175345467018
96416,3.0016399926230193
96417,3.2155736445092136
96418,2.086823264327508
96419,0.870434550979331
96420,0.4573331658373184
96421,0.8126166221989408
96422,0.2941179504945728
96423,0.42989435662155906
96424,0.6479147527937157
96425,1.3452990068326858
96426,0.20934516763379146
96427,0.39688544901357276
96428,0.3373253621962838
96429,1.0549515124850035
96430,0.6226572752043742
96431,1.4032535411870681
96432,0.748112906492044
96433,0.9110183933520664
96434,1.2933162179667164
96435,1.6681345335769748
96436,1.3448081917020465
96437,0.9643271245274897
96438,2.330653552887216
96439,0.817680603426136
96440,0.7233821769713569
96441,1.1882339590009756
96442,0.34063392431244843
96443,0.45702424382637374
96444,1.0156304915936407
96445,0.5087111207063387
96446,0.27891679519926693
96447,6.167878172934031
96448,1.4317798023904074
96449,1.1106937515432964
96450,18.45816355311708
96451,1.2615698985793342
96452,18.53492854289633
96453,3.364106058454066
96454,2.399786648815745
96455,0.9758775913643103
96456,0.8393765095525216
96457,1.0296061733848103
96458,1.4977957918030218
96459,1.4285176070587124
96460,0.6312155519236171
96461,0.15350976808217828
96462,0.1864913431779416
96463,0.8353405128421311
96464,0.8925620840042536
96465,2.164674916455617
96466,1.4711200603498116
96467,0.34224600370956765
96468,2.056055351919268
96469,1.0244887368915305
96470,0.8689502638043588
96471,0.6034503632066388
96472,0.651351841773254
96473,1.3760866852434783
96474,0.14598726088618877
96475,0.8496186779961451
96476,0.6056212139816103
96477,0.030178990001783798
96478,6.86866485273653
96479,0.6833595883550977
96480,0.6055090937783498
96481,0.088417105485979
96482,0.9501909695430261
96483,0.7187740386251776
96484,1.82553922554323
96485,1.054577367481255
96486,0.11139124920263814
96487,3.756471261016284
96488,0.7043246537051409
96489,1.0257235004688965
96490,0.47321190791052753
96491,0.3139760167303259
96492,0.3048476617132304
96493,0.18440410064265025
96494,6.162258313541798
96495,0.4552149618092248
96496,2.569305559124775
96497,0.21653559007129472
96498,5.827995142260831
96499,0.7801077648271137
96500,1.2343152698957123
96501,0.9498354852621146
96502,1.9057410550788667
96503,0.5646998336675868
96504,1.0002522716323823
96505,0.29677055431863786
96506,0.09185894004613737
96507,0.08098748098676717
96508,2.24273047658355
96509,3.683362842976785
96510,1.6681499883670212
96511,0.28351285131543275
96512,1.5267183779451734
96513,0.3398172270022004
96514,1.51957277738615
96515,0.9470267654098347
96516,0.4601252970485437
96517,0.3835748233963014
96518,0.694772089765859
96519,0.9182033958803946
96520,2.2841853861722603
96521,0.612671788972613
96522,0.8079142455074333
96523,0.24133270696552483
96524,1.6615159382060831
96525,0.035194261196768335
96526,0.2601626319901241
96527,0.6244166805936964
96528,1.0813947935874266
96529,0.8809183493168457
96530,0.5128820049097719
96531,1.4657396069852184
96532,1.7172084613643428
96533,1.8371783807276456
96534,0.15562501514960062
96535,0.07354653462830821
96536,3.239288610012728
96537,0.46890445692991334
96538,0.4167653469119177
96539,3.0772279658714736
96540,3.828243914169417
96541,1.2353030804028908
96542,1.1820848749011539
96543,0.610739497724752
96544,1.7407809617306034
96545,0.34209577964884913
96546,0.8966807296037582
96547,0.9347453880748495
96548,0.3907357924196172
96549,0.245513645451841
96550,2152.2221809191888
96551,0.13910401990275598
96552,0.744970576931628
96553,0.06336106637669836
96554,0.12587928179398986
96555,2.3327102208937935
96556,2.0367801369198304
96557,0.12811359837498598
96558,0.3405249286115268
96559,0.9821328261285784
96560,11.925819003338509
96561,0.08079337339213723
96562,0.5814669450645022
96563,2.8371481751071763
96564,2.9320773402753315
96565,3.8654454187062672
96566,0.6647792316501206
96567,3.341161421209742
96568,2.0682187276396524
96569,0.996373071961699
96570,1.3384828989583872
96571,1.914191454618563
96572,1.6475373493405847
96573,0.464252325150743
96574,0.18623428751693238
96575,2.7095600555240065
96576,0.24707569085414158
96577,2.9281516172542545
96578,0.7150898420200656
96579,0.5799515220801796
96580,0.6252045093038415
96581,1.280646080176659
96582,0.3820472579171422
96583,0.12052494457619714
96584,4.447887069334932
96585,0.211348923378883
96586,1.4362954373541121
96587,0.6260645129170258
96588,0.8592947492328417
96589,0.10342736125519583
96590,0.44586175295396985
96591,0.12165146117240737
96592,1.5089926118997
96593,0.062303193125714966
96594,0.1737546337100892
96595,0.11413222217672345
96596,0.08291162795800416
96597,0.9202511940068663
96598,1.4146361051377971
96599,0.7502176289364473
96600,0.19049330815411006
96601,3.328873237493432
96602,8.8360815024106
96603,1.1786931635615094
96604,0.6282992137766487
96605,2.8444587428116863
96606,1.025997726525863
96607,1.2574425656409793
96608,0.9828171863951614
96609,1.1445768717622888
96610,0.12053974007947582
96611,2.286656957110436
96612,0.3616888972538729
96613,4.65745793464873
96614,0.7442292013018744
96615,1.0047749827634442
96616,0.5548725463212556
96617,0.690144949225424
96618,0.47023288455998524
96619,0.9415396873105776
96620,0.5314981780000066
96621,0.11267602889893631
96622,0.0741351934850805
96623,2.259740324615522
96624,0.385995642335697
96625,1.1295033749169034
96626,0.4092190942156221
96627,1.9690523300265124
96628,0.532782095270037
96629,0.7767846488794896
96630,0.6171540123301241
96631,1.4532269979734398
96632,0.5662703143751215
96633,0.08075281334206119
96634,0.7670247028213638
96635,2.405482752557257
96636,0.23528765781115585
96637,1.1165862373561621
96638,2.2536810317719786
96639,1.5064397368778124
96640,0.13205110582009832
96641,2.466193684876688
96642,0.11698761736312588
96643,0.09991065313623645
96644,1.5229794725901635
96645,0.23980615723488674
96646,0.3551370489970751
96647,0.29631863211495413
96648,0.23918783354510356
96649,0.3602311542741754
96650,1.4337300434314701
96651,5.458340245219346
96652,0.1462680341132816
96653,0.7362094154901693
96654,2.0075016491413193
96655,0.4239143446925017
96656,0.2584644040317039
96657,0.14097771230132713
96658,0.5656841962901799
96659,3.474835150548119
96660,1.314499904659903
96661,1.6731434446470568
96662,2.8041896906841193
96663,1.6292478762059455
96664,0.9809246027039766
96665,1.738714645095243
96666,1.910026030359107
96667,0.7314200804904173
96668,0.31532393631026
96669,0.14455264409808447
96670,3.9012364024770125
96671,0.7808556076076996
96672,0.9271704150662007
96673,0.760389234662586
96674,0.2243495827616698
96675,0.2487541824292333
96676,0.42677183987745715
96677,1.549918259744445
96678,0.6452764925497231
96679,0.9301118707944037
96680,1.0537974741989928
96681,0.22482011987031644
96682,0.22862136768940666
96683,3.3250900033664386
96684,0.5538605956317503
96685,0.19458345186637216
96686,0.17090433581366313
96687,0.3373477439645568
96688,0.4438073281862424
96689,1.0406385686225788
96690,3.3600255197919138
96691,2.203248011788191
96692,1.3428924254439925
96693,2.791442390054555
96694,0.28272902343455736
96695,0.8867116264353793
96696,0.15672967586836123
96697,1.6456830395318156
96698,1.0136106812578936
96699,0.7363223300862647
96700,0.4517068181012668
96701,0.8612580425940317
96702,0.711841547483701
96703,0.3959406346446752
96704,0.1945996771260808
96705,2.0266934454203485
96706,0.9876686874607057
96707,0.3319325330152562
96708,1.6097409410085028
96709,1.0927858731381026
96710,0.779953803420259
96711,0.294744010325014
96712,1.218217974761854
96713,0.40144381165745596
96714,1.0497344553003543
96715,0.10491784252666063
96716,1.921066719953438
96717,0.5826590132715488
96718,2.9621140263669616
96719,0.2962078559551907
96720,0.3670298169006615
96721,1.8132844613814634
96722,2.5981753772175025
96723,1.119426174979809
96724,2.755183629660392
96725,0.10103580623299559
96726,0.2778749649787067
96727,0.4022172358865291
96728,1.2658945474262964
96729,1.7791563452461747
96730,1.4078640472324917
96731,1.5459990182895431
96732,0.3524101756813689
96733,0.9011124414255081
96734,1.0069908956606008
96735,0.7226926981251961
96736,2.024868893885384
96737,1.6718737061455304
96738,0.6919896752154874
96739,0.23382585592259755
96740,0.9704299359089025
96741,0.8130204953854276
96742,1.1868363465679501
96743,1.8953150241444487
96744,1.3814435543342345
96745,0.8356721241767034
96746,1.4319578505950807
96747,4.20473285413957
96748,0.4069107228668837
96749,1.1448991302607148
96750,0.9098875754771327
96751,7.16389789000839
96752,0.4169048350311515
96753,3.0772363572690997
96754,2.7498132355170326
96755,2.588099050810923
96756,0.03784896406613644
96757,1.4956977377556206
96758,2.967754982623688
96759,7.5059727492973725
96760,2.5065488871296386
96761,0.08639706667460145
96762,2.520453249113082
96763,0.9972077027113873
96764,0.6786814969045363
96765,0.11821958702174114
96766,0.4221513451652196
96767,2.0993522577166965
96768,3.474778544587559
96769,0.32249353808053116
96770,0.2741727302436127
96771,0.052593754178530905
96772,0.5765843206246802
96773,1.697872988280474
96774,1.4251152716620021
96775,0.4361943303671769
96776,0.9883854870246805
96777,5.2304285310073375
96778,4.248126417205365
96779,0.4699377198202891
96780,1.6520077192788074
96781,1.7048960565382874
96782,1.8058622909935333
96783,1.2701019918025365
96784,0.7341080434894962
96785,0.8803010579338193
96786,2.4238366974889365
96787,0.13864767419095908
96788,1.4812068253178594
96789,0.6554679440909511
96790,0.13029414904003386
96791,2.692239731842473
96792,0.22040731902640556
96793,0.9741303789423441
96794,1.947502200601052
96795,0.7038267090981092
96796,0.04436866587858175
96797,0.2029036949460835
96798,0.1039050228921616
96799,0.5437038523603982
96800,3.7119144287031944
96801,0.39543622360957026
96802,1.5400070019457102
96803,0.42728904306126403
96804,2.093165084858015
96805,1.4106666359309579
96806,0.13504882761913783
96807,2.473071246623767
96808,0.18474428816658386
96809,1.6815621032635009
96810,1.21820148498716
96811,0.0852342918926927
96812,2.282846353092899
96813,1.1840360447396914
96814,0.12894823827340854
96815,2.4150933719081302
96816,0.2632573536394089
96817,0.15615269183572522
96818,0.0346299100911401
96819,0.4724244449682606
96820,1.9850183125539278
96821,0.3910622938565406
96822,0.7657000476863094
96823,0.6887699586122485
96824,5.511289071566588
96825,0.1037851187092376
96826,1.5018433827107889
96827,0.5658244821318965
96828,0.07279541612238943
96829,2.7892165054842573
96830,1.2508804891974277
96831,0.7281976885204247
96832,0.7708319332796081
96833,0.6138765267858424
96834,0.7188988647935151
96835,2.612421094276682
96836,0.22137622854082145
96837,1.2651889070786124
96838,1.7847960603402107
96839,0.9748705400711805
96840,3.1475595611562337
96841,1.1275888217055798
96842,1.0184140445195196
96843,0.4495233031904282
96844,0.37232345872732714
96845,1.183789925454351
96846,2.237677504333587
96847,0.09185580022248108
96848,0.8835447640022221
96849,0.48916508678296566
96850,1.147925776047104
96851,0.8070609722417421
96852,0.09171751852189958
96853,0.8514470418693573
96854,2.476940158778096
96855,1.7854957332022143
96856,23.61479154783169
96857,0.096773464811792
96858,1.7627842506166793
96859,2.975435861334178
96860,0.830265777590232
96861,0.6144223661129797
96862,1.1413901192547906
96863,1.8997153679716927
96864,0.5849479229491644
96865,4.908332424746231
96866,0.6007639746114986
96867,0.36578122452405365
96868,0.6106077156743489
96869,1.1789789248275406
96870,0.4373035871979242
96871,0.2892487826484972
96872,2.170382282310992
96873,2.0010464913806705
96874,0.2252933741533431
96875,1.5444404325885812
96876,3.0237837262497793
96877,0.12110550115027693
96878,3.624574659739933
96879,0.4626572694089529
96880,0.11331662808134528
96881,0.19370227861963293
96882,1.9487544217645816
96883,1.5980301925971028
96884,1.3270115685235024
96885,5.551703473612449
96886,0.9453199983232924
96887,1.8174914359358278
96888,0.5494893682065394
96889,0.980239442490072
96890,9.618650999241185
96891,2.759808315439008
96892,0.6067719491534508
96893,0.25694400728354144
96894,0.18620789756515965
96895,1.618157154163799
96896,1.5448148837264357
96897,0.08362575835629137
96898,0.36999040035867653
96899,3.302628368981801
96900,0.05288966714657628
96901,3.5355856167948736
96902,0.5191421260116975
96903,4.622928949720729
96904,0.6517096317250075
96905,0.12722393979059418
96906,0.1306063912909233
96907,0.22069516450107224
96908,0.5678204106407077
96909,0.5044716342737566
96910,5.049136627949497
96911,0.4041582086066495
96912,0.4594897273526526
96913,8.31555435706108
96914,3.0770538720588507
96915,0.4078602058745325
96916,1.5358401366748362
96917,1.6518999746924916
96918,0.2619094514275548
96919,0.3151266712746924
96920,0.260283592608347
96921,1.5436921467255487
96922,0.19784608008738472
96923,0.4064089804157297
96924,0.14606717112969606
96925,0.6182726313485813
96926,0.2607083528847168
96927,1.2321304150349572
96928,0.16032920416535143
96929,1.8541145078080161
96930,1.0735816515017764
96931,1.8406267665321152
96932,0.9397262891952544
96933,2.7569602910538795
96934,1.1515821100872419
96935,0.7835871269609702
96936,0.9816386444264453
96937,2.230255324517331
96938,0.2837366570084904
96939,0.9762059010569345
96940,2.6647535410138588
96941,2.0783507377049344
96942,5.214541836045492
96943,0.3880257628151187
96944,0.12158144280669525
96945,0.21442103217127778
96946,0.953352034326043
96947,4.143119131158212
96948,0.24736392738311463
96949,0.39596989547302786
96950,1.0319636362453461
96951,0.2064614090133878
96952,0.3270428370875723
96953,0.12332834382624461
96954,0.7452851848318615
96955,1.1802723847532681
96956,0.5366112469578143
96957,0.1760680833127869
96958,0.16510336643392315
96959,1.3835113720205992
96960,0.6229132092750658
96961,0.7217885914670319
96962,0.5847000082495103
96963,0.4693919696886053
96964,6.093319880646932
96965,0.1639889539094241
96966,1.9391327864140353
96967,0.5680676740544199
96968,1.1672825839461503
96969,1.305760138836923
96970,0.1863410894060723
96971,0.6816784971603944
96972,1.0504573772796564
96973,1.1188735117782616
96974,0.8686139661092672
96975,0.8896443424136591
96976,1.3472996194584481
96977,0.6711401415057171
96978,2.072872391223438
96979,0.21202829243444318
96980,0.7754999106516721
96981,0.1606178837713198
96982,0.7919959094019986
96983,1.7240376048717507
96984,0.7971443237676656
96985,0.6154784977058139
96986,0.1829075024128231
96987,0.9027885638345149
96988,0.9323565441126066
96989,0.8228685591862053
96990,0.2769147299306713
96991,1.1915619366025199
96992,0.27734803325545127
96993,0.5062803737880436
96994,1.323793941715596
96995,1.3876812173445239
96996,2.5547983283717492
96997,0.7886251084752617
96998,0.2601943840752909
96999,6.065286009453942
97000,2.273388844980718
97001,0.8804629191020917
97002,1.4304432040730102
97003,0.3600528185796548
97004,0.3464890570822926
97005,0.7382363130211669
97006,0.13103121773765994
97007,2.886169901067864
97008,1.8919040748976024
97009,0.08791061549667774
97010,0.45803806217414533
97011,1.2555666528351712
97012,0.2677585962512267
97013,0.976552163768776
97014,0.5212987883597755
97015,1.823129111270984
97016,0.7606437053476015
97017,0.27796071634369673
97018,0.27095124152368044
97019,0.37148417333279315
97020,2.6068789650997495
97021,1.1665530297736058
97022,0.1914414455162006
97023,0.9867703566562291
97024,0.2823839973872315
97025,1.4756634729707
97026,0.7090181601118327
97027,1.7753666437766404
97028,1.2442724312971287
97029,1.4528143342814888
97030,0.5819009021947558
97031,0.6640532316787925
97032,1.1478102074802763
97033,3.2151094267589535
97034,0.31891948617183835
97035,3.058433395236397
97036,1.5645422827448143
97037,0.10436016882204582
97038,0.9666175851002746
97039,0.3169440362817443
97040,3.881491212624753
97041,0.11429205192880319
97042,2.1808900390859627
97043,1.1191274879597175
97044,0.31462755988737456
97045,0.3902359916459447
97046,1.060911820845451
97047,19.12917734692356
97048,5.783711359451005
97049,0.8211848281354888
97050,1.886288130497093
97051,0.34942827537987403
97052,0.9505503707861626
97053,2.0403461449546367
97054,0.6496625594283982
97055,2.521302717060834
97056,1.2868934370605776
97057,0.25668171686374464
97058,1.4347034762257143
97059,2.626909625869219
97060,0.2797685968355733
97061,0.30405201372089774
97062,1.2577312214257188
97063,0.2432665438239046
97064,0.9245575345198968
97065,1.322903141347234
97066,3.557396465551737
97067,0.056065910482226596
97068,1.1391334939645146
97069,0.0708463084377791
97070,0.11906294357974309
97071,2.2379117726226796
97072,0.8784638266121265
97073,1.024585351221754
97074,5.4532738217812895
97075,0.30521720018307863
97076,0.8074291831877032
97077,0.611834971118555
97078,1.734006632880492
97079,1.5717860127429684
97080,1.179508303273934
97081,0.5362689178702686
97082,0.7545984604175705
97083,1.4997298573943183
97084,0.4235194212464709
97085,5.589973061655492
97086,0.3280364878725979
97087,0.8251264390261954
97088,0.9213504898916884
97089,0.9566836188020086
97090,0.5160729308265307
97091,0.7263925993564527
97092,0.8489357616556177
97093,2.232086713551524
97094,0.051308602217197026
97095,0.5094164591053185
97096,0.9083035765774158
97097,0.23608231776238273
97098,3.65680945697074
97099,1.1939560149311708
97100,1.5198854541840778
97101,3.8922766125959156
97102,0.5441712011023614
97103,0.09246382677497805
97104,0.15601926864864038
97105,0.5302842606806644
97106,2.78574941424111
97107,0.7957102541875274
97108,4.468447802125393
97109,0.3011333976245848
97110,0.8257607963795386
97111,0.5136912626357941
97112,3.026387542967671
97113,0.580847785496968
97114,0.070008220456327
97115,0.6212894586764376
97116,0.42412447246958057
97117,1.2953204955070383
97118,0.35609815260309574
97119,0.4013104089358556
97120,0.10414596572852128
97121,0.7576976803692624
97122,1.080136987190084
97123,0.31195579543789126
97124,0.6150736274174431
97125,1.5097159334132435
97126,1.6559523325424115
97127,3.2591518623313456
97128,0.8396421692357536
97129,1.7370824490627554
97130,0.7345996069727119
97131,0.6744352429041884
97132,0.3542015455538126
97133,1.6683744207292204
97134,0.7797869851421332
97135,0.061698858949892604
97136,0.7696064361063739
97137,1.4329441151361864
97138,0.43932287956318594
97139,0.5336900102069305
97140,0.24001907999178063
97141,2.046741016216273
97142,0.807593123658117
97143,0.09659163484276731
97144,2.4175425838350875
97145,0.24213732349501543
97146,1.5016094017521908
97147,2.263981129323281
97148,0.22981335139385295
97149,0.12238746644464332
97150,0.7642717427095869
97151,3.2315247322147354
97152,4.899394787696622
97153,1.8232041237102972
97154,6.709858943779921
97155,0.9390273424654056
97156,1.05426139365114
97157,3.41269627623229
97158,0.23402672922625622
97159,0.23821335283006842
97160,0.7623784041996382
97161,4.088703715189142
97162,0.8244808366311122
97163,4.777850863798986
97164,2.8294362737451833
97165,0.6048341598135949
97166,0.3763932090753797
97167,0.17357704454958228
97168,1.5616672852598077
97169,3.748556770707295
97170,2.130462009927178
97171,0.9211258135709892
97172,1.3689968206045342
97173,1.3484026062599712
97174,0.6233211476314123
97175,1.146765402892132
97176,0.15734222712715779
97177,2.151828415222551
97178,0.3025309330512274
97179,0.5837019434932477
97180,0.16989828737874288
97181,1.0307649117076412
97182,0.83606428040785
97183,0.88998625689039
97184,3.1402144770829
97185,0.28909078949808226
97186,0.19702092946466093
97187,0.740114070628159
97188,1.1690427161243888
97189,1.0088632889245361
97190,0.1934684040018624
97191,2.239163398874197
97192,0.7226498984267266
97193,0.37182374983131894
97194,0.6052388183448456
97195,0.30966328882995814
97196,0.4496500271631986
97197,0.5157149796347191
97198,0.1543723636597298
97199,1.2629296084658308
97200,0.6422801558786283
97201,0.25794417217315246
97202,1.191153717439338
97203,0.4042157770398339
97204,0.33846750809709986
97205,2.0866343999304746
97206,0.09356144298040076
97207,0.8402055854661346
97208,4.073480233822246
97209,0.8622455884055831
97210,3.6987390526585124
97211,1.36402556779142
97212,4.930300423425551
97213,0.7679265665069769
97214,7.63505204582797
97215,0.33497416277612463
97216,1.6033816582753
97217,1.2811326958779738
97218,2.382850806990355
97219,0.9669306010891423
97220,0.5162402116145389
97221,0.9412294952350041
97222,1.7052988460888527
97223,0.5072136708945769
97224,2.58507181799786
97225,1.2414333099944617
97226,0.17655611442995375
97227,2.292739959691951
97228,0.7769342788961673
97229,2.3969355589873094
97230,1.271403207971785
97231,0.9199864093265988
97232,0.3710898575182609
97233,3.6499367298844168
97234,0.3592237959780817
97235,0.43431759660684394
97236,0.15810610912451029
97237,0.18994772075427419
97238,0.5292922102187503
97239,0.9655485894877036
97240,3.522554699284908
97241,1.738402713810346
97242,0.4452897728299795
97243,0.3141700439399425
97244,2.8533299859084424
97245,0.3102547069832285
97246,0.4896931521957484
97247,1.4380871221216007
97248,2.1409987468280813
97249,1.2981184037254776
97250,0.11302211044268626
97251,0.09592957436893162
97252,1.764554433140066
97253,2.0155506307926334
97254,2.0142689241455782
97255,0.6342976501777661
97256,0.8707526040667297
97257,1.930750602907015
97258,1.2917294396316001
97259,0.9670707776459952
97260,0.8043693207904976
97261,0.20750187521887795
97262,1.3358277300567813
97263,2.742742630257696
97264,0.2071215448756641
97265,0.6810905324226321
97266,0.2101396979399336
97267,0.1507255148501441
97268,2.327945257999161
97269,0.2894298336173179
97270,0.8027955790134798
97271,1.8050327894842988
97272,0.9592509174827496
97273,0.7356244467341659
97274,0.5625100103170534
97275,0.9374911866828123
97276,1.9329922518854588
97277,0.9122976197651449
97278,1.016149493832523
97279,0.22674886771868158
97280,0.9632162770182179
97281,1.0762953589967876
97282,0.20852617038822566
97283,0.8197248063160077
97284,0.7524754160289998
97285,0.806276174152798
97286,2.8262350255441686
97287,1.3258825976030448
97288,1.7165436511588452
97289,0.7755839376447032
97290,0.1627835019717168
97291,0.17083642085336573
97292,0.7034238798754092
97293,0.25896011636953037
97294,0.5386726643574963
97295,0.588236113306775
97296,0.3225147450012841
97297,1.6342747677713967
97298,1.3779666160788349
97299,0.7333489724395774
97300,0.167098893500108
97301,0.9881964101293715
97302,0.1170273942134684
97303,1.4667125075448255
97304,0.416851287344964
97305,0.4907859374275224
97306,0.1250781453205059
97307,0.15712115778344432
97308,0.5182301369223834
97309,4.158699577489625
97310,0.28817569986174063
97311,1.1059695218205445
97312,2.0052624170170503
97313,0.24244372514941664
97314,0.2819063952116104
97315,1.5967688951770012
97316,0.5000456598933842
97317,0.259906575429435
97318,3.2461510465143495
97319,0.9847167092846614
97320,0.08700571352279986
97321,3.344953114860321
97322,0.11467770846430214
97323,2.2063054726342033
97324,1.8888006215946678
97325,1.0852017603890067
97326,0.5086340973680425
97327,0.38137840677724727
97328,3.0899841690818146
97329,0.4722063874811182
97330,0.10315778668822265
97331,0.15304658110671157
97332,0.076300446916036
97333,6.522068433281793
97334,0.05538183451242313
97335,1.2181095768339738
97336,0.34611810636416657
97337,0.17135589067504428
97338,0.10384617509796455
97339,1.7912994941680218
97340,0.850189466276016
97341,0.1992812860241138
97342,1.5321400484171013
97343,0.5053223994011276
97344,0.18650109187026553
97345,1.2266669210994656
97346,0.4945792238130759
97347,0.502317600986165
97348,0.20071291833563054
97349,0.4857666043788404
97350,0.14225901557778117
97351,0.0914519127177297
97352,1.067493447655223
97353,2.7670748478410965
97354,0.357115112017198
97355,0.15786502040064582
97356,0.7432974122897494
97357,7.561256346479346
97358,0.8081495978605233
97359,1.030619946401964
97360,1.80580198539259
97361,1.7431690938916136
97362,5.073469096482956
97363,1.4061456171151079
97364,0.034888153660936214
97365,0.4491384549258211
97366,1.4368111284050398
97367,1.510654272781104
97368,1.2492503425503299
97369,0.3988631063612802
97370,6.93519215503317
97371,1.9209898097191616
97372,1.2020963538431806
97373,9.319282278552548
97374,2.778719492412984
97375,0.972112201844094
97376,4.2242015527264
97377,1.9514926596574471
97378,0.046395033449216444
97379,0.044306934381471014
97380,0.12473035910728858
97381,0.7900834652478791
97382,5.928675303992933
97383,0.09306807076079328
97384,0.7504007188621098
97385,0.041552012454923244
97386,1.085957784966461
97387,0.9402954140455312
97388,2.941468670680468
97389,0.11829687511087802
97390,0.6526135761734491
97391,2.2804095091439436
97392,0.6944511214635922
97393,0.5353606233987727
97394,0.39639831097009853
97395,1.3859453875397885
97396,0.26745726007354864
97397,0.739905390457204
97398,0.4443707634582315
97399,4.09243142948192
97400,0.463709963253532
97401,1.4807433562835257
97402,0.5868823166927006
97403,0.03941912858318137
97404,0.7960935310080512
97405,3.21754159524784
97406,2.450437628547665
97407,0.2673174419327998
97408,3.4811041411094426
97409,2.6450493510841677
97410,1.1474154772765426
97411,6.821136561992001
97412,0.753947366517854
97413,0.14843212678503812
97414,0.302169277448797
97415,5.105594852374499
97416,1.5923857664947627
97417,1.1928268997209368
97418,4.097425935251889
97419,1.3719526173478687
97420,1.6618060517254394
97421,0.19431290028918302
97422,1.0203769936634082
97423,1.4895392565708734
97424,1.0349990630738775
97425,0.7539622953182807
97426,0.09373918872823309
97427,1.9954073433445998
97428,2.5130835625859977
97429,0.8122382276915563
97430,3.6917275239381824
97431,3.639569306894049
97432,0.3867978883011656
97433,2.3763220376678302
97434,0.6601359461378158
97435,0.20781051473230175
97436,0.7791478390936907
97437,2.2438745092183394
97438,0.3494869784182911
97439,0.6666724409988002
97440,0.06486916225889107
97441,0.31920973148202286
97442,2.0415982850668764
97443,0.07399684120726525
97444,4.203188408113786
97445,2.149313562592128
97446,1.268129355842359
97447,0.7275076652377873
97448,6.391560922912449
97449,5.475034603951935
97450,0.9866738702740022
97451,3.8130790517358952
97452,0.9581861277237043
97453,2.1468807152230673
97454,0.508605828000107
97455,8.78885935188092
97456,0.4252536675298143
97457,0.15388614539316614
97458,0.21950548541741227
97459,1.253180828374132
97460,0.4235442469309585
97461,0.1992458643166297
97462,0.1284218641261721
97463,4.576700159811084
97464,3.81299924827745
97465,0.7433475205567722
97466,0.11179677783703164
97467,0.6426354408359378
97468,3.0241556418941524
97469,0.7425989421799666
97470,0.7779273946242454
97471,2.74596282634254
97472,1.837527530920458
97473,1.652916246223982
97474,4.792021291011064
97475,0.30273803144313505
97476,0.6145909515248273
97477,4.556818113697147
97478,5.397791486659216
97479,0.8667508925928096
97480,0.9836500036976014
97481,0.2091208485751924
97482,0.50382660349516
97483,2.854944427182422
97484,0.6952365140466854
97485,0.08659409214380426
97486,0.8067042495220754
97487,3.8704328763174636
97488,0.397881200313392
97489,0.6211931506351527
97490,3.4752589662361797
97491,0.03508940034744619
97492,0.43113738220076514
97493,0.13502347008559593
97494,0.33281777661851436
97495,0.8978526370760885
97496,1.0292053194403679
97497,0.5821655616875752
97498,0.5416551577292592
97499,0.0954916667951967
97500,0.5431853697466551
97501,0.05935505111739968
97502,0.3489057788035724
97503,0.46225833928413484
97504,0.5636826506493334
97505,2.011306617462034
97506,3.596515900317785
97507,3.7579744873045606
97508,0.6850629167288127
97509,3.5236828312559565
97510,0.5400917311408739
97511,1.09705955222303
97512,11.617282318612997
97513,0.2619243501311029
97514,0.8352032668916404
97515,2.5313537191627753
97516,0.8757368191515861
97517,1.9612942297167975
97518,0.5891577689825214
97519,0.2566459916000453
97520,0.5666989197321562
97521,0.8435817004083201
97522,0.6803488889454008
97523,1.2871114013693148
97524,0.8936029900074638
97525,0.5071660603861998
97526,0.3221839461157356
97527,0.2455323460024384
97528,0.3120478999932629
97529,1.9880530252966462
97530,2.283034620699865
97531,1.7176246426105346
97532,2.209931508999604
97533,12.781150122041925
97534,0.2256640600051087
97535,0.11176940807623016
97536,4.830506767179344
97537,2.7571491904473744
97538,1.237794519308939
97539,0.12136359875455274
97540,1.1243917491950377
97541,0.10852693442446286
97542,0.5110551282111679
97543,11.896324983167847
97544,0.4657910857392625
97545,0.6675676984593183
97546,0.07389595037883442
97547,0.3894495634681959
97548,0.06996245634931163
97549,0.3425847969232115
97550,0.11490150280733906
97551,0.8380452125568215
97552,0.9001333540471123
97553,0.21991919124565476
97554,0.26468322207216943
97555,2.4552031936300622
97556,0.4404199614651055
97557,0.6211832413856399
97558,0.1868139236863696
97559,6.8469441122952714
97560,0.4083269564538097
97561,1.5642777463507165
97562,1.285343895231313
97563,2.2255663149833227
97564,0.693238293653788
97565,0.3523757322877134
97566,1.2174408859828905
97567,0.8124725732313813
97568,1.319679942233708
97569,0.6857639064896437
97570,2.2807847075545893
97571,0.13383265936504837
97572,0.14863876294863756
97573,0.3642763914321948
97574,1.0872361998371136
97575,8.319963337745202
97576,0.7686687371680343
97577,1.3084055029815642
97578,1.349640609102817
97579,0.19215371561834538
97580,0.9213463031324024
97581,1.7002794727394046
97582,0.8298356862097912
97583,0.5214994238936825
97584,1.8498591006304888
97585,0.5167966793437472
97586,2.010475682734897
97587,0.4586880989748028
97588,0.761859700722623
97589,0.37137238370275427
97590,0.11435917780297396
97591,0.05534600011006126
97592,0.6926291768466365
97593,0.21457635231326816
97594,0.20728461216895547
97595,0.2230289780378922
97596,0.1261189920797653
97597,1.1544224097673053
97598,0.3655841242086028
97599,0.9702379359627787
97600,0.21498550967812768
97601,0.053552816052017595
97602,1.542291969006587
97603,0.7515906441781796
97604,0.13896322670696254
97605,0.6182896548006197
97606,0.3253164840325844
97607,1.3793891307467665
97608,3.391091572016509
97609,0.8150774786992737
97610,0.024082648805156703
97611,3.5341594389295956
97612,1.1573194777470714
97613,0.18597769452333818
97614,0.29516086259630053
97615,0.9645998633398913
97616,0.7442670537998115
97617,0.2340436298038471
97618,0.23426991511022544
97619,0.9979919669789723
97620,0.40400302155370726
97621,1.8122789569184032
97622,5.71919381793233
97623,0.09445470695407768
97624,0.09296578625231994
97625,0.22013957222716643
97626,1.8990977887922882
97627,0.3329283737458827
97628,1.2244539829380052
97629,17.39498059611276
97630,2.4533547168338097
97631,0.7112469446561399
97632,1.7877497615674052
97633,1.751514721080982
97634,0.7485182646979577
97635,1.290582051371465
97636,1.6063356715156285
97637,0.1839408186980999
97638,0.7660849787273138
97639,1.6528451951038448
97640,0.579341322781832
97641,0.2588391148495405
97642,1.0544707859216866
97643,0.9327685814198572
97644,0.3431979832876809
97645,1.0625507612834628
97646,0.1832554173944381
97647,1.0077417427024618
97648,0.16933421053786216
97649,0.35450040109055375
97650,0.8077200949938161
97651,0.4232311864400826
97652,1.3802571846284764
97653,0.34408327740325867
97654,2.7176267294042287
97655,1.5866931142176324
97656,0.23626594117763003
97657,0.9190248472226239
97658,3.167506626069825
97659,0.8407223760365004
97660,0.9213071313867224
97661,3.0056595732157927
97662,0.1783484578358476
97663,0.6589104840445288
97664,1.1237392170052753
97665,0.6357413692364213
97666,0.7426902824360253
97667,0.9763577973410056
97668,0.26739636658742
97669,1.7018987978927678
97670,0.18747498432707146
97671,0.2979790632377689
97672,0.15408885327439623
97673,0.3472363075975732
97674,1.0634325797203603
97675,0.12240497745894645
97676,0.40207368175218905
97677,0.4807105623428653
97678,0.36836393282719265
97679,0.42280087983064496
97680,0.7984327356703906
97681,0.9086084521896419
97682,0.5287979008851514
97683,0.715517229708195
97684,3.5522117977795427
97685,1.5242630990906902
97686,1.079248394375764
97687,0.5239892047626262
97688,0.26352652804002186
97689,0.2500202107481162
97690,1.0031004091770328
97691,2.5024261967092074
97692,0.6973801956276164
97693,0.4810223248734917
97694,1.3459812465094672
97695,0.309522458530052
97696,2.9511469442794036
97697,2.1260289831771066
97698,0.05960015043281681
97699,0.14571506078412544
97700,0.33622235260634303
97701,0.5494537633597476
97702,0.38968481002322414
97703,0.46687534776374146
97704,0.42476845554184595
97705,0.16506705065792387
97706,0.055651344735925444
97707,2.628468623807785
97708,1.8117837039789362
97709,3.872732273831733
97710,2.01797831460098
97711,0.1891164354456471
97712,0.03440387234003392
97713,1.7031592667659978
97714,2.8230004589864364
97715,7.166399770707421
97716,1.1427661953160915
97717,3.441877082602138
97718,0.7611518595040773
97719,0.32434005271562916
97720,3.4363507197000667
97721,0.4879587733608385
97722,0.5947744620033578
97723,0.532774592489302
97724,0.4124704298162707
97725,1.0139385582222025
97726,0.6926008558972163
97727,2.88750080810948
97728,0.5727091728595656
97729,0.6045671752696549
97730,1.105489042218704
97731,1.0024480790632602
97732,0.9929935131103035
97733,0.800786128559783
97734,0.7106581071763324
97735,0.308085759338604
97736,0.42220587484797506
97737,0.5004589289519306
97738,0.43229542675470095
97739,0.323496064645058
97740,0.9144430414357045
97741,0.6968765215959065
97742,2.169627884021513
97743,0.446040706017155
97744,2.8045506070420063
97745,0.26016787987040735
97746,0.11981043377760237
97747,1.622001351817618
97748,0.8541522764788431
97749,2.0922265915265617
97750,3.61986090027015
97751,0.7573528696406212
97752,6.310971985038133
97753,0.7870817974144242
97754,0.46604437683362426
97755,0.67962455821172
97756,0.4048153218069906
97757,0.09027215737176662
97758,0.2735753584760999
97759,4.620492254745356
97760,6.6684879000014075
97761,1.1668512919730023
97762,0.16840231730180782
97763,0.7464923967225241
97764,0.17032009559500313
97765,0.7611632758491614
97766,0.15429112377250204
97767,0.5032970292551779
97768,3.147696642653691
97769,0.979981460285591
97770,2.017239183537893
97771,0.9315122966521119
97772,1.0561255932898945
97773,0.3612464843467715
97774,0.6551546140875488
97775,0.0306654405479478
97776,2.6527574094991566
97777,0.37932625826558714
97778,0.2947972718717621
97779,1.3173957394171394
97780,0.840952232411118
97781,1.8581255242321215
97782,0.24476284477465188
97783,5.035896033207542
97784,1.1692637642299863
97785,0.162634395576283
97786,0.8863227084824437
97787,0.35027032427457117
97788,2.4949136604836344
97789,0.16479914692537814
97790,1.82782065927288
97791,8.069907467468767
97792,0.22536499507348612
97793,1.6102472753656651
97794,0.9204878769808386
97795,0.3390607813140911
97796,2.5754410586418985
97797,0.42898758407507304
97798,1.010987679611
97799,0.27104464713283377
97800,1.7558607744305392
97801,1.332000763574585
97802,6.1579543900843685
97803,0.15755344388240713
97804,0.10002971191981354
97805,1.6765967015831642
97806,1.5277848028031809
97807,0.3044077708230232
97808,1.63273997337047
97809,0.4529229792902059
97810,0.3333893589651344
97811,0.29681049034727713
97812,1.6918847981100327
97813,1.4775450442942542
97814,0.6009328847637108
97815,0.9277796873210014
97816,6.227715570948918
97817,0.611768373940375
97818,0.9760364895169448
97819,1.8573090464296462
97820,1.803646930081517
97821,0.35985580921259397
97822,0.24797409608364718
97823,3.8281793592472657
97824,2.12746827670358
97825,0.029392419994248433
97826,0.8347952363738174
97827,3.255237527974756
97828,4.354984832612642
97829,2.2634314785094998
97830,1.0196585414335761
97831,0.6877249591621104
97832,0.2573273187018453
97833,0.9087594345729464
97834,2.1697717669138434
97835,0.31020849350090857
97836,3.1688709818401457
97837,0.08669447292595603
97838,0.5761536138284733
97839,0.7862141700513569
97840,0.4345936264526429
97841,1.0025362318655051
97842,0.7443902568910387
97843,0.21210559693307102
97844,1.7601404557793885
97845,1.2160274287616388
97846,1.2569116090478083
97847,0.3133818482884071
97848,1.2044750604220091
97849,4.301955673324865
97850,0.23374880801323233
97851,0.9804648792036086
97852,0.3781474153896894
97853,0.28963208539104873
97854,0.5131106326529822
97855,0.9539629154385978
97856,12.53231427620805
97857,0.09572420332159193
97858,0.9762548427737143
97859,0.45788451355919557
97860,4.798104381753548
97861,0.10307151074965573
97862,1.0484144377608748
97863,1.3647762954409017
97864,1.1472873785599427
97865,3.190498188087893
97866,2.2695886130056575
97867,0.9031421976082885
97868,0.37584856545195433
97869,0.6550436029587994
97870,0.9891978179865631
97871,2.349931621464977
97872,0.41530722893402916
97873,1.083820127601004
97874,0.09793126918405426
97875,0.2147320064963235
97876,0.24120994824470973
97877,0.734404933349964
97878,1.1023904675388143
97879,6.907134714472298
97880,1.19070241653077
97881,1.5579158508891908
97882,1.1867042370899452
97883,0.2367694553135605
97884,0.08484527786550508
97885,1.6817527708952995
97886,4.502942741818138
97887,2.258318444535563
97888,0.9893303937421589
97889,0.3745853393321732
97890,0.9445007184749724
97891,1.2625810940023754
97892,2.712384349038429
97893,1.6596647444267554
97894,4.947156757161667
97895,0.24492983204153868
97896,0.26086850598537553
97897,0.06728098230764208
97898,0.26873496179582684
97899,1.0171438016954106
97900,0.3756136951104129
97901,0.10391336220123465
97902,0.719636634493503
97903,3.660743213793775
97904,1.4082207505280664
97905,4.716049633755738
97906,5.122908648209496
97907,0.5586535247250531
97908,0.07389867975570624
97909,0.6543986360384656
97910,0.6522038031076524
97911,0.8830220631906488
97912,0.5827922430270428
97913,1.012257303986551
97914,1.149060489547413
97915,2.510798078996564
97916,1.796570880675754
97917,2.758225895961564
97918,0.5300158367267126
97919,0.7970986323534637
97920,1.0361423826407012
97921,1.2822567802343097
97922,4.976100408731618
97923,0.7568907495413806
97924,3.115272924656151
97925,0.26270007374009074
97926,0.3716036989958918
97927,0.7553784032234244
97928,0.024176657235692983
97929,0.57009544955122
97930,3.148342913982151
97931,0.6874510704636712
97932,0.5894872649942113
97933,1.6939499362363903
97934,5.438318945366264
97935,0.3219188699742466
97936,0.3839552797833333
97937,0.45686955025971226
97938,1.078569143804053
97939,0.9022243004675183
97940,0.5614007281565747
97941,0.3165971400702433
97942,0.876518325920534
97943,0.13818667947160654
97944,0.6601034689675083
97945,0.9783728205019274
97946,0.4237569134010273
97947,0.2634317073801039
97948,0.2540215169682467
97949,0.16695811082678846
97950,0.3429144021094393
97951,0.25210404379337775
97952,1.9761051897893847
97953,0.4713616195310369
97954,0.4052145869319751
97955,0.11829373605912191
97956,1.8941017736578232
97957,4.618646541046964
97958,2.012559777370872
97959,0.25447492527989146
97960,1.0942341316986801
97961,1.0359840297802094
97962,2.3935047121505537
97963,0.6888066079362045
97964,0.8518700844523932
97965,1.21534462679284
97966,2.4979910704975037
97967,0.4815814201363387
97968,1.09954847848736
97969,5.84340132905929
97970,1.060327220752534
97971,2.768403974461111
97972,1.6230954619768885
97973,7.348249262185456
97974,4.016961227364605
97975,1.5702776530398084
97976,1.4154803934798776
97977,0.6364497143557099
97978,0.2359051094453568
97979,0.9148554043664469
97980,0.8695235919785258
97981,0.5159540277380961
97982,0.4246197043969702
97983,1.752539641083375
97984,0.5362688531023788
97985,0.10561023149048077
97986,0.7078965862099869
97987,0.28611773166059395
97988,0.09730912321415815
97989,0.20013170128189176
97990,0.18046706930431913
97991,1.653989020716026
97992,1.8951415268921417
97993,7.065472666025415
97994,18.232332173324856
97995,0.4446758614262687
97996,0.48503173713310943
97997,0.1896931024262573
97998,0.947158135416071
97999,0.19137281623795296
98000,0.29957775506538886
98001,3.488941150845152
98002,1.2667888382335186
98003,0.15361895649546387
98004,1.0384744398281163
98005,3.6006730423952296
98006,0.33041818493648817
98007,2.3002165644552033
98008,4.411730207147413
98009,0.47356801715942226
98010,0.21769097688882594
98011,0.4995304793499019
98012,0.05112693152910007
98013,0.47619379852015276
98014,0.5043582597688414
98015,1.0699530430574684
98016,3.3743133655739
98017,0.8707149719441103
98018,2.0406468554887653
98019,0.8386225801581697
98020,0.6336794869697011
98021,0.5675856423493711
98022,1.0818210028382462
98023,1.6078154178568915
98024,2.3404553940337407
98025,0.6922252731889802
98026,2.8766157918879527
98027,0.6254401219191872
98028,1.3917970623414133
98029,1.652677323514415
98030,3.054757279472708
98031,0.13965683271782806
98032,1.8716661835967625
98033,0.2692698178595249
98034,0.44461986534799913
98035,0.2657012010741999
98036,0.27958087414596666
98037,0.8671537770863855
98038,5.829113815235701
98039,4.4448134410267315
98040,0.1411341753809
98041,0.36009821779065493
98042,0.338709267964228
98043,2.5819225802763297
98044,1.4169038864171113
98045,0.5558553867763998
98046,0.7538000187299385
98047,0.5306896569503944
98048,0.09238623994792311
98049,1.2893811495362484
98050,0.07055288493218777
98051,1.1637525574437633
98052,0.5972537612296943
98053,2.8884760453257665
98054,6.38770897501389
98055,2.017942912974386
98056,5.8103561999653275
98057,0.6662311781999951
98058,0.11388767757576411
98059,0.7191375289024603
98060,2.164668468865771
98061,1.0114851824521938
98062,0.14863714509057488
98063,9.375566450836274
98064,0.9167849231132617
98065,1.8350304716264179
98066,4.018516282304681
98067,4.478582103908856
98068,7.217687374740183
98069,1.346682280568086
98070,0.4653646106781807
98071,0.6784648330351261
98072,0.39616711455015785
98073,1.3924806401288337
98074,0.6256710152603222
98075,1.1618226067002604
98076,1.2223952504353959
98077,0.10571119398882474
98078,0.6744087029544865
98079,0.3585200389788814
98080,0.09821466651774334
98081,2.8021413556711057
98082,0.2926606201727612
98083,0.7066576046919479
98084,3.6581004362504457
98085,0.15487006888436133
98086,2.0069393349274853
98087,0.24093328573842981
98088,0.4028477401004935
98089,0.3645662661473449
98090,0.8013424649629287
98091,0.4248630242458268
98092,0.0569549225186978
98093,0.4048028181567972
98094,0.3408519072556058
98095,0.16489205556127323
98096,2.3950774507123516
98097,0.6555705726641727
98098,0.5667554833281667
98099,0.6707306892422257
98100,0.3623766817015142
98101,4.960939814051498
98102,0.696873827764305
98103,0.6858275996124386
98104,2.6465543714263746
98105,0.25710287064868875
98106,6.908069829743333
98107,3.0335215791614707
98108,0.3330108837046647
98109,0.8682373588481211
98110,0.4921690437594131
98111,0.14727109361582444
98112,0.13858471944039288
98113,0.14112662390249853
98114,1.5690863998822244
98115,1.21610031292233
98116,4.414075062998029
98117,1.2594042587412828
98118,0.08589212205931569
98119,2.099565749998701
98120,0.6441190005847776
98121,1.2073836965162563
98122,1.3826047886881727
98123,0.219659891425809
98124,2.724458702373994
98125,0.1705394391705791
98126,0.3900117272902259
98127,4.4832711071768045
98128,0.3433979292734709
98129,0.2933473719346754
98130,6.08615214891075
98131,1.7696187610802137
98132,2.140821160441906
98133,7.112021920151029
98134,1.00946476025703
98135,0.9871745918407216
98136,0.8584829039902497
98137,1.0390802760444884
98138,0.8066447404615271
98139,0.596693779354772
98140,1.0193318336537318
98141,0.42202809405083075
98142,1.5112723148407254
98143,0.6829201823794029
98144,0.7881115522480545
98145,0.7481436903887966
98146,1.1566424637950257
98147,0.5736073817514102
98148,0.5079546386341133
98149,1.6997875251909929
98150,0.7074065423634354
98151,1.4962735551638238
98152,1.0439154387843188
98153,1.5659136755554732
98154,18.645563447203084
98155,2.0805786290455033
98156,0.4075468825586588
98157,0.1380234723445622
98158,1.9342718940715864
98159,0.1871309164396094
98160,0.26676436799181846
98161,0.18951948808675506
98162,1.8778912925791704
98163,0.28063041817651296
98164,0.3053030867598392
98165,0.379020007713579
98166,2.555198909296469
98167,0.6945744438521441
98168,0.22010916534660285
98169,1.0723597225581776
98170,1.1332562490165685
98171,1.1148932873583535
98172,0.35110402080729153
98173,1.7315479345136369
98174,3.861949444768143
98175,2.0855211475380555
98176,0.42993683493162244
98177,0.536422545251085
98178,0.7089456271781409
98179,0.06284150406423905
98180,0.9025157875067771
98181,0.9889379041343564
98182,2.2897301567634054
98183,1.4789701983956391
98184,1.6653976498801704
98185,2.4489880533485704
98186,0.022259294133294458
98187,0.16767904484697324
98188,0.4444318188886401
98189,12.722012649615127
98190,7.8224327855318645
98191,0.457640589186423
98192,0.5000071892871876
98193,1.4475625122135467
98194,1.519016017119668
98195,0.14591417342065324
98196,0.5927944755772667
98197,0.511883683893624
98198,0.4404152214697267
98199,0.2394566718108784
98200,19.84043240478146
98201,1.0576725228631607
98202,0.10195909388880715
98203,1.823572424280747
98204,0.2908745222661913
98205,0.372506105353332
98206,1.9163488578289198
98207,0.6182349629049818
98208,1.187639614808914
98209,1.8629341321984565
98210,0.32581470723926775
98211,0.33451925677219907
98212,0.33508078535795593
98213,0.9295660325810453
98214,0.12206012782604857
98215,1.3687588289435073
98216,2.178007026687635
98217,1.804384066870041
98218,0.7088002819158996
98219,0.2413883905099067
98220,0.44492800593752824
98221,0.2980445810285025
98222,12.994338425796135
98223,0.2368596690741114
98224,2.2585758017150996
98225,0.15256048370135186
98226,0.5662890136550589
98227,1.847276437360068
98228,0.9675734770220104
98229,0.3433318974342008
98230,0.7875971470249115
98231,2.1077629201033883
98232,0.2275786734547492
98233,0.8238794292386621
98234,0.6110743910971371
98235,0.6580184606416924
98236,1.0081069533056815
98237,1.1799534540390766
98238,1.8151346108184006
98239,2.019429494484393
98240,1.4469562466733215
98241,2.5029125644243115
98242,3.430089763695319
98243,0.5006453952682096
98244,1.0255235681548418
98245,0.05475016537894606
98246,0.22781051722871137
98247,0.05573549457208609
98248,0.704656250587445
98249,2.746620109704575
98250,2.0760207332124803
98251,1.2339270186525795
98252,0.2689675672586498
98253,0.2454677607442357
98254,0.5253318710519245
98255,0.9975563462886403
98256,1.3221486859179947
98257,0.6824692800780916
98258,0.12566191475188473
98259,0.75972530688122
98260,0.6340138395965694
98261,0.56066420309324
98262,0.5201900469492591
98263,1.0778937213107163
98264,0.4022936525061657
98265,0.37981783616706905
98266,0.1818762968451225
98267,0.18140033180151982
98268,0.4355931891875363
98269,10.12258117738426
98270,0.3063358778255099
98271,4.9974436275967
98272,1.212440455914301
98273,1.275842139890923
98274,0.31220194834004894
98275,0.47723053918398706
98276,1.7020266552730277
98277,0.09912486017530966
98278,0.1720579470322714
98279,0.9266751498273164
98280,0.27261422910265176
98281,0.8286399276840696
98282,5.714257854278497
98283,0.3064970345163557
98284,0.381328894868406
98285,2.542010017794517
98286,1.4650978429551524
98287,1.1811893425497044
98288,1.700542413915529
98289,0.6716305340509771
98290,0.18759639291962993
98291,0.29165499678004436
98292,1.0783393016998102
98293,0.31547813015351267
98294,2.7461779664631933
98295,1.7722402057167659
98296,2.5535259890386546
98297,1.9612549839910123
98298,1.908667000105047
98299,0.7933274955011861
98300,1.2277105541128996
98301,0.5312950141222239
98302,1.2680749647985905
98303,0.15019129927820563
98304,0.1674964220572923
98305,0.6087421028257238
98306,1.9829047332948264
98307,1.3150117053087391
98308,2.448911993355422
98309,0.3185312656009563
98310,0.16171777301070112
98311,0.15178652918644714
98312,1.667683342232487
98313,1.5413377401249586
98314,0.09958867344577557
98315,2.7719993849918825
98316,1.4086599361919079
98317,0.8472676992149957
98318,1.4507104040482481
98319,0.6530199701276926
98320,1.7639991958817065
98321,0.8135991732974267
98322,3.803800230307593
98323,0.5259030391539182
98324,7.222000979597797
98325,0.25768946024106715
98326,9.705672873686503
98327,0.24440691899222577
98328,4.072402853908833
98329,0.3728782949826352
98330,0.19221783688506178
98331,0.4458100699491012
98332,3.281618605192035
98333,2.8505349881496014
98334,0.08259655035389771
98335,1.5903327716910898
98336,2.3792605069555273
98337,0.5076094853131737
98338,4.0866431636146645
98339,0.14521302423568294
98340,1.0316216541208783
98341,1.4761565477213625
98342,0.40238720274878415
98343,0.24613620859716218
98344,0.18565546774134545
98345,1.3918484602552605
98346,2.703824792712239
98347,0.5922852516252948
98348,3.8982224902269507
98349,0.4028034136700808
98350,1.923631974443753
98351,1.8924522912084945
98352,1.096043237557122
98353,0.3359038979146861
98354,0.6769842064504137
98355,2.435849237672863
98356,13.418339473900168
98357,1.045497021254439
98358,0.26930839080343977
98359,0.2018750832186439
98360,0.44445969136137226
98361,0.6798855368501353
98362,0.4927472664870743
98363,0.4445288213231731
98364,0.11324814176036742
98365,0.11452882220288652
98366,0.5718304761924748
98367,0.2606643549997293
98368,0.4705763258237263
98369,1.3204407570152097
98370,2.495680008682303
98371,1.0608319444232415
98372,0.6810091441290087
98373,0.828121537787405
98374,0.20387057793311525
98375,9.638530870917107
98376,0.9098073712488078
98377,0.202858038170839
98378,2.593690306084251
98379,0.19723135022363436
98380,0.32556278939392747
98381,1.054890900819796
98382,2.1368172605965476
98383,6.266278796503496
98384,3.4462888250826746
98385,0.7069131341701369
98386,0.8453470560513673
98387,90.83330014464435
98388,1.4919785913493744
98389,0.04596215741108871
98390,0.3909695495227434
98391,0.15173461339593483
98392,0.9569964360722126
98393,1.1092498648618705
98394,5.370040536670656
98395,2.941770229739706
98396,0.3158472470145756
98397,1.4397512828230583
98398,0.9230178216970538
98399,0.7728528600230121
98400,0.927088150268925
98401,0.7275105801801496
98402,6.648300969793156
98403,0.14223350291505404
98404,0.044832596063822706
98405,1.477345321911966
98406,1.1763147141249501
98407,0.22667827891185738
98408,2.181374253183832
98409,0.594548510784842
98410,0.29691896391232353
98411,0.09426891367269474
98412,1.0076825136790895
98413,0.4506953413540789
98414,0.08298825128811756
98415,0.3715995774623661
98416,0.12629984529423868
98417,0.9608520205931009
98418,2.834265390660635
98419,0.4279365423451454
98420,0.29846693561052656
98421,1.056241780427399
98422,0.4303544060074586
98423,1.9563354361078633
98424,0.14296899800529558
98425,0.9402041551135675
98426,0.2434695033070598
98427,0.8878462560159008
98428,0.739814744097775
98429,1.0868872047056126
98430,0.36613347870213764
98431,0.3580360538247208
98432,0.9618710306677127
98433,0.035646525833875335
98434,0.7807151846751622
98435,0.3461155115861539
98436,0.9067475177573238
98437,12.318049914139948
98438,0.53060872146673
98439,0.7754798708152374
98440,3.2705603840834914
98441,0.42401228327577867
98442,1.5606920156593391
98443,0.7973493674166031
98444,1.424926776081195
98445,3.3516523193585046
98446,0.06188078037405328
98447,0.16043626544121917
98448,13.661546560909601
98449,2.2506048902798095
98450,1.9450763228328907
98451,2.5608643870029364
98452,0.18639809091027967
98453,1.276123733738008
98454,0.1527505503921744
98455,0.18714462149038466
98456,0.27669203763361694
98457,1.120927245473542
98458,0.25155836579711977
98459,0.15692240985869038
98460,0.38147191748381565
98461,0.1546811265635612
98462,0.2036366163443295
98463,0.5316175579323633
98464,1.1847075480778217
98465,0.6045701378400957
98466,2.158994524575072
98467,1.349720881619964
98468,21.611750659343265
98469,0.9915845435331773
98470,8.02263859201685
98471,1.732761065622819
98472,7.038966275045728
98473,0.20002878389313603
98474,1.4087199302085602
98475,2.909873257579097
98476,0.2034493040437897
98477,0.14300917924947676
98478,1.330866729012935
98479,0.5069187930922563
98480,1.0545289962594204
98481,0.400524365991135
98482,0.3283062415528002
98483,0.8458041673356008
98484,1.4872542995852396
98485,0.8927114077178029
98486,0.6664302581929408
98487,15.207941090084255
98488,5.304255804439602
98489,0.11307570227701262
98490,0.956546062541528
98491,0.5624154379301322
98492,0.44323542055771215
98493,1.5536601443230291
98494,0.5074916702024883
98495,1.010784867734654
98496,2.3900463798094327
98497,8.2544840798492
98498,1.4918117082345013
98499,1.209101117886164
98500,0.08632702806381662
98501,0.25500703131663754
98502,0.1043578440769221
98503,0.12880426375622467
98504,0.7486747203014334
98505,0.35383344714625165
98506,3.6439261595554004
98507,0.06326016244235882
98508,1.184803891787317
98509,0.04272286287114195
98510,6.240535300550349
98511,0.8918242498784151
98512,2.378130603478917
98513,1.982440126568468
98514,0.24062043431788688
98515,0.10908081876864031
98516,0.8080721414260742
98517,1.5070880710871697
98518,1.3639876149912658
98519,2.018211926464179
98520,2.8650417497599716
98521,0.440089409354928
98522,0.0631973911686727
98523,0.342911412993382
98524,1.2028941624201361
98525,0.3959125735530649
98526,0.7647254240148158
98527,0.31842950128643804
98528,0.04485742178873215
98529,2.8000160305168764
98530,1.3089696503927082
98531,1.3338054466799552
98532,4.881233429594853
98533,1.927643724854565
98534,1.057189185271475
98535,7.374858324207479
98536,0.4220890497522796
98537,0.1594869217393118
98538,0.6263105509021973
98539,3.710352777548243
98540,3.6594124109223363
98541,1.0383221858574019
98542,1.0058707927790966
98543,0.5636169305159205
98544,1.0245200606847447
98545,0.21764731300193588
98546,0.9001908692235493
98547,0.9008075667749906
98548,0.7535216687117278
98549,0.8968488683442128
98550,0.3089669815660307
98551,0.07543522631390595
98552,0.2313834955258217
98553,0.7451396302537859
98554,1.8482421654431929
98555,0.552740826881691
98556,1.0582877072919654
98557,1.6194631424660186
98558,0.6096772819772779
98559,0.07857362124232166
98560,1.2859347424416454
98561,1.4488969002100918
98562,2.6076244042119474
98563,1.6069923388920735
98564,0.29601203154905675
98565,0.08699393888592781
98566,0.8880139815743137
98567,0.6870335305469258
98568,0.2991680632779754
98569,0.21934926146071243
98570,1.1868414488334702
98571,1.1092862686787546
98572,0.6869597931715341
98573,2.515936947229649
98574,0.9915467417922371
98575,0.725512618610449
98576,1.0907796517270165
98577,0.36875589650101176
98578,0.39749049744469667
98579,0.36976779662887205
98580,2.3517080794191147
98581,0.6187313352700881
98582,0.49131895651968105
98583,1.080880476096991
98584,0.9688041178680336
98585,0.1061368021258238
98586,15.142987891677484
98587,0.08709006834700628
98588,1.7576142811027542
98589,2.6207400309941007
98590,0.12296148526216863
98591,4.5288227416292175
98592,0.3819200312805334
98593,1.9816395213424298
98594,2.1461553423683983
98595,0.46169069836920473
98596,0.5363503964365443
98597,0.22032606273681915
98598,7.146953158813567
98599,0.5076434096168843
98600,3.334630353318308
98601,1.095117089433876
98602,5.015059759552116
98603,0.1568797387409115
98604,1.5536440652651207
98605,3.2860111925319337
98606,0.38319011972279476
98607,2.508995119114944
98608,1.7141034219389775
98609,1.0608151631093357
98610,0.12884396625995373
98611,6.1535650628856695
98612,1.3932054644765137
98613,1.44476371667763
98614,0.09735132865600553
98615,0.9099642943883705
98616,0.11876839257498742
98617,6.113129109937257
98618,0.09063665196237937
98619,0.7811394106593994
98620,1.9520142192503604
98621,2.3147410298296007
98622,1.6811382168945868
98623,3.299193572830146
98624,0.31158976795597115
98625,0.4902473502783351
98626,0.6381725997221696
98627,2.577211689185123
98628,0.6919291144239561
98629,0.6321807931265402
98630,5.721687972662526
98631,1.8502210265778904
98632,0.45742288568222955
98633,0.9356708756294815
98634,0.820500161409262
98635,0.0810443470266963
98636,3.8353472882548583
98637,2.3593847057275736
98638,0.818922960443136
98639,9.395611769551131
98640,1.3088501004559014
98641,1.2168259682837355
98642,0.6393808428885457
98643,0.4625719557850631
98644,1.1950561391253094
98645,2.5482947553671726
98646,1.1559338225473066
98647,0.8001767874103246
98648,1.5235721239997502
98649,0.7532036757722368
98650,13.1331707994152
98651,0.7261036335681821
98652,0.5759866527238509
98653,1.7387947820321907
98654,0.39298008695526454
98655,1.1672207875319502
98656,0.7809279320068425
98657,0.5330065876658524
98658,1.2402135928500644
98659,1.4580284951038671
98660,0.5438588983231577
98661,0.2085268130114638
98662,0.12612185434542753
98663,0.13473374872902766
98664,0.16704377880287508
98665,1.0525933562567602
98666,1.4484104755143488
98667,1.192755516252097
98668,0.07259234702850745
98669,0.7072192828671681
98670,1.2836103280621747
98671,0.0594872048043644
98672,0.55361888948674
98673,0.06294553992444686
98674,0.7659055675642702
98675,1.9218000732981262
98676,1.7115010935189006
98677,0.3262146729597766
98678,7.556254911435239
98679,7.069697245915132
98680,0.6081500697281768
98681,0.5898320856236361
98682,0.3540748035107228
98683,0.856831397984374
98684,0.40570462206583774
98685,0.7101174840194838
98686,0.5284047575076443
98687,0.6658735229012365
98688,2.7322511865909838
98689,0.2887346563527864
98690,0.142834559503531
98691,0.9102287421496225
98692,0.35801280345941616
98693,1.5657779570384291
98694,2.0288741894082816
98695,1.364485203335922
98696,0.597945345667523
98697,0.20637251241614005
98698,0.6149383689884313
98699,0.22255199391125763
98700,1.4229867800042402
98701,0.05414259726579743
98702,0.5300814871697082
98703,2.8690646722786357
98704,0.1060621636023213
98705,2.064576984851861
98706,1.927177672190427
98707,2.739438751275438
98708,0.36781306647421275
98709,1.481606718155621
98710,0.41223766634585685
98711,3.905653142712123
98712,0.08058583254288347
98713,2.8498567643113653
98714,0.697520986326209
98715,1.1068439008490383
98716,0.5580217149888868
98717,0.2996262194510078
98718,0.14849763561063836
98719,0.336022805485217
98720,3.86286192739042
98721,1.3567735227755455
98722,2.8344186345796887
98723,0.15552267910284517
98724,0.10128079386781395
98725,3.524967655833234
98726,1.0269718584284457
98727,1.3593925032676382
98728,1.230084840190466
98729,1.1103857081444817
98730,3.0083376480526614
98731,0.574344697110711
98732,0.361455745508938
98733,1.8111379341884186
98734,1.380189062062339
98735,0.9099909857082871
98736,0.14838603874699
98737,0.3230703253761728
98738,0.03543766075608978
98739,0.13718337746922776
98740,0.2411164327755077
98741,0.10804292526718366
98742,0.7961786409095952
98743,1.9420134138909533
98744,1.1650173214944162
98745,1.3447695446827193
98746,1.9845263301754659
98747,0.09516136518214129
98748,1.590403258483853
98749,1.849745651812734
98750,1.1832701408051176
98751,1.156375046127226
98752,1.3087338418975059
98753,0.4427272072146886
98754,2.219282413319785
98755,11.248615234846161
98756,0.39618729812259335
98757,0.40290016484121915
98758,16.966988734206804
98759,1.0752783029305828
98760,0.3604285566397211
98761,6.421241038541573
98762,0.9994810500637679
98763,0.2499191565132349
98764,1.0912365641530521
98765,1.8009737550566445
98766,0.11280285143409213
98767,0.2816647307180252
98768,0.27937348213851604
98769,1.0755527989666196
98770,0.24656164268396447
98771,0.6278562004365604
98772,0.2567073886939235
98773,0.6069938580576667
98774,2.482419757996856
98775,0.42641728379964217
98776,1.8272948455137203
98777,5.919399846855044
98778,7.43513598165038
98779,2.003911844180847
98780,1.2290931948113806
98781,0.8333060064343534
98782,0.5893954339862719
98783,0.41656498664985186
98784,0.22369109336661896
98785,0.655529558398871
98786,0.454132733487422
98787,0.7041171259390308
98788,0.6001417916091086
98789,0.7623742764686519
98790,0.19885245882372657
98791,0.3020640756400257
98792,0.3788076879958772
98793,0.48710355136951583
98794,6.83461912824278
98795,0.9209923361322508
98796,0.9573217951854305
98797,2.625294196936779
98798,0.5862618867457338
98799,0.25237739250286784
98800,6.984779560305326
98801,3.4107866293370552
98802,0.6766242716841115
98803,1.5662246813521472
98804,1.102614538791837
98805,0.2943227532544359
98806,0.4765888196486119
98807,0.9932576229269214
98808,1.9423212460763322
98809,1.0752076921360176
98810,0.9031662155523614
98811,1.0290674590927158
98812,0.22179478818593032
98813,0.11404493206548456
98814,2.0322477138590402
98815,0.5353626192068528
98816,0.3889775643578261
98817,0.4154884431212308
98818,0.6924896946146977
98819,1.1167003331979057
98820,1.030730087408867
98821,1.7972465899583943
98822,1.9607693501455306
98823,1.545610735551173
98824,0.6815545967072127
98825,1.0914609500024717
98826,3.379784281577237
98827,0.20918238824397092
98828,0.10946710734433888
98829,0.3943136455819345
98830,5.379077977084398
98831,0.3433854325848631
98832,0.9487461904607807
98833,5.26142162219551
98834,0.10249473902398266
98835,0.617733723649377
98836,0.14370025696781855
98837,0.0754394808028666
98838,0.4732510483628387
98839,0.19303359086399183
98840,0.2799960969308521
98841,0.38125379786521374
98842,6.352753229709671
98843,0.11241911918134413
98844,0.046189883492362645
98845,2.700904868847937
98846,1.0065966814261182
98847,0.8494176242003534
98848,2.703746418517426
98849,0.08835019012255588
98850,0.24935028708525114
98851,0.3756427291344498
98852,2.1619664921912194
98853,0.632755286779978
98854,1.2395244704965667
98855,0.20830212944984627
98856,0.4455659403968577
98857,0.8757161670716421
98858,0.6403869985331303
98859,2.053642518749836
98860,2.3172183543843956
98861,0.4719256671532413
98862,0.14929438856759739
98863,1.695632825063684
98864,0.13889207715185048
98865,0.7095577187862965
98866,0.09072414668428934
98867,0.6620725187779166
98868,9.00516261862213
98869,0.5374484407969361
98870,0.041690628144691655
98871,3.923906807827226
98872,0.5165696232862366
98873,3.918703819244753
98874,2.5486089751391323
98875,0.7565226433739417
98876,3.797639921551126
98877,1.5189647412027298
98878,1.7962235832780826
98879,2.3720279187114697
98880,0.9933422998805947
98881,0.23152566398634983
98882,0.3351554284985185
98883,1.0782601864944021
98884,0.7248707381907452
98885,0.5576945792430865
98886,1.8772506314124415
98887,1.1763315712883136
98888,0.47942100743400085
98889,0.6175419938514023
98890,1.9150470484711557
98891,3.024660695448084
98892,0.09002343318538206
98893,0.3004418009541728
98894,0.48512796966848815
98895,2.321582283458519
98896,2.1056406225016193
98897,1.2017464357310739
98898,0.7289601736188066
98899,0.8652286758484834
98900,0.5583006165153447
98901,0.8733380585967231
98902,1.850728667140756
98903,1.4540828686834522
98904,0.04057883614424747
98905,0.6077631457847062
98906,0.5203119177626676
98907,0.21425710977340018
98908,0.20841344735536252
98909,7.360847806017387
98910,1.3135271243215585
98911,8.109806748353968
98912,0.09298202219667537
98913,0.5362537225983034
98914,0.3185353771342094
98915,0.49293403767687444
98916,2.3038959881755012
98917,0.1856562033477574
98918,0.9477012047809227
98919,0.9312869597082883
98920,0.81293125198724
98921,1.4036506062345542
98922,0.31325312026055546
98923,1.753223580901407
98924,1.3870938128299826
98925,1.4401825466806837
98926,0.8637727377749053
98927,0.8877556007825944
98928,1.1506332092071858
98929,1.46190527631534
98930,0.09673219715087301
98931,0.5643688965763328
98932,0.6017844153519675
98933,0.5163396763109485
98934,0.08416607252463168
98935,0.7299728610467623
98936,0.6191508269625247
98937,2.4715733124591983
98938,0.1290614430524583
98939,0.12271914788090893
98940,1.440943822040353
98941,0.1819206260781979
98942,0.7898082547085675
98943,0.8273904935758372
98944,1.3391320953787553
98945,0.28331338693958497
98946,0.2313934163420534
98947,0.41372942468041574
98948,0.38043895530819494
98949,1.0097566767212611
98950,8.409633984746606
98951,0.3350808604390277
98952,0.22213982513255376
98953,0.5231398864649971
98954,0.12556074953602173
98955,0.620338918028427
98956,1.1427655254859737
98957,1.358309364797783
98958,0.3084265750913717
98959,0.9798674964779752
98960,1.067243973530819
98961,2.4745118377166975
98962,0.8467680708254184
98963,1.1085186333568338
98964,2.948998251311633
98965,1.640404402991825
98966,0.532022012546481
98967,1.336714613377611
98968,1.2024891259711632
98969,2.4763276352705805
98970,0.7164396626827483
98971,4.437836566085677
98972,1.8237169130668227
98973,0.16903296484660724
98974,3.247502828323179
98975,0.7925139830664887
98976,0.20298499750632
98977,2.960073053001173
98978,1.4997132355917697
98979,3.095394809320713
98980,0.3884088212393246
98981,0.7118423698273588
98982,2.478915574449465
98983,0.41221340742573254
98984,1.86673218526705
98985,1.8419272592324738
98986,10.367956503697611
98987,1.8315710467827906
98988,0.7505671381870478
98989,0.3164854243915955
98990,0.12417246560095406
98991,1.3050828040461515
98992,1.4437761111304588
98993,0.7365347579315965
98994,0.9827521976705107
98995,0.7135782713980942
98996,1.91174227064668
98997,1.3141065328213366
98998,0.6740402271319701
98999,0.6527247206005199
99000,0.20232179655615845
99001,0.5213317207349729
99002,0.6985880423465292
99003,1.8598590522839287
99004,2.509870208413388
99005,0.9061774050794313
99006,0.4900041373102687
99007,2.6725550707780523
99008,0.8133813286347037
99009,0.06791171085734977
99010,0.665723247179675
99011,3.085092682019654
99012,0.08416474736454774
99013,2.5887923847871837
99014,1.3811753901735648
99015,0.5068132880338644
99016,2.4898439005500745
99017,0.8865225519538862
99018,0.5352831900780075
99019,0.3382835570442382
99020,0.45761901469376876
99021,0.7118904862501855
99022,1.2699106154709323
99023,1.5678283871118075
99024,0.14785137469213414
99025,0.8497766130383119
99026,1.0876735997281968
99027,0.6636776654007862
99028,0.2384995661533786
99029,0.3294852547814318
99030,0.9329503948531137
99031,0.0491801892412318
99032,1.8772937109183987
99033,0.55343118223567
99034,0.03787859579874621
99035,0.10912138671515222
99036,0.10539278051103951
99037,0.6915877373529074
99038,0.990893040587338
99039,0.26190092930412195
99040,0.8747521174810522
99041,0.6651154815888007
99042,0.9473463064826962
99043,0.5934736890494956
99044,0.6817335112755463
99045,2.145242108962543
99046,1.1552800515890074
99047,0.49584947459169987
99048,0.23936187908562792
99049,3.871943282469231
99050,0.5475107647908454
99051,0.43549546050930227
99052,0.2588096081507825
99053,11.741634816019229
99054,1.589914640849844
99055,0.12614674584254915
99056,2.423880156207619
99057,1.0417541403135235
99058,0.5459027387596582
99059,0.9376391534325853
99060,0.3516697085144437
99061,0.8211458903491871
99062,0.3457393943607131
99063,1.5986456716850395
99064,0.1968936157663767
99065,1.7213142578098215
99066,1.3633276726251733
99067,0.612339978247311
99068,1.197109631373579
99069,0.35845570449508757
99070,1.7342572724339733
99071,1.1487757409005823
99072,2.342024672713057
99073,0.5626261844631713
99074,1.2059456285860783
99075,0.8219307123394418
99076,1.9293905728315563
99077,0.5676786550940734
99078,2.4507770947208387
99079,0.3927792816179964
99080,0.7903610378083152
99081,1.1152339036433105
99082,2.3462129523834907
99083,0.49333771036724516
99084,0.07481632496828945
99085,0.13695320728161328
99086,3.2895667508602044
99087,0.5703473986795831
99088,0.30359478415006486
99089,0.6589699405220895
99090,0.31932804877932386
99091,1.6247001167477764
99092,1.4236686472170714
99093,2.751158100032635
99094,0.3612457976303013
99095,0.5740885541739708
99096,0.1517065468990282
99097,1.1330810843542134
99098,1.716266504868501
99099,1.55923190246728
99100,3.8325214814304225
99101,1.9633130046914842
99102,9.267058137614871
99103,1.3668580859080883
99104,0.10367958322686595
99105,0.43714237597123273
99106,13.470366659962252
99107,0.924969873903099
99108,0.9066158127589696
99109,0.8922544067395324
99110,0.39282178313265154
99111,0.7010724387033508
99112,0.30434114269401924
99113,0.5666434551141498
99114,1.2952829743773928
99115,0.6189988683623358
99116,0.5131538509234408
99117,1.2891754184670343
99118,0.7756065006636926
99119,1.1087564255421394
99120,2.2057727024487166
99121,0.5900489512558758
99122,0.15804469363574
99123,1.267137502705233
99124,2.372783205570866
99125,3.245542735537457
99126,1.7531892182894735
99127,0.19066875392983895
99128,0.06625583231195917
99129,8.941927993721274
99130,0.5790332530591089
99131,1.128678161647428
99132,0.036867327807285896
99133,0.23190997157176127
99134,0.11078879041679458
99135,2.0704523802205417
99136,2.460744184977252
99137,0.26233690759376954
99138,0.9996542290752748
99139,1.3159907323714974
99140,0.7735798481276924
99141,0.9380666067118646
99142,1.8517837004431426
99143,2.8846575725170487
99144,1.6316724097513386
99145,2.1855218622641552
99146,0.6042208152774737
99147,0.29664186059895514
99148,0.09028346551504039
99149,0.5109409062397181
99150,0.7769590002607346
99151,0.7599784726273007
99152,0.23302889018242395
99153,1.6403488457815414
99154,0.1738879721344418
99155,0.8353424394510534
99156,0.08313805805963964
99157,0.8856853710887992
99158,1.1484015816984248
99159,0.6516151251598753
99160,0.2046698726116187
99161,8.45379650452094
99162,0.09304870795476186
99163,0.17756486936718713
99164,0.057689685241209855
99165,2.1571597013729145
99166,1.125168382372606
99167,1.6237489296421972
99168,0.082092726921903
99169,0.13724266553005735
99170,2.1312443087769384
99171,0.35256353475824265
99172,0.6269406088047343
99173,4.853462230753565
99174,0.2081060298081561
99175,0.492182985730492
99176,0.09693039593974191
99177,0.26247036186441114
99178,0.9317390903799597
99179,1.3539553757126344
99180,1.9713937876494734
99181,0.5330605796462853
99182,0.18125383365371442
99183,0.2454169633162228
99184,0.4187981480292247
99185,2.2870018161878938
99186,1.0620026080890435
99187,0.29009126065701574
99188,0.36736944126218574
99189,0.3898649874389526
99190,3.3785806143692687
99191,0.28784134151933544
99192,1.0992618668078915
99193,0.4263812597052643
99194,2.4571839154853787
99195,0.4347037268621801
99196,0.2827315836417099
99197,0.481916038784478
99198,0.9833475225195071
99199,1.7779628434046193
99200,0.2247201224251645
99201,0.5045086965803602
99202,8.798474217280862
99203,0.34410074477045854
99204,0.8226441418990027
99205,0.3327735926421819
99206,0.7157329614586934
99207,1.115887445156237
99208,0.24252322625058184
99209,0.8849748616939896
99210,0.2896778752660182
99211,0.7468475536449235
99212,2.886945823064882
99213,1.9137255222493361
99214,0.6380394154253585
99215,0.16967016496005768
99216,0.6518902178936549
99217,0.16458291148458556
99218,0.821544429771415
99219,1.1283667226120624
99220,0.1035100593613392
99221,0.18714513479241557
99222,0.7930896789669549
99223,1.7091973987179792
99224,1.9137343062857355
99225,2.1960600575713887
99226,0.23502941755776646
99227,3.586378643123971
99228,4.738607808449776
99229,0.08324302608501807
99230,0.2870177372199661
99231,0.11548806061417248
99232,0.04054415069055354
99233,0.7479537103252462
99234,0.0879631853495053
99235,0.1852433260042442
99236,0.4438839292534643
99237,0.14755145396263766
99238,0.7004374086161071
99239,1.9702908563001624
99240,0.8464040699781818
99241,0.1545582027062369
99242,0.6752154764652833
99243,2.0199845712246156
99244,0.586562234927766
99245,0.2928066551582418
99246,0.8224691811007064
99247,7.454788269243123
99248,0.23436232622448933
99249,1.097344637259532
99250,0.8370518717610032
99251,0.7301883883159228
99252,1.5104697914919107
99253,9.001346987163815
99254,1.2339724821658433
99255,0.2609573715799439
99256,0.3159471285876713
99257,0.9115606981919067
99258,6.2400146352724
99259,0.844497244777453
99260,0.32974592368368894
99261,0.736693710220568
99262,0.8374002588597035
99263,2.666217063668517
99264,0.779462074735492
99265,0.9150705966873672
99266,0.07790356747164624
99267,0.06193227520038387
99268,0.1563637059009982
99269,0.21862910084080925
99270,2.095990586398963
99271,2.7167922645073537
99272,2.2515775525937856
99273,0.4322680588175469
99274,1.864022673899758
99275,0.5208716460290849
99276,0.2986935620597334
99277,0.07783380701291036
99278,0.5389017026160781
99279,0.29024125956846664
99280,1.7734038642299053
99281,3.8899403974617526
99282,0.15271826033010388
99283,1.1302560218435957
99284,1.1541576802910827
99285,0.1188189909197677
99286,0.9610107893919329
99287,1.2138683323362902
99288,0.9389056215819597
99289,0.45681173720634305
99290,0.11394405384715939
99291,1.2287711803131731
99292,3.278633287256012
99293,0.2593971123197937
99294,19.45495695628123
99295,0.23238692509489045
99296,0.7714552145717337
99297,0.3920784218679313
99298,0.8038065183633628
99299,0.1849255271690022
99300,0.21752690715023024
99301,0.713783197147127
99302,24.52869111992621
99303,0.2798894919290401
99304,0.4011264224386964
99305,2.523901024854017
99306,3.108926248528669
99307,0.28467837082056924
99308,0.17578630169760517
99309,0.48316904555424967
99310,0.2562658745214795
99311,1.0609958536947965
99312,1.8097472626884714
99313,0.1960160583469935
99314,0.8834945323730774
99315,1.7484184137447907
99316,22.754077575556
99317,2.19578319488161
99318,0.21943820256456187
99319,0.5738123195705693
99320,1.1930198098935474
99321,0.9409625414444706
99322,0.326735051037201
99323,0.11744554052809361
99324,1.5630192013463589
99325,0.393148396850211
99326,1.2901704873565256
99327,2.7750547374282095
99328,2.7219237544097705
99329,0.6982460801011158
99330,0.3091919435354976
99331,0.3981578706316342
99332,1.0689039162103633
99333,0.07609127435860794
99334,11.829926608385797
99335,0.6081414383710859
99336,4.276199251843593
99337,1.6459493283844369
99338,0.2262982212687072
99339,3.289641714895643
99340,2.133807822968452
99341,0.3725016934654626
99342,0.9423829187082937
99343,1.1048644325517119
99344,0.39597841094825315
99345,0.15302421610836903
99346,1.3536692284786755
99347,2.4576598652874115
99348,0.23584470556115267
99349,0.29458962778868386
99350,3.524451645116261
99351,0.34022300731676597
99352,0.14008694151019002
99353,1.0801467689570108
99354,0.06080419725236948
99355,1.9440504268459555
99356,0.04378376100198819
99357,0.1943543437553696
99358,1.2519279709561242
99359,0.2007728251562802
99360,0.21215762325947066
99361,0.5689290828166665
99362,2.1091293720789457
99363,0.5392375429665849
99364,3.6922904378151418
99365,1.4963872934661118
99366,0.5156852261714588
99367,1.2602386462694402
99368,0.9393638962493641
99369,1.4495750133668237
99370,0.7966601528522954
99371,0.37886166495321627
99372,0.1427153507860582
99373,1.3565555145725774
99374,0.840082270084645
99375,1.4112842590939667
99376,1.3588340401721648
99377,0.2124059608540777
99378,0.9424002623806444
99379,1.3784310798681951
99380,0.25927722860329017
99381,0.7790851691146929
99382,0.22444598432082108
99383,3.4723302024100895
99384,4.347363905225357
99385,0.2765906509907474
99386,0.18474119556461768
99387,3.3177643923078435
99388,1.3779566100174858
99389,0.5871703072229647
99390,0.8025804736437157
99391,1.2580385476354508
99392,0.5426001741222841
99393,0.4601718032216954
99394,1.6592789990034045
99395,0.9930357618674945
99396,0.050721343494128074
99397,0.08286945573376173
99398,3.3176973429577017
99399,3.147259400322018
99400,0.12527528500968546
99401,1.0232608623256252
99402,2.252051122403017
99403,0.2088338223154374
99404,0.22591797469485833
99405,2.8966066219280586
99406,0.3203753663787862
99407,2.848886916459701
99408,6.900787523587961
99409,2.4461496251733585
99410,1.2282453380558551
99411,0.33087933597718316
99412,1.7699302351000208
99413,2.336657996380782
99414,0.1230375967573724
99415,0.6758030807864824
99416,0.16015309988505447
99417,0.4067636109857027
99418,0.673157239234726
99419,1.5833816841933632
99420,5.282323372467718
99421,0.11726486018988005
99422,5.250962712694658
99423,0.5998444134722953
99424,2.3747621524770177
99425,0.38188841402327833
99426,0.7358258085418574
99427,1.2185823751689897
99428,1.9285591760899288
99429,2.1666149682998856
99430,0.305733449216206
99431,3.9249381062974376
99432,0.6100753462145408
99433,0.6949883252658365
99434,0.5611008070232639
99435,0.2574520969343855
99436,0.6470567419167507
99437,0.1878420837947773
99438,1.5469495869518692
99439,0.27840542655884026
99440,0.07973776561375273
99441,0.623881557797999
99442,0.6647906368173103
99443,2.2045522669875646
99444,1.7090832942565475
99445,1.1522417901450555
99446,0.4731145650469314
99447,0.25101937340182434
99448,2.10647291743063
99449,0.7409185827455872
99450,0.1258071355633111
99451,0.8947938444303873
99452,0.7741384639792532
99453,2.2905318514247126
99454,0.44253604647588585
99455,1.2684427031820262
99456,0.041241904811693424
99457,0.12735852572073136
99458,0.5706696262322825
99459,1.530436444789186
99460,0.8390626761806046
99461,6.077618407490776
99462,2.479735108174998
99463,2.079855651264655
99464,0.6685678014714644
99465,1.4096660922235371
99466,0.3162373839634718
99467,0.8298234230362795
99468,3.8029794208104812
99469,0.6166950378954646
99470,0.2367990356290061
99471,0.14361576387643332
99472,0.564717846766486
99473,0.5916094917136293
99474,0.274132720885192
99475,0.9298745884538278
99476,1.4015712755717686
99477,1.2524556278517873
99478,0.10138908755489215
99479,0.13767005757435835
99480,0.21621307069518983
99481,0.858213529217086
99482,4.178474221791698
99483,0.5767110360719978
99484,2.5606659041271533
99485,0.06117226077338383
99486,0.20197420442786815
99487,1.488815689795988
99488,1.473042111947842
99489,0.5839245115438481
99490,0.8735120151056357
99491,1.2679846072059116
99492,1.6239982725261506
99493,0.5100418035847605
99494,1.0780622918946894
99495,1.2544042678930798
99496,0.037647324373863804
99497,0.5757425379853973
99498,0.47791312894777754
99499,0.22033042957901308
99500,2.006011607399007
99501,1.819388257569375
99502,0.6357006071519032
99503,0.9162614576454415
99504,0.9506972317834413
99505,1.0356197620042533
99506,0.6280350389422334
99507,1.128637693813597
99508,0.9260761703579045
99509,1.9523317841691405
99510,0.16274854545511114
99511,1.2128828592674057
99512,0.3386062068440951
99513,0.7042524167243219
99514,3.51436930594389
99515,0.5516037061199126
99516,0.5161209672877634
99517,0.08346726504003532
99518,0.6942414327429365
99519,1.5062286713820796
99520,0.265150041977147
99521,0.22471181761656592
99522,0.5661642939219144
99523,0.1365414734378917
99524,0.08714219949694119
99525,0.3194338751764604
99526,1.6450505685442924
99527,18.64706558078159
99528,2.557124787770983
99529,2.4291534018126937
99530,1.0782779365289135
99531,0.6331377017075097
99532,0.9790016642361515
99533,2.6352471518429494
99534,4.078772671324782
99535,0.8741752511082745
99536,1.868151682163647
99537,0.8750760328141376
99538,0.5898516477160641
99539,1.0239901416970296
99540,2.3383529345962915
99541,1.1343199556033663
99542,0.16602533558149826
99543,0.6082777955224092
99544,2.7990898365988555
99545,0.6654154426556962
99546,0.18071748618701206
99547,0.057268317278082397
99548,1.5264097883217507
99549,0.08236962240939948
99550,1.8473109182769356
99551,1.5930823829025778
99552,1.3805260600711107
99553,0.17222371981999773
99554,0.335746860630045
99555,2.5570194609785357
99556,0.13614373178290753
99557,0.6306893300602523
99558,2.8285444882399986
99559,3.0224655935876825
99560,1.730625087716021
99561,0.05478659616266379
99562,0.617730111109494
99563,1.671656533173444
99564,1.17535725954985
99565,0.6192755557177292
99566,1.2085006427429534
99567,0.07306218189951026
99568,0.1827201353938814
99569,1.8924364136130611
99570,1.8164550099784325
99571,11.135145078696755
99572,0.8106663146996607
99573,1.297283099135063
99574,0.7569106192527281
99575,1.4788943614778154
99576,1.5030773106599182
99577,4.495808607182403
99578,1.1249874035606813
99579,0.5347228235889158
99580,1.7443244327466103
99581,0.6110294337137899
99582,2.1079642360964352
99583,1.997272122115406
99584,1.8800132267114842
99585,1.0865653403071682
99586,2.413923118574464
99587,2.1931762830483437
99588,0.549532429759063
99589,1.8594587645016687
99590,0.11960287034631675
99591,1.244465579735369
99592,2.4048919132071616
99593,0.3663352323638388
99594,2.305947578690063
99595,0.6253515838866
99596,1.027163795717185
99597,0.8434925337606328
99598,0.752402405032488
99599,1.6107564930238194
99600,1.1855230034471524
99601,2.1821173528128943
99602,214.07221500951377
99603,257.1200336499091
99604,0.24909282222902376
99605,0.7952750290091884
99606,2.339265272993548
99607,2.134480794627108
99608,0.21593670847302238
99609,2.8013804399296975
99610,0.04975837727861896
99611,0.7072128363742384
99612,1.5144249317126455
99613,1.5546619125234888
99614,1.84800278332483
99615,2.1910749278164428
99616,1.070037308055226
99617,0.057513927967807514
99618,0.6416140463335199
99619,1.0062122185494937
99620,1.0410362848247727
99621,0.7280807702364845
99622,2.005018980498273
99623,0.9960620773884626
99624,1.8015249480290039
99625,0.2653939088451205
99626,0.2529497622210946
99627,0.12431886199280447
99628,0.5327961672440642
99629,0.33005678654383996
99630,0.45242337894491713
99631,1.1840947203026437
99632,0.428574773171541
99633,0.32018562924826893
99634,0.33634329628246395
99635,0.7277513889396154
99636,0.25855342217393823
99637,0.5019189989348378
99638,0.2926792354967736
99639,2.4582029041399904
99640,1.1389537631094615
99641,0.18850205292687033
99642,0.5141644207049156
99643,0.0650654918386228
99644,2.82002445548971
99645,1.2251204488483052
99646,0.3738596723856914
99647,0.6490633346133953
99648,0.3925706587493414
99649,0.14111424077942086
99650,5.896105703513181
99651,0.0264145699286662
99652,8.383359953547085
99653,0.23038128757020154
99654,1.1567791082947618
99655,0.11656401415054386
99656,0.9053300254000671
99657,2.764848849174242
99658,1.2251718942021752
99659,1.327207855314016
99660,0.7491551038497847
99661,0.9316416780475887
99662,0.21224440715669732
99663,1.1725903200604009
99664,1.0630308766759253
99665,0.5589801057025009
99666,0.1297009487474668
99667,2.7007258850536764
99668,1.4027808579464225
99669,0.32820949209843475
99670,0.37756229768441923
99671,1.8555516234552263
99672,0.33070524240623367
99673,0.13514057363336782
99674,4.376563775014517
99675,0.18866065349685143
99676,0.5118101341764487
99677,0.043478584453084265
99678,0.07209908471384889
99679,0.23391984917139702
99680,0.1952047456128724
99681,0.5164482560438738
99682,1.499416628392734
99683,0.22477986123850863
99684,0.122208239815605
99685,0.42535220937667473
99686,1.1136307592099215
99687,0.24858683214099603
99688,0.047186670688709985
99689,0.43454115938852816
99690,0.18888465284307204
99691,6.8298923882868054
99692,0.6043296422400097
99693,0.7264990479613177
99694,0.7358476598492139
99695,0.8256674814114883
99696,0.12808909880247688
99697,0.2954581147297544
99698,1.5430872066169803
99699,6.779399377220953
99700,0.3163225242313404
99701,0.29090676455887005
99702,0.08290602170808462
99703,0.2458413335573902
99704,1.4593075866818992
99705,0.975750740796891
99706,1.3625301167821755
99707,0.22947041206102992
99708,3.7788602088128194
99709,1.619243544558542
99710,0.20362707873136943
99711,0.3212219052486777
99712,2.2349588229619375
99713,0.7015398407225722
99714,0.05108800938486524
99715,10.04212887862043
99716,13.250754259973242
99717,11.216980072143484
99718,16.796919165634872
99719,0.2806265483243408
99720,1.482937936631517
99721,1.5628500224038377
99722,1.4016229156385567
99723,0.15750330968037815
99724,0.16857586762665333
99725,7.821617845151173
99726,1.1329559367759408
99727,0.24884512845699913
99728,4.081413792735467
99729,0.6001558100231595
99730,5.093374976909691
99731,0.10526267507872929
99732,1.2864124209671102
99733,1.1205527148558083
99734,1.3859984329996666
99735,0.12958048007402273
99736,1.2296076332540402
99737,0.3300908190877432
99738,6.79357648172345
99739,0.9618094995398672
99740,0.9173751630444598
99741,0.5944812472446457
99742,0.6539716371354899
99743,0.7398922821377796
99744,1.2220051087170678
99745,0.20743768290526493
99746,1.024111811420267
99747,0.10116699009700067
99748,0.8379119669676882
99749,0.3027555414708103
99750,3.3540748737344823
99751,0.09808862015739518
99752,0.2523519473070327
99753,0.554775958357988
99754,0.7861313287093767
99755,0.06609520252052742
99756,0.09933514661381451
99757,0.516591492811448
99758,0.44438736946693475
99759,0.43442101149321294
99760,0.060254975287676114
99761,2.1690173138111644
99762,0.24555092502854922
99763,0.0832573714896479
99764,0.5270628372201317
99765,1.7728588070346387
99766,1.9046933734647753
99767,0.4067336990399063
99768,4.1836236089551555
99769,0.45237136203068157
99770,0.29541188694414267
99771,1.5655887339432086
99772,0.6595144613772553
99773,0.3954466540151116
99774,0.8820851941695798
99775,1.6901860155553872
99776,1.507158884242006
99777,0.5028611494230424
99778,0.460581363952661
99779,1.2180510835028255
99780,0.2644237552459335
99781,0.7569196638576348
99782,2.4266980979469897
99783,1.1154463756492778
99784,0.2560000281896637
99785,1.8273258549956266
99786,0.487417759382129
99787,3.190070726502687
99788,0.6237960300631854
99789,1.7483300151388637
99790,1.5413781858990254
99791,0.645454080770497
99792,0.777505725806834
99793,1.4785872156780466
99794,0.9025331590422804
99795,0.42160379911477963
99796,0.8296168548181568
99797,1.7742476773531797
99798,0.06995630570905614
99799,1.4484176663642763
99800,0.12885769085504314
99801,1.3833625120763782
99802,0.14500561497640543
99803,0.276771218733627
99804,0.39671274599069484
99805,0.4620052962430106
99806,1.274292880798698
99807,0.1255803179522562
99808,0.49121557098646695
99809,2.815646564357234
99810,1.8248310381047408
99811,0.3190705834757188
99812,0.3131223018889639
99813,0.5846593491334015
99814,1.8165917116370842
99815,0.42695814139488053
99816,0.07853024752609525
99817,0.9869763689740282
99818,0.9597432240668663
99819,1.5780332529987555
99820,0.5929779350009637
99821,0.44789998008481413
99822,0.6066827634583147
99823,3.3822717989172153
99824,0.20671824562176544
99825,2.0794746994828173
99826,0.40887609680483133
99827,0.8110739973673435
99828,0.12743292974673048
99829,4.768842908382314
99830,0.07355801161971572
99831,0.9152222074555064
99832,1.4505954523283533
99833,2.3629047555581133
99834,1.579897256982374
99835,0.349464570834375
99836,1.6171274099821757
99837,0.3444629207776786
99838,0.7855992231938695
99839,0.41431660672481935
99840,0.15277524207280266
99841,0.9814561269927432
99842,2.9986323711424956
99843,0.11170679389446095
99844,0.404922406697507
99845,0.022579614800266948
99846,0.2349429355820955
99847,0.20298105557361085
99848,0.7408977258821439
99849,2.4033509532704396
99850,0.4063357982639819
99851,1.5734961627851973
99852,1.2155863036600365
99853,0.920127204302673
99854,0.450310614016056
99855,1.1323687414457793
99856,3.772795598010562
99857,3.2252449481714183
99858,19.097341247246018
99859,0.34392629641977623
99860,12.152952105019045
99861,0.19916391533147504
99862,2.0377246688360486
99863,0.24346061702121286
99864,0.36490724103499916
99865,1.3006081590875715
99866,1.323789163510778
99867,0.2833042400200483
99868,0.1360957604272916
99869,1.8530324102510796
99870,0.46879063211081445
99871,0.8104819767366395
99872,1.2031278042433389
99873,0.8705387561846917
99874,4.588700211390593
99875,0.6070317512873935
99876,10.690596278965764
99877,3.1660816371198397
99878,0.43960782380941454
99879,0.9993183848607308
99880,0.1207169109718262
99881,0.05804069298458434
99882,2.914677830075061
99883,44.4713689580567
99884,1.4877842927670708
99885,5.359780325094946
99886,0.3182658568971936
99887,0.36009680229431335
99888,1.4789502173299143
99889,0.045299556020752384
99890,0.12470882002824693
99891,0.6109557993500646
99892,3.1542060528473708
99893,0.32115944792721
99894,0.20979932696769338
99895,1.5281545775693104
99896,1.1764270254470528
99897,0.31758958440865903
99898,0.7565972919638608
99899,1.7761168680813448
99900,3.3961522434626823
99901,0.19995346515352577
99902,1.0558957174024957
99903,4.679193448387219
99904,0.11453503740751632
99905,0.2996671430808078
99906,0.225588244884361
99907,1.4599135953184945
99908,0.6518069895439239
99909,0.21069209172414705
99910,1.7209624969796373
99911,0.43245586644029116
99912,0.5624048855202607
99913,0.11443064779743758
99914,0.1240328180137458
99915,0.2295172186388224
99916,1.6334250020235104
99917,1.0113359633232732
99918,0.19632579648654044
99919,0.40561552164072145
99920,0.515415340996182
99921,1.8038981962127982
99922,0.808907841702569
99923,0.5485034332144362
99924,0.7019613467321543
99925,0.6031945492399869
99926,1.0190754579786534
99927,0.42412980257428
99928,0.2646872650897406
99929,0.9584205566699276
99930,3.438131666252278
99931,0.571849190946539
99932,0.2341581321201214
99933,0.13961324295344474
99934,0.46376624628149365
99935,0.5285642885642483
99936,0.754701882670797
99937,0.6397788554114913
99938,0.7390086111077231
99939,0.3234875366409206
99940,0.16558608959725704
99941,1.4113446150297113
99942,0.09707976551652622
99943,2.3256961596835657
99944,2.314225384279282
99945,1.8441170150486887
99946,0.5044464039291484
99947,1.3740497157783778
99948,5.863896439322772
99949,0.49890074727141226
99950,0.3134039016146559
99951,0.20585921141225863
99952,0.6808126654295998
99953,0.2001204646295553
99954,0.40913592180794967
99955,0.458728375434891
99956,0.19580235899721984
99957,0.607344959841278
99958,2.18940121713866
99959,8.871611305125
99960,0.3767528020132242
99961,0.605472466522135
99962,0.5816569587565115
99963,0.3157146357950717
99964,2.390819873870569
99965,2.2832528025122327
99966,0.8080611768061645
99967,0.2120953734396374
99968,2.3334981523193226
99969,1.9342785513143512
99970,5.718444859099942
99971,0.4348673454048817
99972,1.0897926437466363
99973,0.8079782545581489
99974,0.2581962252265832
99975,0.4956637349625166
99976,0.21455032419613076
99977,2.2367407688830148
99978,1.9671453994084898
99979,0.6862393036260619
99980,0.159921312887508
99981,1.056129640751729
99982,0.8604283755530909
99983,0.5642450787335161
99984,0.10180943404214217
99985,0.37554419582394166
99986,1.5299516883522308
99987,0.6257888765912026
99988,0.3922598419303563
99989,1.4366927833611625
99990,1.9527888003268434
99991,1.8891096449777176
99992,0.6905342237064866
99993,1.650144587421113
99994,0.3214456182709745
99995,0.5957150950281728
99996,3.414152908542562
99997,5.28035802271053
99998,1.2509316944714821
99999,1.2476581652223533
100000,0.8229780620788202
100001,0.31316476415781225
100002,0.2949449857079608
100003,3.3391315781443223
100004,0.3322726030374394
100005,1.2415056502781514
100006,0.1544539224148414
100007,3.6161445323729255
100008,1.612409944921134
100009,0.9088387775793485
100010,2.769529242026679
100011,0.1851922123341881
100012,1.0922806582066222
100013,0.3138501784950521
100014,0.16896352711448576
100015,6.168950012090487
100016,0.9218587673630269
100017,0.6849794268651906
100018,9.158715930398857
100019,0.9925222387077901
100020,0.10199128001180915
100021,0.5245966856399682
100022,0.29177723754086426
100023,2.013043816457599
100024,1.7406011010594666
100025,0.39263770454602853
100026,0.20262037204315567
100027,1.7519545248205401
100028,0.9502064285758258
100029,0.4433210213821718
100030,0.3384665246752606
100031,0.8645880223985327
100032,0.6103006929679939
100033,0.22786344145493997
100034,0.21923892000175427
100035,2.495985866226828
100036,0.11159343226317955
100037,0.6557914835281475
100038,0.507641258791876
100039,0.9616564894500547
100040,0.955229975638117
100041,0.4307149112668854
100042,0.12441357489095412
100043,0.10694117457785417
100044,0.12848746835238056
100045,1.0847577724402255
100046,2.966566962758219
100047,0.33267029823215444
100048,0.3756775866991978
100049,0.48315495852850354
100050,0.8974882103941751
100051,0.3644195773560608
100052,1.4561464223658955
100053,8.622749863783092
100054,1.9685631428951569
100055,0.9181727292161996
100056,0.27723354521291554
100057,0.08523241271324743
100058,2.5058353315437887
100059,3.9226253840503573
100060,0.19068962911447565
100061,0.028931473172354914
100062,0.2453681882957094
100063,0.3450404033302385
100064,0.14793302820820514
100065,0.28681723992402675
100066,0.3933469058521357
100067,0.6501706773408218
100068,0.745018948252471
100069,0.7313659387903402
100070,0.948706978950622
100071,0.040562157211704516
100072,0.41368891601806984
100073,0.2107692624137741
100074,4.617573258217838
100075,0.3209844568233206
100076,0.2955547014401591
100077,9.762751725930059
100078,0.0639166913622566
100079,1.7098599283941915
100080,0.07956816799455799
100081,0.18469108305725884
100082,0.6319726068027196
100083,0.12952757430416995
100084,0.15410685940370933
100085,0.8351562223262083
100086,1.4726612269984565
100087,1.1513302154335343
100088,0.22832371151456843
100089,1.0660471760416035
100090,0.7604018795019445
100091,1.9109935352420755
100092,0.9629306763063912
100093,0.26340772377278143
100094,1.0193938803554807
100095,0.3133050003934828
100096,1.1616000666064275
100097,1.1974502495441908
100098,1.57251639412891
100099,0.672342595779046
100100,2.7734156481892502
100101,0.62444523397659
100102,0.2802427051394476
100103,0.7501178986683557
100104,0.6280752823419878
100105,0.5908261535770041
100106,0.2615638995007839
100107,1.0765513092586096
100108,0.8731483574900697
100109,0.5020626387619352
100110,0.2158790190333463
100111,1.1668719049512404
100112,0.8308057215150711
100113,0.315426892843353
100114,0.41195715165005314
100115,0.4063192141500851
100116,0.24810060977915657
100117,0.5198403912840993
100118,1.6903764357050233
100119,0.947525296833652
100120,0.4493763918767771
100121,0.4123981432454188
100122,0.03390973369268728
100123,0.5081211398230403
100124,0.7753735547867685
100125,0.762188922014544
100126,0.6579493942186599
100127,0.21862409642134484
100128,0.10731645527100053
100129,0.1546845648774318
100130,0.16343306677369374
100131,1.5523546409312496
100132,0.9802317109183184
100133,1.0230655321530955
100134,0.05498142776663358
100135,0.4959205225509927
100136,0.10305551104746799
100137,0.7194336472841775
100138,1.9094858769729148
100139,8.16114581223098
100140,1.3275933539108415
100141,1.2766917778671838
100142,0.3370836962898179
100143,1.375384132924994
100144,0.35592635418460017
100145,0.2390946089205199
100146,0.9527440442579791
100147,0.6048175455931782
100148,0.09913110947631841
100149,0.4363939750787013
100150,0.4769838131692819
100151,0.1812037443487801
100152,1.6212423034902295
100153,3.220403489961999
100154,2.0167162317188563
100155,1.101208395550295
100156,0.7445518149644897
100157,0.4458401341265133
100158,4.5040423371234235
100159,2.8433172863416947
100160,3.1711398693418436
100161,6.700274062599042
100162,0.9343801444838087
100163,0.43595661848451217
100164,1.0682787684102402
100165,1.3498563095416736
100166,0.2377495888857674
100167,8.558116092971536
100168,0.15341251538737602
100169,3.8975205567434394
100170,0.16200355082548845
100171,0.4042363582002528
100172,0.6950058954831775
100173,0.6523149369946296
100174,0.31116629757615605
100175,1.550343996470727
100176,1.0392709104982885
100177,1.6763463810409338
100178,0.7870719778713531
100179,0.8639105388537224
100180,0.3909859925275582
100181,6.317549255483963
100182,1.0535945150130113
100183,1.3149363948176414
100184,0.7780918798450823
100185,1.1342312059191924
100186,0.9918298289289704
100187,4.255699154625121
100188,1.0284616851838588
100189,0.6168351035431284
100190,1.0001895560650373
100191,0.684990506757993
100192,1.2040155666015977
100193,0.41140356214708085
100194,2.242173329971394
100195,0.5500842909713862
100196,0.3192689082441384
100197,2.3332110892110838
100198,1.5772818667199
100199,6.504709629624495
100200,0.9930064639682156
100201,0.6853873657523744
100202,0.14232096497022984
100203,0.04267811606853828
100204,1.476867356046021
100205,0.8306511067138126
100206,0.03270453067362879
100207,1.019369377778144
100208,1.1523258906165612
100209,1.4804545658470003
100210,2.285432797219571
100211,1.3106357862966722
100212,2.2926899704863772
100213,0.10007860517311735
100214,0.13113681416077563
100215,0.3750751442100797
100216,0.5130904690732324
100217,2.0241410238503432
100218,0.7957930549358081
100219,1.9514149292871648
100220,0.27849288387176707
100221,0.24940760363244885
100222,0.8066114917780678
100223,0.09308222208191608
100224,1.4697308819634034
100225,0.7393475522974426
100226,0.93314784168085
100227,2.802317148668735
100228,0.2725926518327676
100229,0.3049222631917412
100230,2.675721219899509
100231,1.8404596278017873
100232,1.4943172419925488
100233,0.46741914229193027
100234,1.5614163038888451
100235,1.0029584804596094
100236,0.5931285207819726
100237,1.547630739716838
100238,2.3802277845783384
100239,2.0906150867162636
100240,0.45949374946650423
100241,0.18408218847955138
100242,0.7030369424328387
100243,0.3844938022719123
100244,11.059234568914844
100245,4.040017592435945
100246,0.25398182829121013
100247,0.3482038535370227
100248,1.0629411986984638
100249,0.7857245209805778
100250,0.42765332329163414
100251,2.5070355131582946
100252,0.18239152382062632
100253,28.070632068989998
100254,1.022486988292801
100255,0.1943358737130676
100256,0.49948593623612875
100257,0.17294749815946311
100258,0.8048397168406094
100259,0.6848049886920223
100260,0.915641766865721
100261,0.32299456577830343
100262,1.1310857812971498
100263,0.3499659775631965
100264,0.04378646730277205
100265,0.10850876907790726
100266,0.12239124677160464
100267,0.5310304839745905
100268,2.1927431597515605
100269,0.19911282546656617
100270,0.481483796599334
100271,0.6959552590883102
100272,0.9128316668133385
100273,0.2897049881345854
100274,8.052581038065313
100275,1.1877267710909516
100276,0.8673039123320241
100277,2.637207881025131
100278,1.8314549710170684
100279,1.082310962737278
100280,0.19235608643008834
100281,0.6033962272985274
100282,0.49883761110926705
100283,1.0273619070674067
100284,0.5943817914667597
100285,0.279614990319314
100286,0.5596917525164714
100287,1.9579521329576046
100288,0.6873041104429096
100289,0.1738544957869113
100290,2.960504999353731
100291,0.3475956558021097
100292,0.32810105239445386
100293,0.49605114648576704
100294,0.19815346450259944
100295,0.7478561591622583
100296,1.0301658509931657
100297,1.7758527244977391
100298,1.1799190149824945
100299,6.617173409825096
100300,0.12359090243916296
100301,2.036713815500984
100302,0.5335754015189398
100303,1.643755396140278
100304,0.6286180404696073
100305,0.2943729301250556
100306,2.550079203712041
100307,0.40531020843920723
100308,0.17371546853132303
100309,2.691443557123242
100310,0.27102835118646673
100311,3.7340455861150983
100312,0.4182499111732965
100313,1.3883841994438828
100314,1.2604740862579449
100315,0.592866968766994
100316,5.146203324461323
100317,0.19681765233970464
100318,1.431667367970558
100319,1.4062325398557578
100320,0.4042656624234028
100321,1.4393550728881608
100322,0.27731261517447336
100323,2.0915498842570432
100324,7.221386580948163
100325,0.5732150288323096
100326,1.1349679720075996
100327,0.7326266204519372
100328,0.14410538768910175
100329,0.9102734378495403
100330,0.6928440033273564
100331,2.177235894482702
100332,1.2600426122741133
100333,0.5463986710440036
100334,0.8484601568447186
100335,0.32667342991236203
100336,2.936439324179876
100337,2.98534757145839
100338,4.177061774797667
100339,0.17100218672326203
100340,0.6167351826141153
100341,2.891567417038045
100342,0.29188450981648834
100343,0.23717752269604706
100344,0.3033520255438862
100345,0.7323586388875857
100346,0.7531645175062213
100347,0.6047207361423456
100348,0.5008154871797222
100349,0.33755147941136215
100350,0.28894026106310094
100351,1.5211598556313468
100352,0.4830420418832533
100353,1.14185461923046
100354,1.644078178142372
100355,0.45749407249754803
100356,0.15588491419542005
100357,0.22686163130740605
100358,0.48994397153708363
100359,0.48437298632384185
100360,0.11195918404747035
100361,4.555838696904229
100362,1.4144468755307993
100363,0.448645200914151
100364,0.25469719179423994
100365,0.2492692351006987
100366,1.5249055764779595
100367,0.7432720934556142
100368,1.5013767843826673
100369,0.2023621134583816
100370,3.6967488987125403
100371,0.8969334784544047
100372,1.636652343555288
100373,0.5082507026273155
100374,1.9072165824875156
100375,2.598233091507386
100376,0.4944971956564233
100377,0.34207155078609663
100378,0.7081448776919211
100379,0.34014063803548555
100380,0.6950881610349318
100381,0.5000046076310238
100382,0.6695190504157329
100383,7.759484334302674
100384,0.04527122203090525
100385,6.225802402640444
100386,1.3033784459145705
100387,0.3437033578861596
100388,0.16454898192731537
100389,0.4192815388963973
100390,8.013423506252533
100391,0.46953523746983417
100392,9.32952564671919
100393,0.6459694524176629
100394,1.4388116535855258
100395,1.64007407168782
100396,0.12733890815124838
100397,0.3161212059868585
100398,0.8445206861630508
100399,1.448109250204845
100400,0.11835920200982843
100401,0.20909752596219658
100402,1.1549283762806628
100403,0.4972726288715436
100404,0.43440983550808865
100405,2.127251897010824
100406,0.17013229312940467
100407,0.09763829682574424
100408,0.37045250242016736
100409,0.3625014572153965
100410,0.147344494881663
100411,1.4022050004701978
100412,1.509803732487108
100413,0.3363355837204701
100414,1.1144108166648266
100415,0.04293010793388304
100416,0.20746713077503393
100417,0.8246125883510012
100418,0.7620530238785111
100419,0.2193161370586484
100420,0.08019488069133408
100421,0.9904027279060456
100422,0.23498812054930848
100423,0.2071769091366325
100424,0.20040935724727288
100425,0.32806658179642806
100426,0.5515398755267981
100427,20.33893114136495
100428,0.214047441754548
100429,0.09946580476558203
100430,0.0797845357976239
100431,1.7057861646156154
100432,0.653130514245036
100433,1.404958085458977
100434,0.782617595588057
100435,0.4249634511364767
100436,1.5230264774310718
100437,0.8405057528389294
100438,0.2320952926403777
100439,0.1304626359801649
100440,0.22243191235179754
100441,0.6771321762167019
100442,0.49411384015812515
100443,0.2745915686374429
100444,0.4127139904439654
100445,2.7382825172869043
100446,1.3895703851493022
100447,1.5432071134033973
100448,0.6348736088670782
100449,9.811743872218354
100450,0.058325914022460776
100451,2.0299050328207144
100452,0.9795952881931476
100453,0.3727393013460527
100454,0.03487543865714702
100455,0.03805231498599087
100456,0.14294713689131433
100457,2.561540818247675
100458,2.0742708107277554
100459,1.530940480295527
100460,1.078959286740901
100461,0.988849172112674
100462,7.503055203207045
100463,3.322239621506801
100464,2.388454328179318
100465,0.6650963436431903
100466,0.5908574445121759
100467,0.9360126839793289
100468,0.15281234984411202
100469,7.137428786373552
100470,1.0298911851170738
100471,3.274378250025365
100472,0.6649738860760319
100473,0.41353290725245473
100474,0.3138255120991725
100475,0.1229073808983854
100476,0.19199406056516644
100477,7.609219967790786
100478,1.7824075406997575
100479,0.574124966566243
100480,0.8015821136742276
100481,1.3221812554052623
100482,0.43843601595156934
100483,0.48586476727389943
100484,0.06138436160888491
100485,1.0092823483763607
100486,0.16628150109281953
100487,5.459798495416572
100488,0.42560852889497863
100489,1.480030090520726
100490,0.21198294211593988
100491,0.9780214399146894
100492,5.426476588861354
100493,1.615694951544662
100494,5.846297086888146
100495,0.7574526226537955
100496,4.059265677385145
100497,1.128259530139168
100498,0.4847015443758602
100499,1.2471997304352007
100500,0.1504933856313297
100501,0.5398314860848488
100502,0.07608196145672391
100503,0.05907522623601088
100504,2.5508410237726324
100505,0.10669233743144155
100506,0.9680802884044803
100507,3.380009676043388
100508,0.6208803803969221
100509,0.5049678648036832
100510,0.6641691307022224
100511,3.122311560397563
100512,2.4871861620702105
100513,2.241390749904199
100514,1.5202637901339309
100515,0.21770366108415787
100516,1.304862032055636
100517,0.2752536100879569
100518,3.121974859589777
100519,0.3691029766079048
100520,1.1070353540306421
100521,0.13563828819158844
100522,0.786825459897446
100523,16.39478682322823
100524,0.686501100392438
100525,0.9881513870897438
100526,0.4788514467118187
100527,0.5295605544124632
100528,0.842310667259563
100529,0.36987078893447334
100530,0.5097140557204982
100531,0.4185196696851045
100532,0.25084496547922713
100533,1.033579325557519
100534,1.9913169124471395
100535,0.7267284476226351
100536,0.6077968535591406
100537,0.6490181169591837
100538,1.4015442505329478
100539,0.2865726457946052
100540,0.6252995337325674
100541,0.7884422456863354
100542,0.5873367093878255
100543,0.46806988225176793
100544,1.8533454217575158
100545,0.40893942577582154
100546,1.1244304969175367
100547,0.6784066000810351
100548,0.866862812535507
100549,1.3247736875872294
100550,1.0443933156005683
100551,0.22300490802718928
100552,0.18345501796491892
100553,1.659937142366315
100554,0.6562957944174534
100555,0.4351690028931594
100556,1.1052446849884277
100557,0.4405234348121584
100558,1.5125659005221124
100559,0.7183554403694445
100560,0.46338493887624266
100561,0.12353340692976394
100562,1.822605608241612
100563,0.9874182106443673
100564,1.0106848293712802
100565,0.22140940531182288
100566,1.7393042369486127
100567,0.10542704358035238
100568,1.3672897386126364
100569,0.3177504080487159
100570,1.577429323590808
100571,0.4725800587727117
100572,6.396425758155835
100573,0.18582898857573632
100574,0.1700473818833752
100575,3.8845310565596467
100576,1.0525355339198978
100577,0.7313513585612612
100578,3.389722182881553
100579,1.1128544772232047
100580,0.7385688954773066
100581,0.1318987031697846
100582,0.1254666511984843
100583,3.0452454860466243
100584,0.348903667258812
100585,1.0830946009908353
100586,2.337102397832513
100587,0.43225410495185235
100588,1.1994583664055167
100589,0.8985503668297208
100590,0.7059263544823537
100591,0.21611531899190864
100592,1.4042234899042578
100593,1.9224407775684282
100594,0.44317851904724304
100595,0.14342064050956396
100596,1.3873552494901777
100597,2.2264440854324516
100598,1.1948581663395808
100599,0.7594197765305634
100600,0.1534821627840427
100601,0.24775910261366654
100602,0.4167376398030912
100603,0.32490290427578183
100604,0.7270771028578662
100605,0.43663693334764403
100606,1.5282415873841202
100607,1.4806126032579945
100608,1.1361645372245408
100609,0.6290360140346366
100610,0.2460936247074223
100611,0.9395619635159956
100612,1.3805148951132344
100613,0.13825462917672363
100614,1.0716389591254616
100615,0.9575574907852061
100616,0.8288593522324967
100617,1.0011381790240186
100618,0.34839216133664197
100619,1.0295359644498858
100620,0.31481245937612384
100621,0.1290189471422336
100622,0.09346663487730106
100623,0.8442960843319766
100624,0.1800635556850926
100625,0.24586375131199548
100626,1.8173031437471798
100627,0.1927676495834887
100628,0.06165386933151289
100629,0.6276287459686762
100630,0.8592609089770462
100631,0.677559096459362
100632,2.0978307277364334
100633,0.16048614916809364
100634,0.4248547594819218
100635,1.3676222576022092
100636,0.36057065186637793
100637,3.7551269604946773
100638,2.3807101970702083
100639,0.6398305068889938
100640,0.6379317434871755
100641,1.7716785469298961
100642,2.624824352620404
100643,1.3451536448697092
100644,1.91197663327695
100645,0.7043468739713044
100646,2.0063800581542366
100647,0.5308307410507634
100648,1.2542617435763668
100649,0.5156711685060908
100650,0.02814590453515726
100651,0.5439829241166333
100652,1.0018046345629648
100653,1.0843307229944454
100654,1.2116382835041106
100655,0.9967384979880392
100656,0.16478747660357299
100657,3.0241405381431963
100658,1.3476858864062562
100659,1.9230463969054072
100660,2.222860191975082
100661,0.7599923130460876
100662,0.6252392352390707
100663,0.19361292541025954
100664,4.354326983074153
100665,2.180514500010174
100666,6.03134645145218
100667,0.23883088459213
100668,1.189023142306596
100669,1.0555865452108442
100670,1.3169500719965588
100671,0.2269313600097256
100672,1.3310813183835841
100673,3.030499482377733
100674,2.201484724696805
100675,0.06954168707363553
100676,0.1892776977692291
100677,1.6520159716861356
100678,0.5931342821813893
100679,0.4133358255995358
100680,0.5058958144496479
100681,2.527340016066475
100682,3.2094978621007146
100683,0.42284566597586565
100684,0.420734281087334
100685,1.5028653272205983
100686,5.360399005302192
100687,0.6326485623741422
100688,0.44360097569685625
100689,1.0140541804205518
100690,3.2420490981592405
100691,0.49796399266258634
100692,0.36107756949682823
100693,1.0430940605771433
100694,2.964351157031965
100695,0.36623961117560966
100696,0.13578220365475002
100697,0.20022398635726119
100698,3.6025092829296246
100699,1.2656594127840162
100700,1.5537449395508443
100701,1.2331860702695965
100702,0.3053154536275409
100703,4.682790703605838
100704,0.1257643979592463
100705,0.18847962459136727
100706,1.465009997216002
100707,3.3003860214258216
100708,1.5718522059526174
100709,6.205798261807526
100710,0.7232568599180739
100711,1.5055249829449808
100712,0.4881555110599184
100713,1.482909559632732
100714,2.5538287171580385
100715,0.3194022066925667
100716,0.2257866241150549
100717,0.16808183236276641
100718,2.343590915069115
100719,0.3711699940663776
100720,0.5636614421950203
100721,1.6274940920800687
100722,2.2260649278060716
100723,0.948500233829412
100724,0.1355770392699878
100725,0.5842095777632498
100726,0.08877567976521566
100727,0.6732056792443347
100728,0.46193545175117684
100729,0.1675767451355741
100730,2.9059935296115
100731,0.17604736974992521
100732,0.08720859761425968
100733,0.45155764409936694
100734,0.11181421186222228
100735,0.3267363813494967
100736,0.33238237963258166
100737,1.881369313973454
100738,1.2717313583238534
100739,1.5739918303092113
100740,1.0875552863571079
100741,1.7996816406828815
100742,0.8150152591200048
100743,1.2124292456843766
100744,1.5317748107903828
100745,0.10404680017319405
100746,3.118352474369947
100747,2.597314239982933
100748,1.1204189073648718
100749,0.8793446658785387
100750,1.9594629761266538
100751,0.7670834233562449
100752,0.09811366008237989
100753,1.4632751202418348
100754,0.9290519221361329
100755,0.5107322158571551
100756,0.7377926816680035
100757,0.7707902428797887
100758,0.5898805557989754
100759,0.41372925558296036
100760,1.008463658801744
100761,0.14475180446213332
100762,0.18300641130501938
100763,0.4765190791654484
100764,0.5481673290106455
100765,0.4114945720541377
100766,2.03111631652946
100767,1.7239040606799705
100768,0.25393670586411615
100769,0.7472989819618967
100770,0.7804877077564547
100771,2.0629362572669043
100772,3.290215531748867
100773,0.9512751234451241
100774,0.7623508413680702
100775,1.5135501531058342
100776,3.262910588235116
100777,0.4135400691666561
100778,0.061131496946707164
100779,0.33318290616900625
100780,0.47498309123813465
100781,0.15116429778640972
100782,0.45913165400393574
100783,2.305450380491072
100784,0.8587086851235741
100785,0.09382427956947438
100786,4.29294902719584
100787,0.29625208171826095
100788,0.43426088700508353
100789,0.8730012577773798
100790,0.50388488913915
100791,7.113620581833932
100792,2.6066729705024803
100793,0.2916014550135739
100794,0.07269012870804521
100795,0.15952618075794567
100796,0.70336650592455
100797,2.1949376495119317
100798,0.9048351458718382
100799,2.504003652286772
100800,0.6374662442388157
100801,0.4439610495353953
100802,0.06579178261999515
100803,0.7320488041458106
100804,1.7066549924925
100805,3.5882081927009537
100806,8.6000229848762
100807,2.0695635194231916
100808,0.7254010295316724
100809,1.4743767743424883
100810,1.4583984700634258
100811,0.2867967097206094
100812,0.557005952202748
100813,0.47595422619623534
100814,63.57239972123011
100815,0.48759123695430373
100816,0.9891929333246509
100817,0.09365335764209219
100818,21.36929201329619
100819,1.2344982823742112
100820,2.544647683675879
100821,0.12781664044581878
100822,2.030198880792154
100823,1.143058414810663
100824,0.7922542019021966
100825,0.7423379934520943
100826,0.7815969919205172
100827,0.49148950191765983
100828,1.4051217685617747
100829,2.7971298801709317
100830,0.43518227794036873
100831,3.3241826456486785
100832,0.11197660727565387
100833,0.16289489198760687
100834,0.4752244197416533
100835,1.5961046310160425
100836,0.48754848806918905
100837,0.24030717655483239
100838,2.6603339172130327
100839,0.671855695063681
100840,0.06778279484137285
100841,0.6207824485627129
100842,5.3457653580912465
100843,0.9621845561120115
100844,0.3877547763137702
100845,2.0989324355139503
100846,1.0915784597387823
100847,0.6816162633051533
100848,0.2972545961871504
100849,0.2243364334361763
100850,0.4867029486454876
100851,1.121082665792192
100852,0.6841786523893973
100853,0.2724427433478285
100854,0.20151929080352735
100855,0.9971289219043321
100856,1.4632876484101827
100857,0.7482574286310018
100858,0.3030342978516249
100859,1.6291819143021584
100860,0.5771951426024005
100861,0.9775721147563792
100862,4.84935748822462
100863,3.6367313393334277
100864,0.6896939805780309
100865,0.3829682814703755
100866,2.6106462498244256
100867,0.15230723299706445
100868,0.2821558107533277
100869,0.6828497945062107
100870,1.0651403408909499
100871,0.998299773582934
100872,1.4310881060875353
100873,5.405412293604737
100874,0.43927901993241647
100875,0.5563616359806434
100876,0.07926932648077298
100877,4.188697239929541
100878,1.4252416326019597
100879,2.106186844280906
100880,0.03883249217909575
100881,0.134438273585931
100882,0.10236419322783195
100883,1.5404193817120175
100884,0.8256777459902679
100885,1.8716549591065632
100886,1.3366359819119091
100887,0.16516526866518005
100888,0.48371498186296
100889,1.0400804617326393
100890,0.7254773272198457
100891,0.1663404192548632
100892,0.07745797686957669
100893,0.33212700250001714
100894,0.2185332759481472
100895,0.6717871523474036
100896,0.8965680280877288
100897,1.082486140981085
100898,0.14711274131320665
100899,0.38132642756406343
100900,1.2219620319939306
100901,0.7608981272257034
100902,1.0958793167506715
100903,1.5637861665134019
100904,0.6708369387294604
100905,1.2367784929970058
100906,0.790928963457256
100907,0.2250122082262097
100908,0.6841302299309415
100909,2.21157091273809
100910,4.129967379566752
100911,0.07523097248629546
100912,0.6530376402968228
100913,1.2002633341105755
100914,0.8240616209056646
100915,0.1582555979067716
100916,0.4335375208539964
100917,0.7680441708484393
100918,1.1306549328020072
100919,0.04719819728217646
100920,0.23521671771614044
100921,0.3118403517960852
100922,0.7030414354361015
100923,0.20146511561750075
100924,0.32631424368780476
100925,0.5211575883359627
100926,0.08161183268052462
100927,0.6187946109666284
100928,0.7726973974275226
100929,0.2680168149154892
100930,0.9953916428284075
100931,3.3120637583113246
100932,1.2568563641656108
100933,0.9881265648097914
100934,0.5174828103484169
100935,1.3044619611013248
100936,2.94406270630496
100937,0.5263285107511466
100938,0.4441945583364696
100939,0.22586057844381024
100940,0.11875518777364992
100941,17.91925039495717
100942,0.6942526836421254
100943,1.02750140429418
100944,0.6755898476596561
100945,0.61820567621837
100946,2.5161765317925138
100947,1.0414595190851694
100948,0.25987248884490266
100949,0.8574627052921031
100950,2.7218950153954613
100951,2.3880902180800123
100952,0.4983151594894629
100953,0.3966631489940346
100954,0.8882191845752564
100955,0.04684817462697026
100956,0.14718128386794482
100957,0.9700957821587068
100958,1.231407601421262
100959,7.406858843970606
100960,0.10372697325049009
100961,0.9631750952555302
100962,0.969256703550661
100963,0.924433980117423
100964,4.734121164515106
100965,0.12787367353626122
100966,0.4329379196556611
100967,1.2344587864894878
100968,1.2394747470482392
100969,1.4565500028763327
100970,0.11153057481486532
100971,0.2729187119508956
100972,1.3736321616112241
100973,0.08071928740606357
100974,0.4627684026574864
100975,0.15752083864082989
100976,0.05390923387961703
100977,1.128192257122637
100978,1.2949790769960368
100979,0.2639716713696436
100980,0.5219238883897751
100981,0.8017489806505568
100982,0.2592672190613011
100983,0.19647684214699107
100984,0.2967316328943275
100985,0.24065783969546956
100986,2.215660752218735
100987,1.6613595783253743
100988,1.2587478192765778
100989,5.3067012174954895
100990,1.2583637984132776
100991,1.482949192192161
100992,0.6653672014517257
100993,2.3450255117994336
100994,1.5550036249914323
100995,1.6326265837908478
100996,0.12098770856911403
100997,0.08501155182833157
100998,1.2690640123742702
100999,0.14897725728344194
101000,0.7254086230369995
101001,0.12482612446216175
101002,0.44982763658322
101003,0.6548916072878903
101004,1.0267307562316341
101005,1.4032195598236186
101006,0.11055368805187692
101007,0.23198552970162034
101008,0.10795123982389832
101009,1.470784176943253
101010,0.9480292264421624
101011,2.297051232591005
101012,1.084374944664952
101013,0.4557965578272336
101014,1.0758369995109627
101015,0.974082204710492
101016,2.1035684767072795
101017,0.30616718004869065
101018,1.640019564359869
101019,3.360392918036739
101020,0.2153770330267103
101021,0.6886373636802392
101022,0.13220971340333693
101023,3.2475019316608327
101024,0.21168657864742843
101025,0.49939983888998535
101026,0.6177770173290181
101027,1.1983083001002244
101028,0.5086138221480561
101029,2.242100114853057
101030,0.17942055421278905
101031,0.21874573927933785
101032,1.493958612689662
101033,1.0194908841553187
101034,4.14647961212218
101035,1.8767774498962124
101036,0.10948022258685955
101037,0.5283471145127541
101038,4.372917772379794
101039,0.16482392403974225
101040,0.5737831893050902
101041,0.9116822461351348
101042,3.436503699679423
101043,0.24900657663101095
101044,0.4765491043146538
101045,1.1021925787512883
101046,0.9610528871784938
101047,1.100602398211908
101048,0.35889942395861024
101049,0.04630597333212115
101050,2.6014148048113626
101051,0.12498316634171881
101052,0.8094916038004601
101053,0.9641165772506072
101054,0.821477938548826
101055,0.5790438566624979
101056,4.967625704849923
101057,0.6376970888155428
101058,0.9377457569379553
101059,0.258117408423005
101060,0.7147005893316973
101061,0.2703877457803597
101062,0.22339554709153772
101063,0.7242845346533485
101064,0.10402355808820202
101065,0.7971086179050497
101066,0.1371399282391874
101067,1.4102551196995705
101068,0.5022454411700352
101069,0.40252473906889874
101070,1.3948413929473846
101071,0.25896984815563634
101072,0.3180648026710144
101073,2.6214521659704535
101074,4.3445907335615255
101075,0.35719979662461526
101076,0.5613769168802677
101077,0.35102495564584496
101078,1.1889978988159453
101079,0.13354256371131396
101080,0.5393465489808043
101081,0.6216699502672618
101082,0.466060704071667
101083,0.26681319662467307
101084,0.3312472221197904
101085,1.7838222536463428
101086,0.7313447602008232
101087,3.434047901263523
101088,0.5330884120338631
101089,0.23044450847945092
101090,1.301066593417452
101091,1.5694963445872663
101092,2.5046018903322294
101093,0.293750717750113
101094,1.3741031146306186
101095,0.3535915853908915
101096,0.23185765227843053
101097,0.5015689183196878
101098,0.2841172545899703
101099,0.8912557747071971
101100,0.6376270174173105
101101,0.07082437159655397
101102,0.069874438258161
101103,0.4270734316943525
101104,0.870960024652607
101105,0.9714024244409085
101106,1.018938939746582
101107,0.7485942426789594
101108,0.8725368454410094
101109,1.0858804712006127
101110,1.836788196480671
101111,0.5246014606202811
101112,0.2996084914410168
101113,1.7952045801165593
101114,2.2855130605709766
101115,0.8733255441923108
101116,0.20056562305078693
101117,0.44679541976697196
101118,1.0748029197080151
101119,0.21438391734727352
101120,1.075799461132602
101121,0.14685932276994343
101122,3.5641782347478563
101123,0.499312910913081
101124,0.30130767042800793
101125,0.19509890110507785
101126,1.7643641723319092
101127,1.4165946053819487
101128,3.711585307632817
101129,1.1591019995711715
101130,1.389332708052778
101131,0.47862871648782934
101132,0.781478390854938
101133,0.35732177329619474
101134,3.0312845399929436
101135,0.4266714726435865
101136,0.11869413486615818
101137,1.3077638196114036
101138,0.4818295606168251
101139,3.3098976300923715
101140,0.6190746181009557
101141,31.47099033675178
101142,0.7051209055574389
101143,0.14544677385617405
101144,2.823802067376067
101145,0.9980506969513259
101146,0.07117434366861257
101147,0.28466409307587304
101148,0.3788736766352874
101149,3.635987224344128
101150,0.38632215314460966
101151,2.7836046867626103
101152,0.373243719609493
101153,2.186016660770141
101154,0.208009404874912
101155,0.07493732556704435
101156,0.41674469209285026
101157,0.5455018714050829
101158,0.2613243001276452
101159,3.6502847997289987
101160,1.0474808384301437
101161,1.3688358793205153
101162,0.9356683072852312
101163,1.238866929878296
101164,1.0870321957952251
101165,3.2863019580523223
101166,0.4604936306067101
101167,1.1418598232918074
101168,0.1635263923687248
101169,1.0375719825023357
101170,2.4543420956153494
101171,0.48956354194772717
101172,1.281368973014512
101173,1.9572601432261683
101174,5.092478074094816
101175,1.6978680040282281
101176,0.21284072908104415
101177,1.281505805152888
101178,0.8427697093509753
101179,12.408819162219054
101180,1.250461671945863
101181,0.569600743020528
101182,0.6481585909535443
101183,0.3897431840590391
101184,2.574578543242635
101185,0.904813409691996
101186,2.231040106035565
101187,0.08604221293664563
101188,0.5392061073051809
101189,2.392253433990417
101190,0.22412008042944268
101191,2.9681196595066797
101192,0.1098387492215401
101193,0.8946355225885076
101194,0.2679261378828345
101195,1.2846260432624457
101196,0.33677995934670646
101197,1.2194684938239697
101198,0.4487259147123321
101199,0.7331126774775938
101200,0.03403980479316885
101201,0.08385736261715705
101202,0.5736002716474576
101203,0.12839446193858314
101204,1.2747304021921586
101205,1.9189518728430797
101206,5.288086052135825
101207,1.4467280305553072
101208,0.8631775314650211
101209,0.13629088092365269
101210,0.5167002781501866
101211,0.8029898152484222
101212,1.3187615458919637
101213,1.4501301248775083
101214,0.2480595515953496
101215,0.4904073201415904
101216,0.09247609150373905
101217,0.6349994654801709
101218,0.7311090821318886
101219,0.48714914452080005
101220,0.7582986842464648
101221,1.679823936179517
101222,1.132045700538125
101223,1.7101848848376846
101224,1.2301618571218123
101225,0.713262686628399
101226,8.406372571965504
101227,0.33420654345074313
101228,6.474679271260567
101229,0.5736657745208108
101230,0.08071702445947716
101231,0.24498837877394136
101232,2.1909148206272673
101233,0.6857008102489562
101234,3.280381830581158
101235,2.0697302815532894
101236,0.14544034267589118
101237,0.9387532616890425
101238,0.3648791242222364
101239,1.7986998729451016
101240,0.561557131149669
101241,0.12709939652507624
101242,1.5939859044485063
101243,0.3446538321126612
101244,1.277411452126357
101245,1.8086572494594666
101246,0.28758811792537736
101247,1.1663411177480865
101248,0.4446203393166229
101249,1.4986882635763188
101250,0.7277273018886223
101251,0.3321883854506085
101252,0.7504315697982571
101253,0.1655025429177882
101254,0.43536529583519673
101255,0.3134429176955485
101256,1.3091835541412786
101257,0.3801341723621009
101258,0.22711814810634334
101259,8.360283534293734
101260,3.322637783620153
101261,1.0753421418267408
101262,0.2810996773574119
101263,0.4847815780969059
101264,1.5284925933143012
101265,0.994781720971694
101266,0.1624987418562935
101267,7.409907695630953
101268,0.21941568074227197
101269,6.96853654764598
101270,0.6165429818258138
101271,0.7572713247870255
101272,1.0133051632577026
101273,0.19620642199336347
101274,1.4973516503380977
101275,0.47540992365996965
101276,3.390980668681854
101277,0.5727895876019449
101278,1.5784987108421333
101279,0.08728201379836645
101280,2.326774868736999
101281,0.24834180466674932
101282,2.574665216180062
101283,0.12376359202298842
101284,1.2596319753238736
101285,1.459537646327523
101286,0.35168445685460065
101287,0.2002061933625904
101288,0.7728987241600183
101289,2.1073113432334427
101290,0.37220218420248935
101291,0.816025905437254
101292,5.135417500345566
101293,0.060849663624326616
101294,0.13039399642510985
101295,0.3660400818440658
101296,0.3562826272949029
101297,0.11001117978252206
101298,0.03194327572165405
101299,1.8191430888090268
101300,0.20360482514786718
101301,0.211296652237662
101302,0.236186477151321
101303,0.03529590922113216
101304,1.9534413600070026
101305,0.5718135727687014
101306,6.409429102540952
101307,4.093682453151041
101308,5.321778616872105
101309,0.2696900915089206
101310,0.1799545428737272
101311,0.09254979864546126
101312,3.672848906403505
101313,0.6738487237168342
101314,0.4684137512136841
101315,0.12703663262923134
101316,0.7372808124832563
101317,1.0420195347216235
101318,1.4554461603632467
101319,0.503600846739947
101320,2.1497913539522013
101321,2.111547570840665
101322,0.3796300833366824
101323,1.1047193625253706
101324,0.810708352062748
101325,0.17719494152753712
101326,0.7489497880992354
101327,1.2441544751080036
101328,0.21672687831017898
101329,1.4594387731843381
101330,0.733772985067015
101331,2.7608585024143997
101332,3.824246546632749
101333,0.15630736982767102
101334,2.396105777962236
101335,1.222257748918939
101336,1.5122985149780288
101337,0.5057680639257127
101338,1.5887531915597528
101339,8.017583117840159
101340,2.408898821051594
101341,1.0576547019584919
101342,0.9016163755449753
101343,3.3630981686450165
101344,0.28745470989624033
101345,0.35412951478754634
101346,0.6272477619483815
101347,0.3007128705544016
101348,0.34550169401758285
101349,1.2229071358531858
101350,0.316383313903021
101351,0.2134418492982299
101352,1.602979999230718
101353,1.0643667567847281
101354,0.5287477670883935
101355,0.2052015502751745
101356,1.631353169015584
101357,0.9501130866616144
101358,1.3586046707477297
101359,0.1379580071238386
101360,0.03653197846862221
101361,0.4477578009837965
101362,1.1496857311791309
101363,0.5301224995716811
101364,0.8813842183175435
101365,0.45498733462441077
101366,0.7069822855998339
101367,0.11328764059548023
101368,4.846989595468352
101369,0.24473107833499552
101370,4.462303591817711
101371,0.3556700295048464
101372,0.6969344637739093
101373,0.6256031054055703
101374,0.31848461604987666
101375,1.1417905269688147
101376,0.25375177431281765
101377,1.8571806287377337
101378,0.9759922562012486
101379,1.040562919931837
101380,0.3408896114553458
101381,0.16603374465887338
101382,0.09128604035616082
101383,0.552349604829005
101384,0.12256683781321491
101385,0.4286508918357606
101386,0.3118867454453167
101387,0.24998065672898218
101388,0.701682650196125
101389,1.7807101651668271
101390,1.365271763580854
101391,1.031356551014117
101392,0.3137972209374912
101393,0.7216976716271436
101394,1.3707954242899447
101395,0.8502641968333822
101396,0.7072621496028525
101397,0.4207440531852922
101398,1.3809152136182274
101399,0.07875828129132478
101400,1.3604188891287137
101401,0.3408777797719521
101402,0.9697575107482207
101403,0.7760554825045854
101404,2.492548192805047
101405,5.529809189650086
101406,0.20042410564132768
101407,2.2965003632250185
101408,0.1892731386932843
101409,0.03519346195464803
101410,0.1866748909070615
101411,1.4878426378558565
101412,1.8369913572113477
101413,0.4332596885775082
101414,0.13720306255167844
101415,2.093347131286848
101416,0.4533996427919261
101417,3.6214203855558758
101418,1.0787259634446436
101419,0.4019045437391017
101420,4.3682281512623895
101421,2.034516641896053
101422,1.1127989186473073
101423,1.4297221665290314
101424,17.381811133806703
101425,1.107001972765351
101426,2.6712231169907947
101427,8.603637938252847
101428,0.2331188102617383
101429,0.801331899538936
101430,0.2938695129425312
101431,1.0564232197017704
101432,0.24180812946309532
101433,1.8559274465208242
101434,0.6470824249994236
101435,1.0119141937385143
101436,3.6543554127960616
101437,0.36271436382697875
101438,0.2668385851626004
101439,0.7658964949150893
101440,0.7961708027373284
101441,0.20090083660632685
101442,0.23708413535398576
101443,0.5721411556419513
101444,0.8110511699624083
101445,1.3714036594474703
101446,0.711230208984459
101447,0.10458284239547283
101448,0.9881833467228404
101449,4.097337989495442
101450,0.9324959093541749
101451,0.7364613287989495
101452,0.5730863925853537
101453,0.8842659325554212
101454,0.12792186689179
101455,0.4823772437371896
101456,0.23949842902198215
101457,1.0456008397444567
101458,2.4171687707767924
101459,0.9413257349122217
101460,0.7933013810193813
101461,0.2553040363233206
101462,0.09865174278663139
101463,0.28532691794279813
101464,0.9114005044738156
101465,1.2456360100680481
101466,0.512385254465544
101467,0.5773638048525574
101468,2.168442473520981
101469,1.395755321926672
101470,0.5567349653820569
101471,0.21073841753487488
101472,0.3443968676486303
101473,3.017898844109235
101474,1.1237349721163845
101475,4.104967821708956
101476,0.07826944141462502
101477,0.2828688779273652
101478,0.1781037854881964
101479,0.5942751256105524
101480,1.362697228989043
101481,0.8685253694178612
101482,1.26071945024947
101483,1.2494407404793646
101484,0.8439973809074696
101485,0.4836624978820542
101486,0.5410150911976245
101487,2.631236196599555
101488,2.290755017271497
101489,0.14760794854251358
101490,1.075295063531052
101491,0.13632348291366492
101492,0.3352428072439336
101493,0.47919873024289417
101494,0.9440943264219105
101495,3.6861649914875927
101496,0.17349613637460254
101497,1.634920375285279
101498,2.1764608165651773
101499,1.2785277859100308
101500,0.1006091850663629
101501,1.1890922786343605
101502,0.41052425129416936
101503,1.5293277935869523
101504,0.53461519006909
101505,1.489936893471549
101506,4.97500935017006
101507,0.8805725317223453
101508,0.2763216421745887
101509,0.29503407133551707
101510,2.2944294261495015
101511,0.5497068946084486
101512,0.5685017343078894
101513,0.7647499684267298
101514,0.5262677943494588
101515,0.7061994507264959
101516,0.17320863075879717
101517,2.3398269283524
101518,1.1758970458208209
101519,1.6199012109351807
101520,0.1439586606914952
101521,1.281591607320002
101522,3.530167859772337
101523,0.4880787691412085
101524,0.9974445394099897
101525,2.1161588980087327
101526,0.8556460595575199
101527,0.7444448944142128
101528,0.6655514950372748
101529,0.23384207866533605
101530,1.5484237969962293
101531,0.11265659667692467
101532,1.208002558835731
101533,1.5394260833415028
101534,1.1584508421578974
101535,0.4497913575561927
101536,1.7747642602561906
101537,0.06939021455848757
101538,0.362875934201389
101539,4.022547830504037
101540,0.19003079755865615
101541,7.503453754909765
101542,0.055095571969833675
101543,3.842842801885485
101544,2.6306420067881495
101545,0.49405735657122735
101546,0.9400118764549403
101547,0.8366867508507139
101548,0.5108734434493998
101549,1.2251695800170164
101550,1.935043118514475
101551,0.6936631462890647
101552,1.0192710340059703
101553,0.048511795280918514
101554,1.767989204332974
101555,1.213422298803758
101556,3.8295562459636407
101557,0.1487459074090445
101558,0.12378194840093132
101559,2.475910539965477
101560,0.5840851700361152
101561,0.7684397200903073
101562,0.1568911104462644
101563,0.8983429650557391
101564,2.612769166140416
101565,0.20399948443190652
101566,6.389633131233428
101567,0.18404142860775624
101568,0.7310437643540366
101569,2.2791957942978716
101570,1.5901047020218924
101571,1.6010534934452592
101572,4.277623505239824
101573,0.09601568256736698
101574,2.42626494829813
101575,0.45052672292224616
101576,0.9366006062055716
101577,0.2251399875222836
101578,0.06422592571208527
101579,1.289256653660047
101580,2.898299601732052
101581,0.32500571080801066
101582,0.8438310728297542
101583,0.6413249952342448
101584,1.2952320422884642
101585,0.40857378320661614
101586,0.2999181119539081
101587,0.5614687873220523
101588,1.1033519517620554
101589,2.9288982037691444
101590,0.34950572120297535
101591,0.7168213578458347
101592,2.8551024458035688
101593,0.7358547282806788
101594,0.6678082502141692
101595,0.6016060724297986
101596,0.48074940749822687
101597,2.1282633914630757
101598,0.7525159696020166
101599,0.06863364083552109
101600,0.354937247127503
101601,1.594410779865173
101602,2.2973598651786573
101603,1.0474099335229756
101604,0.4143831109385139
101605,0.1701264402810262
101606,0.47695947333008465
101607,2.2187753271543627
101608,4.993097677116029
101609,1.711237114290617
101610,0.9867465173212899
101611,0.3649047736226332
101612,1.2882502960615845
101613,0.6989015046534524
101614,2.185319811810751
101615,5.093443308779805
101616,0.22800193631967783
101617,0.09152762781639706
101618,0.7436316848379452
101619,0.3050914569603304
101620,1.3766795776734304
101621,1.0514929310012917
101622,0.5752568278925124
101623,0.8815755458151087
101624,0.2094848765362558
101625,0.03953420811793862
101626,1.3430795453533872
101627,0.13785116977051848
101628,0.038046088046232385
101629,1.334889262864172
101630,0.1309657625057879
101631,0.7283246761117678
101632,2.307671778072589
101633,0.08174452765907521
101634,0.4828477540495407
101635,2.187339203749174
101636,6.2988475463954625
101637,0.9294889414507344
101638,0.08943751306525544
101639,0.331491157850346
101640,3.0767825997321627
101641,0.35376808794289105
101642,4.170108723131056
101643,1.8403542443078094
101644,1.530308827443527
101645,0.3008609997404078
101646,0.8173245754734583
101647,1.0056049665849502
101648,0.6901628309975454
101649,1.4502244312836634
101650,0.1460103060581127
101651,3.7654514751832844
101652,0.9930625764905652
101653,1.644650080688523
101654,0.040137733004861
101655,2.214784956654768
101656,10.725855622482921
101657,0.3489480679402785
101658,0.7906511081000175
101659,0.37932840360974
101660,0.8760200640346733
101661,0.6586938330320582
101662,0.27206418732808235
101663,0.1377594818123823
101664,0.5661981453932361
101665,0.6232950659087073
101666,0.6930859809826899
101667,0.7824822088431531
101668,0.046385706875476336
101669,1.6869647101913314
101670,5.239368916399003
101671,0.3395372788806118
101672,0.1225667411620028
101673,2.2509138981096055
101674,1.4198097978474036
101675,1.1025560201260254
101676,0.17687031643798642
101677,0.14364853731092947
101678,0.22266133431017562
101679,0.12864004575694576
101680,0.5828401761281826
101681,0.20366184148978903
101682,0.4009918135112271
101683,0.031472135845717154
101684,0.7699909995352617
101685,0.6783618859776925
101686,1.2682255987624662
101687,0.7344447244281118
101688,11.401832276469147
101689,3.1443920532979437
101690,0.37126978723540516
101691,1.124490565904561
101692,2.490047791028487
101693,1.6282937448499304
101694,5.035277431685835
101695,3.7821934240020836
101696,0.19842221727964643
101697,0.4609406436577909
101698,0.5476830418758818
101699,0.31565465451402686
101700,0.08846968957257988
101701,3.4032083689132833
101702,1.1585778160991054
101703,0.6425138559068118
101704,0.14673638821233315
101705,1.0575332479674828
101706,0.740403254283653
101707,0.7052338703744915
101708,0.7386947012520924
101709,13.023780752055638
101710,0.31239191839841646
101711,0.10274788635412574
101712,0.53913594802926
101713,0.17958054595050255
101714,0.27075996689855714
101715,1.37651998100857
101716,2.1812732787469757
101717,1.6251925821143918
101718,0.4943902493342878
101719,2.5982424861490445
101720,3.573651716578103
101721,0.605828889068226
101722,1.8005591447785627
101723,2.1806918068862564
101724,0.12018274289458265
101725,2.3120128581106503
101726,0.5847360549848499
101727,0.48868880170564594
101728,0.9156463525707034
101729,1.3011832190809889
101730,0.2930436982100043
101731,2.0767106363964705
101732,2.2782874654146528
101733,0.7109970445218148
101734,0.5780678342335964
101735,0.38673659954891615
101736,0.32490787751387795
101737,0.664747946721185
101738,0.29042490375652164
101739,1.140587641983063
101740,7.816524661453836
101741,1.3551654555586692
101742,2.667742591577221
101743,0.6053611497035378
101744,3.352514692407702
101745,1.936181317784547
101746,1.6423488815226177
101747,0.488658893072153
101748,0.35856973009003384
101749,0.34649286859765777
101750,1.1807332881018462
101751,0.4376224694478424
101752,1.880044427204555
101753,0.24621678960828905
101754,0.362665910858211
101755,0.9040457330192334
101756,0.8674282818812911
101757,0.8182271260272279
101758,5.372316942086069
101759,1.4551155361095698
101760,1.0173715254533018
101761,1.4326123719920356
101762,0.17897949305707478
101763,0.13997927891800405
101764,0.8714648859781764
101765,0.11169166632328309
101766,1.2548439600629884
101767,0.27188191698541886
101768,0.8118256005294462
101769,1.2461752445001784
101770,0.5464673111295004
101771,0.732368895219434
101772,0.5372891865397815
101773,0.17585658627454387
101774,0.19884832500703173
101775,0.3866920616295927
101776,0.1267253275971022
101777,0.47865342694376795
101778,1.2562971593229018
101779,4.972088909295651
101780,0.9193740553105213
101781,1.7388700224446025
101782,0.5629867009544978
101783,0.39592916921513727
101784,1.2310872546960046
101785,1.5605262771316062
101786,1.4851851083132255
101787,0.38441942145990604
101788,4.365277868796829
101789,0.6790158972641771
101790,1.3078750601229518
101791,0.9739417660838369
101792,0.19201606539267446
101793,0.20025762626259683
101794,0.9062520815718473
101795,1.1854740385517177
101796,2.1996821724252884
101797,0.20014640383901708
101798,0.938191522657722
101799,0.10823981258494349
101800,0.6828839510636628
101801,1.579115795240087
101802,0.36463153333669435
101803,0.7607691895590852
101804,0.5698970159542975
101805,0.8715340246904305
101806,0.9525934259099127
101807,2.800391476258977
101808,1.0325229603138044
101809,0.7518783014660804
101810,1.6684023615369856
101811,1.19245385253083
101812,2.4961685597114753
101813,0.264431049903328
101814,0.905600355788656
101815,1.80470476230686
101816,1.6053804684632496
101817,0.8331925216220973
101818,5.057138605635855
101819,0.44084129860158994
101820,0.6488922215577032
101821,1.8257144637414464
101822,0.860115937080415
101823,0.9068063500244464
101824,0.23266496895307115
101825,1.5179663437684021
101826,1.037738919978597
101827,5.5399030394369255
101828,0.6704456635288711
101829,0.9470496125839515
101830,0.8044710362529706
101831,0.4891342906048243
101832,3.595820830640823
101833,0.8588670073433782
101834,0.3968508292744505
101835,0.21353659529391153
101836,1.5737469197623561
101837,1.0412448974611594
101838,0.22521228088623774
101839,0.872818969398773
101840,1.7153437512988978
101841,0.9022673599869226
101842,0.7945051493549301
101843,0.2750649172150492
101844,0.2103340009453509
101845,0.6603029638616047
101846,0.4895471271826197
101847,1.2816053638318359
101848,0.10517134074803831
101849,0.16856334957646185
101850,0.18861845595856408
101851,0.8749833468941122
101852,0.052436733407305584
101853,0.03748539132604758
101854,0.20458819021456623
101855,0.08510861790658496
101856,1.4250920868948522
101857,2.285336246254563
101858,0.071327529962619
101859,1.775251367421406
101860,0.40885501978075084
101861,2.1269906822257014
101862,3.8532626119667377
101863,7.803231351220867
101864,2.5536448842437403
101865,1.237673011379949
101866,1.3340062552918226
101867,0.19857099555569385
101868,0.11560372072178006
101869,0.44931199584261156
101870,0.19629009308759635
101871,2.1751160787065045
101872,0.7786521555031584
101873,0.6986737817538443
101874,0.6978676526471377
101875,3.2686867843165235
101876,0.044795836714506994
101877,1.4875329310529213
101878,0.9207436287163442
101879,0.5393611019161599
101880,0.1530038622227011
101881,1.8095892922396142
101882,1.473351278438084
101883,0.6843780831537739
101884,0.4364381211733964
101885,1.0917263981781318
101886,0.1622071930577061
101887,0.6992870853370537
101888,0.5081657200814912
101889,0.6559307408125088
101890,2.013490788608761
101891,25.492410206567037
101892,0.787696829492994
101893,2.0480396896298485
101894,2.839587326016829
101895,0.4489175427138912
101896,0.05189331424907791
101897,0.21753242333753872
101898,2.7237054400200407
101899,2.213638182086814
101900,1.224099552453478
101901,0.10594833387737851
101902,0.3296131072682732
101903,1.259988637529665
101904,0.34188784062641225
101905,1.2236018464006868
101906,2.232524444671004
101907,0.572515892233686
101908,0.16887752000337233
101909,0.5154778621989069
101910,0.8648066485146737
101911,1.3559558562954988
101912,2.2432360909035625
101913,0.9059684619289349
101914,0.5143551403595708
101915,0.8771840924935896
101916,0.46045812393296703
101917,0.6201333317448819
101918,0.44699063025770874
101919,0.22605997656752402
101920,0.14184302352031625
101921,3.087956300637867
101922,0.3135705757214719
101923,1.6873802808235014
101924,0.5735818972941843
101925,1.0698693357903537
101926,0.4540745899496521
101927,0.5929802740073913
101928,0.26105470195554087
101929,0.29938199625605016
101930,1.84059839755404
101931,0.1172925824739601
101932,3.179410817557176
101933,1.1395924446194248
101934,0.08173960516024564
101935,0.032126185515435474
101936,0.7339361650813162
101937,0.18164100764857566
101938,0.30654973415445536
101939,0.8617163917706311
101940,0.3782734150050892
101941,0.23328954068294958
101942,1.6397184370009135
101943,0.15534502200533712
101944,0.7471387838273009
101945,0.43296109553653817
101946,0.3093864024343901
101947,0.24922286935967172
101948,0.3558824905398966
101949,0.1707438732747207
101950,0.1278153203796873
101951,0.13070403068459902
101952,0.734999216233474
101953,1.6796642796215857
101954,0.3604659601885528
101955,1.5338689357829478
101956,2.1322712536180854
101957,0.43437617494374375
101958,1.0702745718623516
101959,0.7996661009196139
101960,1.8310437991003476
101961,0.6621256625370265
101962,0.6987586226330917
101963,0.12368035629439716
101964,3.362738861897696
101965,0.5700723457121459
101966,0.10574558240455004
101967,1.4031177283155514
101968,0.149496414487852
101969,5.155724087128116
101970,0.24313313858701657
101971,1.3599644380344476
101972,0.12236688562663015
101973,5.768072275174224
101974,0.09454283777557326
101975,2.7553872955736463
101976,2.7785044648621784
101977,0.5298597661308623
101978,4.345517065291911
101979,2.654271357159496
101980,1.8279732451846513
101981,1.7049956675012943
101982,0.3274845525915443
101983,0.918459386400972
101984,4.414560501254365
101985,3.2063727876845873
101986,0.6892987401048755
101987,5.194697799345033
101988,1.0354630316280082
101989,0.27689240992948533
101990,0.5342010563898006
101991,0.2689592267935771
101992,0.06464446995075286
101993,0.8926505743615915
101994,0.31008520553873037
101995,0.1848061635871431
101996,1.0618819482473572
101997,1.1085714106425333
101998,2.8068272658752598
101999,1.2625383409908446
102000,2.307968815195836
102001,0.9543156913762403
102002,0.07359673090647083
102003,0.42242023519410765
102004,0.06029903483790332
102005,0.828195466145002
102006,1.668988388039524
102007,2.994093480705467
102008,0.18617868669585816
102009,0.9330234776131933
102010,1.727471558841824
102011,1.1299033301804127
102012,4.042097682503614
102013,0.09345496806163614
102014,0.048174112412012006
102015,0.7769416534047225
102016,0.22565336011648277
102017,1.029924631931534
102018,0.6567986335224476
102019,3.92889078490309
102020,3.8161827401849804
102021,0.07019959057232074
102022,0.7697776366612881
102023,3.4876292769969988
102024,0.6075055666344651
102025,0.2504439433594172
102026,0.32854524073597186
102027,0.7854163565403767
102028,0.5520535963777953
102029,4.296918778330977
102030,1.3053533882074155
102031,0.7385184305627175
102032,0.05790976094614781
102033,0.1761833874865365
102034,0.07818490888158139
102035,0.9928134902792308
102036,0.5970733672073519
102037,0.7427015599257469
102038,0.48298071551594857
102039,0.32835833361386874
102040,0.9430591143034528
102041,0.08663132627583345
102042,0.8770170815838431
102043,0.29024956516615846
102044,3.028821098933146
102045,2.053248884920756
102046,2.0350599708103063
102047,1.0422867429638916
102048,0.43649978116631677
102049,0.17530116556566971
102050,0.26975741157094707
102051,1.316550060127259
102052,0.5068767548292827
102053,0.44079538402071883
102054,4.103334859446386
102055,0.6889272763577095
102056,1.3717955379021936
102057,0.2228781336830049
102058,1.837068059935872
102059,0.6602958138247045
102060,1.470530081622379
102061,0.4795820173040565
102062,0.4818303398075299
102063,0.09126113879713801
102064,0.1315536810413517
102065,0.29228068135775714
102066,0.6391300964570741
102067,0.3655333000160789
102068,0.20947886942837893
102069,0.8282194793389214
102070,1.51996537441165
102071,0.2951521512193169
102072,1.901729219657127
102073,0.11056272455233487
102074,3.5858929572951506
102075,1.2271716417939023
102076,1.010663867061761
102077,0.14003346551964302
102078,2.35325718604902
102079,2.0684424249134348
102080,1.5598570855275722
102081,0.2873423585553606
102082,1.4792129539224708
102083,0.24099030913571068
102084,0.2769998838278277
102085,0.6060604569657394
102086,1.503145360079618
102087,1.58289485182278
102088,4.38195143468108
102089,2.210918339758904
102090,0.2025567908442832
102091,0.09671091890932135
102092,0.40717378545214783
102093,1.36902110840363
102094,1.1367545154972098
102095,1.6428489946710498
102096,1.887336453557568
102097,0.9365693234523157
102098,1.1366075676612086
102099,1.442400844003279
102100,1.3617661447386775
102101,1.3399825589858907
102102,0.20092859557325315
102103,0.7373005273229599
102104,0.5054082784043066
102105,0.2319872335168379
102106,0.5043556119844247
102107,0.4389378350957648
102108,0.14136696795630627
102109,7.369141482240687
102110,3.1978565477920236
102111,0.5549337504606303
102112,1.3472260868273955
102113,0.21120578453653543
102114,0.6106712993632091
102115,0.7295211603992329
102116,0.9866904055501363
102117,0.6805509056457448
102118,1.4004775472018505
102119,0.2694003588648182
102120,0.07270937316309281
102121,0.2374997583501957
102122,0.14286760398520781
102123,2.004000691970438
102124,0.14158521244948433
102125,0.5858634983450155
102126,1.6184927869403718
102127,1.0644884320204038
102128,3.419118454861154
102129,0.1998980268228737
102130,0.9035491682179858
102131,0.9534641590840472
102132,1.9050874951979409
102133,4.80008827706026
102134,0.2207882998115345
102135,0.5249450622290361
102136,0.5888507412298982
102137,3.5777856333347122
102138,0.060281920964921194
102139,0.9929887897880718
102140,3.729529393698192
102141,0.6914570465791381
102142,0.7583425820450986
102143,0.3048179360464432
102144,0.11705304876657714
102145,2.025665587839239
102146,0.9101748789762312
102147,1.359886340612312
102148,0.14788899485223692
102149,0.47045697207296916
102150,0.3388265514192704
102151,1.0014358060556199
102152,0.39622725298016487
102153,1.1441080642753114
102154,0.47522138562157357
102155,0.1941852778800429
102156,0.04661669717709531
102157,0.08260662041855898
102158,1.2842533796106033
102159,0.7938929459480775
102160,5.841178427193824
102161,1.2516862160973723
102162,0.8072191866423307
102163,0.7425631376509307
102164,6.3330075642513455
102165,0.9844433736741273
102166,0.4863056909942962
102167,0.2748111653660649
102168,7.078928983634731
102169,0.644436780927603
102170,0.8425220149530587
102171,0.08764062211390174
102172,0.3461183553564722
102173,7.317086509903048
102174,0.693000460041236
102175,5.364761546588657
102176,0.1797976962209461
102177,0.5208797598115569
102178,0.542887908550239
102179,0.6424148208150541
102180,0.28321416526344506
102181,1.1789015780140324
102182,0.37189373921933977
102183,0.24275290315391576
102184,1.2484949802550023
102185,0.31270567258109416
102186,0.14211544010291707
102187,2.4174796957864704
102188,3.486196694933175
102189,1.0479188161568096
102190,2.6950458793997285
102191,0.2810986292026323
102192,18.399160510033695
102193,0.07076906481992543
102194,0.5204313749726805
102195,0.2643682334932263
102196,1.7611302254601375
102197,0.5710859049112358
102198,3.225210007593496
102199,0.12330397495069716
102200,1.1831272253222804
102201,0.19196143712553382
102202,0.5956027790662708
102203,2.4367653706824397
102204,1.040647145956604
102205,5.151396213909816
102206,0.35911920745055775
102207,0.4983728098599252
102208,0.31197525614114346
102209,0.4307057853028386
102210,5.621269416626105
102211,0.49535690902914165
102212,1.5282161242916008
102213,0.17910491187302882
102214,2.1930129934124563
102215,0.3753989865505562
102216,0.2767066926531211
102217,0.7880024996199447
102218,0.11761889304454172
102219,0.2422428225235583
102220,3.2537482409509426
102221,1.1541529332189466
102222,0.05968067242492507
102223,0.8976064565140577
102224,0.10081158899096641
102225,0.16522306431533917
102226,0.21210593712808215
102227,1.2689408072393862
102228,0.327638543812096
102229,0.6539106360854188
102230,0.20440980124265923
102231,0.3135969136848741
102232,2.5658192613294872
102233,5.55193954152613
102234,1.2198385126220288
102235,4.123610783162274
102236,0.6111363547857921
102237,0.6657291665084464
102238,0.9959033770328335
102239,0.4166450953939033
102240,3.1124725381848184
102241,1.8584356839710845
102242,0.8649555043193446
102243,2.0468238407170833
102244,0.28097842351776736
102245,0.338760877974524
102246,1.9771778286002077
102247,0.5372649615866903
102248,0.44737851477791135
102249,4.877812706278691
102250,2.2818710996657687
102251,0.7643326545367791
102252,1.1030728942766284
102253,6.3622621524451
102254,0.43050170241427976
102255,0.05943732407921236
102256,1.1141408820666494
102257,2.15809097682889
102258,0.34811427311604226
102259,3.3440530781742224
102260,0.7459236063569525
102261,1.215117941010103
102262,2.4564788593091644
102263,1.724757627967497
102264,1.1704976946631354
102265,0.48117259116990513
102266,0.2862676644252748
102267,5.510412684283715
102268,0.6749006240310926
102269,2.0718024413480842
102270,0.569461753681092
102271,0.24944458434800473
102272,1.2415017154852641
102273,0.33957885286050926
102274,9.577496645312488
102275,0.45516382183836845
102276,1.0032228064973547
102277,0.41559381316310356
102278,0.4905669339270208
102279,0.25743162756223537
102280,6.662421097519412
102281,0.11993512260661546
102282,1.275688527076904
102283,16.338954440299457
102284,0.42736306612547575
102285,0.2819180204480902
102286,0.8724052857882243
102287,1.5860567182041838
102288,0.8136538236879596
102289,0.44268299057469657
102290,3.1714096468252166
102291,0.13113324024351575
102292,1.9249076087940487
102293,0.12056867374659595
102294,0.3258156907204669
102295,0.19609498824617175
102296,1.0646349353244378
102297,2.834867359516678
102298,0.12163289960929459
102299,0.5472577997804728
102300,3.538553565398229
102301,1.7358866881584616
102302,0.1473793046089237
102303,0.09581806730223184
102304,1.2850099173300735
102305,0.5343396593570703
102306,0.44374851773746826
102307,1.7583293176092922
102308,0.6988471688362184
102309,0.5517517561811223
102310,0.8681350205723828
102311,0.5017007400099902
102312,0.6950193915477763
102313,1.13833928585707
102314,0.2886547581046972
102315,1.3129043875115687
102316,1.2498823966045003
102317,1.3180990710000307
102318,0.09739384072009274
102319,0.8840501608719524
102320,2.649002673373962
102321,2.221916550243098
102322,0.06512171776356686
102323,2.2127198090608586
102324,2.1468586404761276
102325,1.2369595430992177
102326,1.1324135022061335
102327,1.3470202427774847
102328,1.9641560311871766
102329,5.310356870547893
102330,0.7400012485451004
102331,0.7618330197629445
102332,0.9201582196548379
102333,0.8402444485125722
102334,0.36189109522526564
102335,0.10808954820374299
102336,3.3292681558876915
102337,0.8967661849122402
102338,2.711074219109575
102339,1.9990431458250413
102340,1.232115904571088
102341,1.3406264172767555
102342,2.6360573174309354
102343,1.055132146064362
102344,0.5088798530001128
102345,2.5668653895031275
102346,5.017219184153677
102347,0.07227316299653702
102348,0.13611220431770596
102349,0.6909926632695486
102350,8.618688375752038
102351,1.156456611324806
102352,0.8648384020622141
102353,1.3007218417593205
102354,2.1815988251838205
102355,0.3325420786224016
102356,0.1297782391654327
102357,0.4347724344044827
102358,0.18876150234650863
102359,0.6835064278191649
102360,0.24876140682913672
102361,0.1595606958808533
102362,0.3932895944874095
102363,3.1363229518168576
102364,0.4628302135178667
102365,0.6792605370421323
102366,0.5766818245932827
102367,1.371504847322794
102368,0.36108614762551716
102369,0.4657981870309021
102370,1.5621003159214548
102371,0.33272575158968704
102372,1.226959451738864
102373,0.904125767373194
102374,0.6420111700993414
102375,0.6547236853173773
102376,3.192949267249302
102377,0.023456721829570246
102378,0.5044313798423773
102379,0.25383262473658963
102380,0.15224653911689537
102381,0.21261040806800435
102382,2.33402525350262
102383,0.1461714756172606
102384,1.3278958207976603
102385,0.18901343507238574
102386,5.086305079986112
102387,0.3280664200941172
102388,0.6912152036693309
102389,0.4013258161238669
102390,0.35320909772850284
102391,1.2963910618063714
102392,0.7439185241748909
102393,0.8965936047142136
102394,2.4794645635817476
102395,0.18586449217784518
102396,1.176316017623064
102397,0.13121224082132651
102398,0.8105694806639345
102399,9.318726131030806
102400,0.9231056098969938
102401,0.33530974616454495
102402,1.2210244673201105
102403,1.2242886879789205
102404,1.1523922471187136
102405,1.2733258194118522
102406,0.3613583897809368
102407,0.44052444310156486
102408,2.4555273430353473
102409,0.8260668169645417
102410,0.11252629081064248
102411,2.8384290600269457
102412,0.6521456913930589
102413,0.19110412535362956
102414,0.4048199837062349
102415,0.21674132515235417
102416,6.827281912628764
102417,2.4398026841965432
102418,0.41380100686328947
102419,0.18527504048618434
102420,0.2437629158082049
102421,1.9704058806532916
102422,0.17515158370203143
102423,5.261150530037196
102424,2.4908302887077984
102425,0.6339807667192601
102426,0.7625134296283923
102427,0.1327431378708706
102428,0.03927703461221551
102429,1.1526231233014397
102430,0.08592839534295972
102431,0.45405759460182
102432,0.08996281231392667
102433,1.8329415028766256
102434,0.09010018397449103
102435,0.10775663732885818
102436,6.645767454913851
102437,1.513378327296539
102438,0.3271915237173152
102439,0.09943512648735266
102440,5.022974633939795
102441,5.153389582904336
102442,0.8500783799116542
102443,4.928649117460878
102444,2.5885265880317525
102445,0.18745971988915927
102446,0.14841230330165436
102447,0.4280379676370964
102448,0.6588810635626128
102449,1.6804401533470241
102450,1.012460534195592
102451,0.7767137835152834
102452,0.5623106374684261
102453,0.6354371825110502
102454,1.6307990247627453
102455,1.70711015978284
102456,1.2572427554508618
102457,0.3287160535417214
102458,0.2784992364917901
102459,1.2050137006250354
102460,0.23880618438708726
102461,0.10903724116388587
102462,0.22099097593818534
102463,0.5814461384975484
102464,1.078411066440705
102465,0.16480806627656472
102466,0.11256361972407046
102467,2.451091920525334
102468,1.514005120273451
102469,1.0156533931567786
102470,0.1028510201283338
102471,0.43345880073832116
102472,1.592507669943692
102473,0.2761763272001615
102474,1.5624838847666522
102475,0.5745518512620095
102476,0.7464796259450037
102477,0.5132642669154782
102478,0.78827500098259
102479,0.34665895008364483
102480,0.07943056455588798
102481,1.979702808203532
102482,1.5106408929831003
102483,0.1586672922783324
102484,0.8540386459637416
102485,0.17948788293602932
102486,0.5083411519217103
102487,0.6639049981150136
102488,0.1523221049199129
102489,0.872238082044725
102490,0.5687630988585662
102491,0.6185155061304416
102492,0.6336154717432297
102493,3.04734915613051
102494,2.882395510377489
102495,1.443388298929063
102496,0.9027328205119277
102497,8.22866023090211
102498,1.20495750749548
102499,0.9328694401431272
102500,0.06407981451282506
102501,2.322554893505747
102502,0.5219159459503556
102503,1.2218075398415724
102504,0.08986459291358519
102505,0.8264563821936326
102506,0.749350718044202
102507,0.22351155370764164
102508,0.41965311178043285
102509,1.096863054957628
102510,0.6058344675440902
102511,1.5908104048296159
102512,1.0668015492855387
102513,0.7893994989585351
102514,1.1993050627568254
102515,3.8671523122055325
102516,0.18289133114081518
102517,0.4621576380381742
102518,1.8653018032842772
102519,0.15216700445111792
102520,0.5674048045284993
102521,0.33514729563032436
102522,0.12381078765472275
102523,0.4665310756614971
102524,0.08648922451475415
102525,1.8716935807582695
102526,0.18611686231977098
102527,0.6832792089510381
102528,2.19836605269999
102529,0.46235421479959593
102530,0.42378436326994623
102531,2.9407766877674795
102532,1.2838739914275117
102533,0.15312459105189957
102534,0.18394062476446224
102535,5.41593778978586
102536,3.122808335498645
102537,0.7485853549653355
102538,0.29068423839576873
102539,0.6227231667046591
102540,0.8404592944596454
102541,0.3642937795072974
102542,0.899941469030649
102543,6.318409019245627
102544,3.102368406690182
102545,0.44441996971780146
102546,1.9063806387586
102547,5.772599039419014
102548,1.9395905506897562
102549,0.6943818330562959
102550,0.4431428769590553
102551,2.6969754610483663
102552,0.16793493848241275
102553,8.573159233506713
102554,0.6045897023804968
102555,2.0469625921032506
102556,0.7129629742942813
102557,1.6273836118480944
102558,0.07573660624008577
102559,0.7116223437677571
102560,0.03673112508316967
102561,0.5535152511918228
102562,1.5718809398665958
102563,0.7174777901833521
102564,0.27031726710415754
102565,0.14985466574248574
102566,0.25745080542918847
102567,0.49849438118113626
102568,0.5623318537473752
102569,2.0211693665679684
102570,0.8264299082486172
102571,0.6958832184501235
102572,0.49991875644024275
102573,2.095080824076536
102574,0.9470400637134521
102575,1.1277477067092356
102576,1.2889709639306295
102577,4.031303161022987
102578,0.15768398676207523
102579,0.9906039070289707
102580,0.2516522791502627
102581,0.8334725086431443
102582,1.3970449537726115
102583,1.775309136129411
102584,0.554251736020662
102585,1.1615802139065468
102586,0.3013813992956982
102587,10.423431678945521
102588,0.5117694737951626
102589,3.659606772127678
102590,0.03915998354358619
102591,0.8369796990382572
102592,1.7479537498003552
102593,0.7175131437831688
102594,3.0090854024147644
102595,0.23184426894951496
102596,0.8405412334737187
102597,0.17822831055267774
102598,0.9775082921337179
102599,0.09949322009857224
102600,1.9431322702102958
102601,0.3163862964587938
102602,3.1864638597033923
102603,0.20596615872644886
102604,1.406591744198785
102605,0.6974968515111021
102606,0.7118743548099589
102607,0.11400871129649919
102608,2.0381076018314
102609,1.1474310007597492
102610,0.6317379146870674
102611,3.295788697913746
102612,1.660516843833742
102613,0.2526347926339804
102614,0.5847523630873616
102615,0.36437739234748956
102616,0.33849407869715364
102617,0.25369388451241137
102618,2.825494931377965
102619,0.11643543685844973
102620,0.0711962094183253
102621,5.403087886191247
102622,1.2551302161556928
102623,0.7566917044545122
102624,1.714921637428969
102625,0.8205400986532116
102626,0.08117295386576849
102627,0.1499615951259467
102628,0.8956622418023242
102629,1.0535847523140656
102630,0.5284131220653365
102631,1.1024159928968322
102632,0.15031581318407905
102633,4.534428045884604
102634,0.47625543727683556
102635,0.7457946797680604
102636,1.8242065927896272
102637,0.4060846279136623
102638,2.1471259637298643
102639,0.6528617993026461
102640,0.1278605348360932
102641,0.3284696618910604
102642,1.6492674920237484
102643,0.3293285734128133
102644,1.0605911831178618
102645,1.4329563082332186
102646,1.8836830385441763
102647,1.0659321716089747
102648,0.19788328581510542
102649,4.296530018324187
102650,1.359152824240884
102651,0.5514077579977341
102652,1.0832436326192068
102653,2.268924514057951
102654,0.3481066934773519
102655,1.894412391601873
102656,1.0436641324978462
102657,0.12831675358347824
102658,0.3047166238455996
102659,0.0655559979061349
102660,0.21546622624379147
102661,0.48907477153014595
102662,0.7781176426574878
102663,0.564122203940993
102664,0.5837903996230311
102665,1.0041316466779797
102666,0.6268223743916087
102667,2.3685394446853874
102668,2.574863651379021
102669,1.7621336916103756
102670,0.29789738470256083
102671,1.9560365319550816
102672,4.396819697057588
102673,0.32125110160397596
102674,1.4250111209680354
102675,0.2778886642054059
102676,0.4178379460975329
102677,0.8348901566264672
102678,0.5994697403048924
102679,3.080731812265663
102680,1.4053360277852955
102681,0.5688332520283013
102682,0.30168039118234397
102683,2.7943314750541477
102684,0.3350661444523919
102685,4.872293309269771
102686,2.577654638868249
102687,4.117429245620398
102688,1.85368503165061
102689,0.0737627414675764
102690,0.34454253021390685
102691,0.2618938417646787
102692,3.071336028450679
102693,0.6570806885863177
102694,2.557346555949351
102695,0.19327856174439512
102696,0.4062330834596237
102697,0.036735374279844
102698,0.12337636102481091
102699,0.5657239647281344
102700,0.16767120265291924
102701,0.6341531954948547
102702,0.6642838512020051
102703,0.9871419524485825
102704,0.6027330539809347
102705,0.0717598566122251
102706,0.09926223876001805
102707,0.8687688804285588
102708,5.015159675205585
102709,2.020927885261869
102710,0.33935148465997517
102711,1.3434126861185627
102712,1.948982121559637
102713,0.10998016990368768
102714,0.21436928379362136
102715,0.6024241043417822
102716,2.080304331503954
102717,1.5682922002961537
102718,0.07604696864953878
102719,1.809966395188075
102720,0.32806276781501553
102721,0.327317585526378
102722,0.5067880211205672
102723,1.7790550495007365
102724,0.0840866344244411
102725,0.8104122795092581
102726,6.944003705025249
102727,1.3547201498471855
102728,1.624695773668059
102729,2.5525625109787073
102730,0.32601333900185003
102731,0.09521256810718785
102732,4.198393350314663
102733,2.3693452629366494
102734,0.060428087058933974
102735,3.3336748724686074
102736,0.38604454424076184
102737,0.8856967833405016
102738,0.6426462640040698
102739,0.5100947506321276
102740,0.43741254323648404
102741,0.7113698396028432
102742,0.7115952910428307
102743,0.23182294082185162
102744,0.494223682225454
102745,0.40532416148876277
102746,0.6679159612816365
102747,0.874478114431737
102748,0.45610970004283097
102749,0.8128887645292726
102750,3.5050773680343092
102751,0.2437708733484229
102752,1.122916663762665
102753,4.897454397915094
102754,0.6399083129895671
102755,0.8314874122899967
102756,0.9397241391269493
102757,0.03437206682464063
102758,2.46601589037231
102759,1.7998940690810938
102760,1.6609047964871397
102761,0.6078204096120359
102762,3.2057562277824294
102763,0.6307356893609705
102764,0.5379742255110375
102765,0.761752526097933
102766,2.6282347169195983
102767,0.20362701949724732
102768,0.316662750004446
102769,1.1875646773548314
102770,0.48442301120052844
102771,0.5059053774616326
102772,0.6827353600586684
102773,1.2540810176279547
102774,8.036547209574755
102775,0.09271470416767695
102776,0.25598031439656593
102777,25.49182744406284
102778,0.49389576568354016
102779,0.2520107429160855
102780,0.5658083114631667
102781,0.430599191070486
102782,1.5682686192208946
102783,0.1987886970109311
102784,1.8824040991395157
102785,0.6740941030818098
102786,0.09248824277426124
102787,0.8236298745783772
102788,0.4524531861818531
102789,0.3070971274054841
102790,0.2599102173876393
102791,1.059830181023445
102792,1.7506850757724182
102793,0.800440912304021
102794,0.20461996167974045
102795,0.20786593542541992
102796,0.895800778681832
102797,0.7138314648571096
102798,0.45975648110820905
102799,0.5830134202662747
102800,0.6903710895314019
102801,9.533927582733716
102802,1.723075625971187
102803,0.2979004128177423
102804,0.2395251913747837
102805,0.3399127698577278
102806,0.22600269033649223
102807,0.1923814223389597
102808,1.99607405465004
102809,0.2615993140596063
102810,0.773560524142536
102811,0.8440622042562506
102812,0.5236166553581131
102813,0.9095981527129111
102814,0.4113717873433744
102815,0.2842709180952786
102816,2.508738611716758
102817,0.5140872331761814
102818,0.45045555399006243
102819,0.15020549360112392
102820,0.19820845834271844
102821,2.7805499540703513
102822,0.5565324776327542
102823,0.4573064436240821
102824,0.45134304874661946
102825,0.5263109212262421
102826,0.29748711170253855
102827,0.29258508519911675
102828,0.42867511999899877
102829,0.7974079657492924
102830,0.22266280970336194
102831,0.6704353178568085
102832,3.5200696364539485
102833,0.45491032338888127
102834,1.7051465833307369
102835,1.2538404359589734
102836,1.2831966346182495
102837,0.23281664200238528
102838,1.3709221066828046
102839,0.21654293807239522
102840,0.9224356763394301
102841,0.30666378495268776
102842,1.5059932029055068
102843,2.312496701530314
102844,1.9987514629576646
102845,1.337629853836803
102846,0.3829798777693945
102847,1.8188997238550035
102848,2.2165018531627103
102849,1.212832080469857
102850,1.037741597415057
102851,0.46586233026069673
102852,0.5776121501878891
102853,0.26875627793470486
102854,3.377478601243978
102855,0.2827053467772759
102856,0.20803165959862616
102857,3.567060927675686
102858,0.7675261654258465
102859,0.34511358479709964
102860,0.07798465634519502
102861,0.2026170796983279
102862,2.9964092513227043
102863,1.735183442157743
102864,0.17102155163432825
102865,1.3188283306581567
102866,3.4564132212956675
102867,5.6201457124275125
102868,1.4019737980175435
102869,0.41554160920154604
102870,0.715183287526016
102871,2.1428437739100055
102872,0.24637271471496897
102873,0.656622871407344
102874,0.17272925143723167
102875,0.054723889714082326
102876,1.1790722629855122
102877,0.8231390069633279
102878,0.3454346189215611
102879,0.12543301660448564
102880,0.18595955711551132
102881,1.0655795180179848
102882,0.5128264741919012
102883,1.0414044149389465
102884,1.1569118682654866
102885,6.034529271452359
102886,0.21935224971084114
102887,0.33253717374938463
102888,0.6150984196058707
102889,1.65802076369756
102890,2.5466418051549273
102891,1.7209052198824402
102892,0.1876184486059629
102893,0.9965492592533784
102894,1.104461148535541
102895,1.025237363627698
102896,2.344923852242102
102897,0.6202975370313989
102898,0.690847299539899
102899,1.1898222138434138
102900,0.41241368514798327
102901,1.8074334651218271
102902,11.081309379534268
102903,0.19874710910261606
102904,0.6857457139606521
102905,1.364938802305629
102906,3.496792577851939
102907,0.4322614039188609
102908,0.20149456242601327
102909,0.6283304827744552
102910,1.5604083685344274
102911,0.5576085210202855
102912,0.2653911966525985
102913,0.5626971324217629
102914,0.1355588800682131
102915,1.0762837316411198
102916,0.7615441373730303
102917,0.015322345167729979
102918,0.09014213337232983
102919,0.18448418272684275
102920,0.7218340286197374
102921,0.9696946913311315
102922,0.4766863172217171
102923,0.09146720855424789
102924,0.8484897047826228
102925,1.667629860644895
102926,3.0736615837009156
102927,0.3994224639677871
102928,0.26972444669487067
102929,1.3895622310903322
102930,4.919824004781764
102931,0.6142211575822287
102932,0.12466250665107859
102933,2.7443227271497608
102934,0.5857850004829476
102935,0.7646277420513586
102936,3.1326086059127722
102937,0.20572514223084118
102938,0.8738794465131533
102939,6.928092593014388
102940,0.3855821772809854
102941,1.5383646341360513
102942,8.075302359715957
102943,0.1367488724636353
102944,1.037133967875209
102945,1.2299724587087957
102946,3.5048417239279743
102947,0.4153548848311806
102948,1.6883321202507502
102949,0.17238856622550527
102950,0.40302857383514834
102951,1.1987425341774014
102952,1.857884087904486
102953,0.5746700918041884
102954,0.8489324302105052
102955,0.20155194740349416
102956,0.8681278270786663
102957,0.2744553901097722
102958,0.5043802912858484
102959,0.3132462994340124
102960,1.4039301957804249
102961,0.5365132782312388
102962,0.1972614833524808
102963,0.3335407966962697
102964,0.9515068718159007
102965,1.5624544935647942
102966,0.5163987770666041
102967,1.961584897717592
102968,6.172220068450898
102969,0.7194441536253567
102970,0.1812083457614176
102971,3.3162784333404507
102972,0.09120214289029134
102973,0.22254857278351936
102974,0.14944292964618944
102975,0.6317394931571308
102976,0.3875343446762872
102977,0.3279854589645575
102978,1.3643594519107516
102979,0.252110259162578
102980,0.46199744485061367
102981,4.422132068416192
102982,0.9301787425788053
102983,0.9269066936967172
102984,3.4915667995009803
102985,0.2220171525555591
102986,0.3387212084260004
102987,1.7445629927267978
102988,0.6137841209961719
102989,0.3816976997465419
102990,1.5541310318226853
102991,0.4403389110492022
102992,0.19981705745912415
102993,0.7097429732272007
102994,0.17413075788195215
102995,2.2954841870219678
102996,0.20646928482190754
102997,1.8101169698226103
102998,0.2207500001676986
102999,0.6497903077863101
103000,0.36673487879368577
103001,0.08915889159339253
103002,0.20816875408127938
103003,0.8567723028748275
103004,1.3095052983329363
103005,1.0269953651794486
103006,0.5243691259988505
103007,1.1657365428715776
103008,4.465284154285548
103009,0.7949553715700257
103010,1.391752168329401
103011,6.560721174139958
103012,0.26105410973257337
103013,2.703169843924564
103014,1.9866202677257874
103015,0.49093487653522877
103016,3.2266012111127536
103017,3.1746148601880946
103018,0.6590246032394685
103019,0.4576738268198121
103020,0.47560508578334704
103021,0.11386911310092213
103022,4.72612290057487
103023,1.026926734322316
103024,0.9026435530923701
103025,1.2276404053210435
103026,2.884110878970285
103027,0.6735046357343955
103028,0.35232069139101696
103029,0.6014575266433866
103030,0.6730723692191836
103031,0.08742790405228462
103032,3.8257750384080573
103033,0.1872528067957657
103034,0.08704549888304791
103035,0.32341099302719506
103036,0.7504364382405364
103037,2.77456082305969
103038,0.6928317871037493
103039,0.5087978523053867
103040,0.8393783779850158
103041,0.10463235282765969
103042,2381.6016450644734
103043,1.1586804486774382
103044,5.163558113446916
103045,1.5763202255102007
103046,0.1978360941701808
103047,0.5075931681458702
103048,0.12868946735338702
103049,4.370724915012842
103050,0.35244440621262846
103051,0.9304643542145385
103052,4.077588335237685
103053,0.08392618014721544
103054,0.3040272186374189
103055,0.4942157342296312
103056,2.7162060550158116
103057,0.5440872784272985
103058,0.5974506170505229
103059,0.41284140413114084
103060,0.08317767852211544
103061,1.5455877993339366
103062,0.8197360221097798
103063,0.24399149651217714
103064,1.1769933492723499
103065,0.17621818057021865
103066,0.8788274925433215
103067,1.5264299090680487
103068,0.451034424746998
103069,0.7149640536298092
103070,1.9129124808503488
103071,0.9892387734407013
103072,0.06422101049983765
103073,1.36623863490306
103074,0.06429250937685813
103075,0.39274166414568623
103076,0.18067910953502375
103077,1.7805057240292226
103078,0.2867255661514232
103079,0.6747716297129517
103080,0.8427400485184438
103081,0.27172568780607625
103082,0.7841784668595566
103083,1.0232114152637604
103084,0.7109642016992774
103085,0.3476665561062839
103086,0.4263016661238557
103087,1.267408745023936
103088,1.2054602901525244
103089,0.6876687478446147
103090,0.40415525628231314
103091,0.5431701243379825
103092,0.2305516456471808
103093,0.5426392491022836
103094,0.9725673189283784
103095,0.33833516825266713
103096,0.2902040252402894
103097,0.0328839897437003
103098,1.6792229493517807
103099,0.2505269851316173
103100,0.2223050780818834
103101,3.4180165418805215
103102,1.7164994013430457
103103,0.34140642188972636
103104,0.48322489054126677
103105,0.07764842600626143
103106,1.9864544764019685
103107,3.9964795189393345
103108,0.10203362610353754
103109,0.7580321521394006
103110,0.4260244083762523
103111,1.4533353998115126
103112,0.3943990644077279
103113,0.3770354310352837
103114,0.7552350710133001
103115,0.7129048461954131
103116,0.43681848877544105
103117,0.9493374853735832
103118,0.7439085367500488
103119,4.141506709066857
103120,5.291264364077521
103121,2.5599948623369553
103122,0.18777284932127594
103123,2.8924132398889055
103124,0.2714336722669545
103125,2.2030030949649286
103126,1.4377811772578732
103127,0.2650804654207017
103128,2.298788296689837
103129,0.558072384656545
103130,0.1250099137838553
103131,0.4724378383109089
103132,0.1417312625577251
103133,0.15513550331788928
103134,0.33333791435594123
103135,0.5612860553955955
103136,3.2417223054200095
103137,0.2403385607156052
103138,1.1520787459857225
103139,0.5920111682191479
103140,0.5462623464166778
103141,3.647416065231265
103142,0.7731113764008121
103143,0.8946618319932724
103144,1.6611499780365606
103145,0.16069428306970565
103146,1.911619075498274
103147,0.19237032125707565
103148,0.8797792536127768
103149,7.476073155592607
103150,0.13137935904496353
103151,1.4000513514814505
103152,1.325684763751437
103153,0.11610058173231896
103154,2.6721131394063016
103155,0.3983108411600431
103156,0.26579662810319815
103157,2.8080193144037477
103158,0.65165306870959
103159,0.8809016920280794
103160,0.5685049083861158
103161,0.2767943138159999
103162,0.6369674011443819
103163,0.7219951416362138
103164,1.266683969067191
103165,0.42914662136389264
103166,0.5395899105117166
103167,0.777525381626974
103168,1.1955169872969997
103169,0.39361861761981726
103170,0.6500778476018625
103171,0.35535205855088947
103172,0.5525617114081847
103173,1.1199716137666478
103174,2.118535703746562
103175,2.2675517054502587
103176,2.5044395069222642
103177,0.36271222754652044
103178,0.2344767115187091
103179,0.8553323454977287
103180,2.448495023112373
103181,0.8039332738454966
103182,0.46112007814267514
103183,0.4843266633367169
103184,0.22281887691905702
103185,1.6426354118980646
103186,2.586251326261412
103187,1.7752704990130004
103188,0.13694219731426416
103189,0.510874137308229
103190,1.4920155567586968
103191,1.0821071607651798
103192,0.09219295270420211
103193,0.6381501471809542
103194,0.19468349398899765
103195,3.489509150620946
103196,1.3604411815926727
103197,2.577501036970409
103198,0.27729936506355585
103199,0.79796698607669
103200,1.3423511327845077
103201,2.9073220263566113
103202,1.0426030856647075
103203,0.675988956396643
103204,0.7267858805870493
103205,0.9649163470740963
103206,0.3868901411136566
103207,0.4789750544620047
103208,0.5685655834468244
103209,0.2744998295753047
103210,1.2652433654698307
103211,0.973706501014511
103212,0.1424923846437421
103213,3.429586879485999
103214,0.3027897068807474
103215,1.20153032346622
103216,1.015534435585274
103217,0.5002516239319704
103218,0.7667208335593112
103219,0.7244254395172676
103220,0.29796068419617877
103221,0.3133037283735932
103222,0.1636250949888265
103223,0.8501943400503396
103224,0.7820264177445981
103225,2.0403112236130885
103226,17.130542547282094
103227,0.29646399025112474
103228,1.2319743416014421
103229,0.9647695275957424
103230,1.0668377000646387
103231,0.3941156537659891
103232,0.8120548418164468
103233,0.6039796053592826
103234,0.07366259778908536
103235,0.21605314016555274
103236,0.6228636429602518
103237,1.4388318081357299
103238,1.6353328152600624
103239,0.9957613640904531
103240,0.9951501384891501
103241,0.79940699378277
103242,1.24247478032153
103243,0.8065219956215053
103244,0.19495118370740525
103245,0.7543150824241214
103246,0.2493128881523872
103247,0.9586661892923344
103248,0.3628281864471349
103249,2.124615732885644
103250,1.5289690038378405
103251,0.6306827962107062
103252,0.13566082063125964
103253,0.870183843114422
103254,0.16262227605923435
103255,0.6630524596409465
103256,1.4275876354280927
103257,6.233124271538561
103258,1.053047709470072
103259,0.5592221494078286
103260,8.421257125107674
103261,0.7017828055112719
103262,0.3313209787148264
103263,10.050325812319901
103264,0.24652344784548458
103265,1.2220584679843243
103266,0.311317981658955
103267,0.5091911125107347
103268,0.09354964271986153
103269,2.9119508381068178
103270,0.17371196560651325
103271,0.694496658445372
103272,2.7768590642399955
103273,0.17917319005804636
103274,3.2357496805063404
103275,0.09271679468650323
103276,2.895014618505474
103277,0.24482415318002934
103278,0.8204174945023104
103279,1.4993935769066324
103280,0.620261185623597
103281,1.148039520128421
103282,3.2295558697682107
103283,0.169022158274021
103284,34.79858871755913
103285,0.4548010361695525
103286,0.15182748661712953
103287,2.1471881115063245
103288,0.509955770285512
103289,0.04918778783859733
103290,0.27841511915955636
103291,1.7268190465248925
103292,0.35379546611815976
103293,0.5850056274004973
103294,1.6882097355274734
103295,0.23696874462661657
103296,0.3662461201642786
103297,0.48886594285569074
103298,1.427439644002756
103299,0.6082424846106391
103300,0.7316622801199935
103301,2.5100883942650203
103302,0.5689896920773233
103303,0.5032107023690551
103304,2.991713124692966
103305,0.847079185681137
103306,0.09380203381204465
103307,0.5034632945172655
103308,0.5425571079694839
103309,1.3158896265233595
103310,2.139789098798119
103311,0.38310248423822846
103312,0.4989752397927978
103313,0.44980081110981995
103314,0.6607552686807161
103315,0.15716089886834403
103316,2.0288803848627537
103317,1.2676716542906006
103318,0.23072452371163235
103319,0.19474197670214566
103320,1.04292153800401
103321,0.8537112339953438
103322,0.8702337741663494
103323,0.6657078409426627
103324,0.8292059489307445
103325,0.23384625721787375
103326,1.4482397878746316
103327,1.2466886786658153
103328,0.5658417360732294
103329,0.2047956464797794
103330,0.42453039544749194
103331,9.411690258471031
103332,2.3382431728874002
103333,2.30233976037091
103334,22.50057347789087
103335,0.46563728805023386
103336,0.212729092338807
103337,0.10911307865441175
103338,0.051409514850478684
103339,0.3032822639346163
103340,2.4998347283453413
103341,8.077882550205798
103342,0.32400266719709037
103343,1.598269652850081
103344,1.2803436851449415
103345,0.6285289058571295
103346,0.03633927608958272
103347,0.4251356146212882
103348,2.765196778649052
103349,0.5763418875887899
103350,0.1619723386340365
103351,0.8069412448172494
103352,0.3663049551836017
103353,0.9691576490827144
103354,2.8704860663180973
103355,0.15824758903697553
103356,0.9884398141110521
103357,1.328640565963607
103358,0.29326977322569586
103359,0.9064219314988712
103360,0.08411428477444637
103361,1.8400829173119198
103362,0.09343595141062461
103363,0.2688143798189449
103364,0.3025293630115169
103365,0.4219736694870386
103366,2.746606475613968
103367,0.3101516521133973
103368,1.516630977912705
103369,0.597351273700131
103370,0.3531460345881816
103371,4.694882812013952
103372,0.17193027893265989
103373,3.5325531196665407
103374,0.7227642128311003
103375,0.3726862151371576
103376,0.15383211204502403
103377,1.449372684974187
103378,0.46912388507013614
103379,1.6942110135786832
103380,0.44509249779048365
103381,1.1529566754167926
103382,1.8218272244971017
103383,2.5841068239144978
103384,1.4012610592529966
103385,0.2069792096816094
103386,1.0928855300170845
103387,0.9487578199996304
103388,0.7224553496065755
103389,3.236358843916461
103390,14.405854225483814
103391,0.7616748088721962
103392,1.0377457045959073
103393,0.19674526774458795
103394,0.7865221261552865
103395,1.8875208442930593
103396,1.1183460981095257
103397,3.1464713606186105
103398,1.2112189141033116
103399,2.413269171649362
103400,0.46857863884024714
103401,0.536556938609734
103402,1.1600177044889624
103403,1.826775932651324
103404,0.44719760827384125
103405,0.5537074203178034
103406,0.19280359232961783
103407,0.223346389680173
103408,1.7928563152710344
103409,1.13916286645712
103410,5.562201997534216
103411,0.44354137214036987
103412,1.6058966843153148
103413,14.868338350213829
103414,1.7694238210482547
103415,0.38271620884218105
103416,0.37269144574010815
103417,2.025930723446451
103418,0.5800608946803263
103419,0.4130131781963891
103420,0.30641193446553955
103421,0.4436428150847741
103422,0.9276634263212472
103423,3.467036075711734
103424,1.7458436374282285
103425,1.5774417687540474
103426,9.450614224703052
103427,0.7082026611301728
103428,0.17342577890825583
103429,1.0090061063225038
103430,0.3194155235436419
103431,0.3575448880440826
103432,1.4356150794394495
103433,0.4849724299513425
103434,0.1155013601227184
103435,1.1408595678450622
103436,0.22746454797478044
103437,0.2767225491271108
103438,0.7900564120007467
103439,2.766246327266017
103440,0.6411638584386523
103441,0.2975204195545039
103442,0.25263253523763785
103443,0.4505651905700822
103444,4.2885376026783995
103445,2.8390067447708005
103446,0.9480613080835134
103447,2.1993471081728306
103448,0.867967124407768
103449,8.563811040323571
103450,1.3367912111008537
103451,0.23124659412228407
103452,0.5366157832526464
103453,0.09764879327626211
103454,0.30531671674211414
103455,0.3093299254552112
103456,1.1554934834305612
103457,0.1838360092644668
103458,0.9509729552092587
103459,1.3335137737762488
103460,0.128269524728954
103461,0.6628512600651637
103462,0.09308476280295006
103463,0.2298180554375761
103464,0.5419524058213604
103465,4.889941615658359
103466,0.47932022550931025
103467,0.19388502812190275
103468,0.23314694532475483
103469,0.5352344559586156
103470,0.24573349729287564
103471,3.139659510057064
103472,1.389129347837626
103473,0.06043325595494766
103474,1.3710786616918584
103475,0.1193090640288618
103476,0.14094462789720968
103477,0.37586643369238987
103478,0.4082070609362463
103479,1.475258247366997
103480,2.4356214641621037
103481,0.5469197365833953
103482,1.7046486667314964
103483,1.199207554810968
103484,5.050807293946847
103485,0.563433324688978
103486,0.35709088657718674
103487,8.92983422038863
103488,1.0633281837394206
103489,2.0916582728326683
103490,0.082329800392508
103491,4.695040362144251
103492,3.2707963589971505
103493,2.0720032894263056
103494,0.477148741916536
103495,0.8506838400778715
103496,1.4475549758875466
103497,1.6927728068792243
103498,0.32767307315831967
103499,0.7817215423275312
103500,0.1712095212948798
103501,0.16308954728889294
103502,0.09867270788419114
103503,0.07895651875150872
103504,0.148894930904814
103505,0.8474965379400846
103506,0.32284322423605344
103507,0.1581380704121842
103508,1.501204866221267
103509,0.7204354993739814
103510,1.0737981064225792
103511,2.1727627977261466
103512,0.368158080594703
103513,0.149351808178835
103514,0.5657743296464085
103515,1.52828762143971
103516,0.7659422484584831
103517,2.778775439497855
103518,0.5595392910119533
103519,0.9085565840235627
103520,1.0536199891148788
103521,2.8876726887929127
103522,4.229192627874448
103523,0.8941052003871447
103524,0.19844632019639274
103525,1.148149742034581
103526,0.2971511168343098
103527,0.030530419004080378
103528,0.1440628534302682
103529,2.6303848026979058
103530,0.17142232944270328
103531,0.9588772453274268
103532,0.5132639247607632
103533,0.30083799974871045
103534,0.3091182285440667
103535,0.2707386475626537
103536,1.2051511231685166
103537,2.439241400033027
103538,1.4377128984286407
103539,2.1249265329337237
103540,5.815383272510611
103541,1.142975937359156
103542,0.7203973459257298
103543,4.0894424969063765
103544,0.29004768493339894
103545,0.2829448461835998
103546,0.47010620933455677
103547,0.6225612536727511
103548,1.0182739566588064
103549,0.5632151926797004
103550,0.28846320958061195
103551,1.0461525496053192
103552,1.7781281887832976
103553,0.48693511626798286
103554,2.14236137941471
103555,0.9131298557145089
103556,1.8092691424991987
103557,0.7298454858583963
103558,0.3762210748178422
103559,3.034809227428383
103560,1.7936091203211657
103561,0.8388226447427201
103562,0.4642912591746555
103563,1.3917781613476115
103564,0.13159917280590844
103565,5.6147111732555235
103566,1.943874337690099
103567,0.29863266914201225
103568,0.396233881515156
103569,0.9235153836003978
103570,0.613348796631118
103571,0.33688869949689
103572,1.1829830163046275
103573,0.28150674214889454
103574,0.8525535662197159
103575,1.2036886578379473
103576,1.0925923830676127
103577,0.25260123388758027
103578,0.5246806622462503
103579,0.09899840345943711
103580,3.2767186408705347
103581,0.288190539994636
103582,0.5982710355268684
103583,1.897482355621599
103584,0.2619265421090368
103585,4.022431593161291
103586,2.2834864695765082
103587,0.5989925073797068
103588,0.23383525522557974
103589,0.44854834622029505
103590,1.1816909082647395
103591,0.3553921822351206
103592,0.5196858632370732
103593,4.494561143289614
103594,0.39067892397065945
103595,0.2543936585086793
103596,0.05697368000446119
103597,0.9457315848158808
103598,0.509399392175809
103599,0.9316162557844685
103600,1.1307156444181448
103601,1.4946374992387168
103602,3.283919312041457
103603,0.19614769251432626
103604,4.362918494868378
103605,2.831441250275458
103606,0.13019903341888786
103607,0.1031357306013864
103608,4.42029758835947
103609,0.9821361285108969
103610,4.858619071278046
103611,1.2655365844533821
103612,0.06888165958873232
103613,0.0949011725160677
103614,0.2702191222169689
103615,0.047265626350338465
103616,0.9064949241383868
103617,0.3201144693194549
103618,0.27832422339707624
103619,0.4979671818464351
103620,3.1673975237763905
103621,2.7516170952737005
103622,1.7170455393738837
103623,1.168398441155235
103624,0.37677631258607236
103625,0.12598912862433195
103626,1.386292936435657
103627,2.019524866424342
103628,2.207654508165843
103629,1.1845391949310653
103630,0.7455529973394862
103631,6.730867722356037
103632,0.015524049743471727
103633,2.960167872283145
103634,0.5175453431546976
103635,1.6362211508730842
103636,0.5288752977812873
103637,0.3662974529441867
103638,1.241130233859351
103639,0.9289832967615796
103640,0.5566778635646763
103641,1.076172221888934
103642,0.6065118818155383
103643,2.4052318959051373
103644,0.8957825050175107
103645,0.48839692892260017
103646,0.36259630197779524
103647,2.3818116876202464
103648,0.8276595808417178
103649,2.518619319733701
103650,1.622680471652286
103651,0.5983646442972185
103652,0.7998083038750214
103653,0.09521167988355908
103654,1.131184797665563
103655,0.11060273470360461
103656,1.125845232209572
103657,0.330233350400958
103658,0.6188498606443862
103659,1.07042690084469
103660,2.1801154449998665
103661,1.0534304670127574
103662,0.7644546029925503
103663,3.2049582272947172
103664,0.7136476307657943
103665,0.7931175440986281
103666,0.05616214560708261
103667,0.34660620934342645
103668,25.52404471318756
103669,0.20660940191875016
103670,0.15919899218424238
103671,0.21255573828328234
103672,0.11204838300299277
103673,0.7780651628488938
103674,1.0752528544856381
103675,1.1359928575353093
103676,0.7184405162191779
103677,0.6407480359508335
103678,0.16876815094392755
103679,0.4305470990689106
103680,0.06174568110365709
103681,0.1593725774003471
103682,0.5687654088039743
103683,4.17147572952899
103684,1.2031808153297
103685,2.2717631408118613
103686,0.8329746253542654
103687,1.1365937261829486
103688,3.080349239822496
103689,0.9285221274211707
103690,1.5225588575788063
103691,0.3434916973024943
103692,0.9376524785546088
103693,0.37545486645659937
103694,0.7182215112238214
103695,1.0555622404696061
103696,1.277774228124906
103697,3.979674048751257
103698,0.9524758186448203
103699,3.1948199863219617
103700,0.5048247751548283
103701,0.8443697036814359
103702,2.861470799399033
103703,3.6290110707141414
103704,0.13887422123620763
103705,0.5940247516422344
103706,0.38375779834025575
103707,0.361288132033734
103708,1.0280552271111265
103709,0.4926342431038662
103710,0.9490134240461552
103711,0.28083199900284667
103712,0.08043726811579553
103713,1.5152482468494937
103714,5.332302587742906
103715,0.727894608333979
103716,0.07514856746015217
103717,0.35015543710746
103718,0.3753494821829024
103719,11.49721505886126
103720,0.542783755877739
103721,1.1105382224285316
103722,0.6812510734254431
103723,1.0809308838337188
103724,1.348892330725187
103725,1.6840141651109264
103726,0.46733678963619674
103727,7.148249968785941
103728,0.35538807382298343
103729,2.463446903580202
103730,0.8933364204251819
103731,17.86635273474656
103732,0.2508004435391783
103733,1.8438764483913739
103734,2.1017576219902483
103735,3.2644551732486717
103736,1.0447571103184947
103737,0.03286848385099279
103738,0.11210136769392544
103739,1.058196943554061
103740,0.5644504520299501
103741,0.5382296556128927
103742,8.835419624574868
103743,1.6732642951172925
103744,0.915589706362729
103745,1.1035427602241459
103746,0.5401154760663094
103747,0.5112840352080175
103748,0.09459806046554745
103749,0.6565358759320503
103750,3.819880031347483
103751,0.31797539251668033
103752,0.4709763342913463
103753,3.7518752906961046
103754,0.4713598040679219
103755,0.3650297494824632
103756,0.28514990042958055
103757,0.2148054897961199
103758,1.9496717417343927
103759,0.028484163479765734
103760,0.6236090563386015
103761,1.936791499810402
103762,1.682579613832552
103763,0.9987627124422714
103764,0.15618937446311887
103765,2.9899237449001097
103766,0.10592745901280784
103767,2.528222314104919
103768,0.7821514907229428
103769,1.0156523642802555
103770,0.14064911780696832
103771,1.959265556059804
103772,2.1785737183919
103773,0.8732045224654849
103774,0.8654246165967928
103775,2.2843843191166906
103776,0.21492244258238646
103777,0.7715869046954413
103778,2.9609956915384297
103779,0.23346382488793566
103780,0.3620928827986436
103781,0.6406672715943522
103782,0.7815717586970861
103783,1.3371723101380564
103784,2.0895301012649785
103785,2.3787333451605592
103786,0.17339503824041272
103787,0.9697219600488504
103788,5.92573662653485
103789,0.2915536213627566
103790,0.46890855183747604
103791,1.3030661672471884
103792,0.702707849505809
103793,1.497405204016896
103794,1.2303866798137482
103795,0.420482481279064
103796,2.963113904869336
103797,1.6725110704254715
103798,1.1743707258197367
103799,0.5964406165834538
103800,0.7933342730516075
103801,0.19096147758254634
103802,1.094785996778072
103803,0.5258950049442563
103804,0.6889287573449687
103805,0.7060521884746283
103806,0.34549279998257687
103807,0.8381805926985647
103808,3.583221463319803
103809,3.5712190182586343
103810,2.676290006125356
103811,0.6668473722585528
103812,0.5117351851162498
103813,0.09322953950346845
103814,0.24972555063451773
103815,0.4326234576613027
103816,0.11203281531081494
103817,0.25351073991975126
103818,0.11202348415560137
103819,0.6149229254368638
103820,0.6949495304520186
103821,2.6548756292480293
103822,0.5722282909206636
103823,0.4496619861345891
103824,0.7079358099970601
103825,0.7905344367566391
103826,0.7690280814906308
103827,0.7108257722940522
103828,0.40972083830273975
103829,0.7880495575259739
103830,0.28236686413065376
103831,1.285901709028474
103832,0.21278169540598724
103833,0.6552628494108087
103834,3.2210799500010525
103835,0.7587132856440121
103836,1.2899623312729178
103837,8.35471902442209
103838,5.726390496771115
103839,0.5640626074941767
103840,1.4450195351061046
103841,0.148664065611973
103842,0.40315926502071603
103843,0.5518267466153749
103844,1.1796100688011322
103845,0.34152164773537036
103846,0.08903631734748096
103847,1.2996368639742715
103848,2.2874238085433953
103849,0.7808524119446243
103850,0.10254808091727205
103851,3.0307760936052466
103852,1.6193288015594733
103853,1.4832843974971062
103854,2.1617430051196083
103855,0.5197562978422416
103856,0.27495449218733126
103857,0.3761212764338927
103858,1.2372943659280922
103859,1.7628283917253345
103860,1.1727887454537338
103861,0.19904648783020476
103862,0.7184021831742455
103863,0.2976846979793158
103864,0.20476489236108494
103865,0.9383345341106123
103866,0.4601216410867001
103867,0.50753459781905
103868,1.1284293926024995
103869,0.5950630409488892
103870,5.348855723727435
103871,0.33602099486547937
103872,0.08943924585396974
103873,0.5710847401023492
103874,4.4289632472020495
103875,2.2790226209055406
103876,1.0998090339601778
103877,0.4799906789882105
103878,0.648212608207515
103879,1.292466556227987
103880,0.2691975916471003
103881,0.14013355596929167
103882,1.2442471880047419
103883,4.252927964984078
103884,0.5843841553326176
103885,5.768318143480572
103886,0.5780523282269625
103887,0.6481541257965676
103888,0.8366407664111082
103889,0.8911552016177953
103890,3.185267058949696
103891,1.1374011211085486
103892,1.9685845865361145
103893,1.492434117415871
103894,129.92512880647118
103895,0.0770551064353868
103896,0.6044388688949283
103897,0.7147410523889188
103898,1.571169096524497
103899,0.6984503860565091
103900,0.455459839474482
103901,0.21131434822338915
103902,1.1268802393347668
103903,0.22141318608134428
103904,1.5490453772566437
103905,0.06407339054964115
103906,1.2621673122978032
103907,1.4786361769259158
103908,0.3513155075283715
103909,5.498561641076723
103910,0.3780936600368637
103911,1.9037291299026209
103912,3.024630880996804
103913,1.48038877317334
103914,0.32107622304727057
103915,0.21929362176134767
103916,1.7761943818762076
103917,0.12254778584068687
103918,0.6695410954799891
103919,0.6300136168233944
103920,1.1029171878490998
103921,3.476068366935862
103922,0.7695969134598809
103923,0.0698913896463402
103924,0.9295768284283646
103925,0.9787194778824893
103926,1.0968133106238518
103927,0.20077285847275309
103928,0.14602003064435065
103929,0.981659029303106
103930,2.812905537656352
103931,5.923096179460563
103932,0.2531881707732062
103933,0.4380713654607787
103934,0.7395038489155911
103935,0.16669490685974642
103936,4.415090242186582
103937,0.5655110554945986
103938,2.435380703126345
103939,2.6959499095889314
103940,0.8097047453005439
103941,2.5755863977948086
103942,2.1437840409376054
103943,0.41481739748080027
103944,0.24892134377482272
103945,0.1222673552537467
103946,1.2970831881587968
103947,0.07943281130545153
103948,0.6122355920507966
103949,0.7306981333396702
103950,0.11833267781607439
103951,0.33638413073228046
103952,0.3219350488079904
103953,1.1089118597724141
103954,0.26272342052975506
103955,2.9167504493198417
103956,2.3361295121195402
103957,0.29967447399729635
103958,3.208645890847452
103959,0.3537183727274501
103960,2.426522756230591
103961,0.773484083420066
103962,0.472576668515451
103963,3.886670638039957
103964,0.04434159043018376
103965,0.4320265697881258
103966,0.3757596042031778
103967,5.128778222477086
103968,1.4103533162037942
103969,0.10336346090881471
103970,0.6363323954451926
103971,0.29450420466135446
103972,0.1626732113014029
103973,0.765992302690365
103974,0.7980499140672044
103975,3.17276429855663
103976,0.11036212221606075
103977,0.6646194423060102
103978,0.8095572323503099
103979,0.1854690145499969
103980,1.2763934019859982
103981,1.7214773576427522
103982,6.396431619012449
103983,0.13027833621303597
103984,0.2670095902723302
103985,0.9225211005106072
103986,2.9515260885438095
103987,0.4348501599597274
103988,0.6185486874594912
103989,0.1990081886337486
103990,0.253986961296065
103991,26.358685512558022
103992,3.385044613615114
103993,0.29111782917486895
103994,2.0502119918966
103995,0.627856139325851
103996,7.421727246013397
103997,9.438317232658628
103998,0.17803701789816523
103999,0.2074829166453178
104000,3.0173023757574957
104001,6.978989690580005
104002,0.691115432898519
104003,3.0328341007931394
104004,1.3025654642715643
104005,2.1312266935028634
104006,0.9760711873431023
104007,0.712099112395181
104008,0.12977617812258166
104009,0.31284699727360243
104010,0.2271413788505739
104011,0.6126751190971053
104012,0.3314970846966409
104013,0.41133697205605924
104014,1.0282926572965825
104015,0.44037539985602286
104016,1.2029111076962469
104017,0.2279111556423787
104018,0.058018174006773046
104019,0.8887907968583917
104020,1.1028602637866198
104021,0.2821846738452372
104022,0.8051082923660652
104023,3.3644096542393607
104024,1.890156952806167
104025,2.0941922979542444
104026,0.4026562620185606
104027,0.5483253433814592
104028,3.4993032017627526
104029,0.5995023193671238
104030,0.8488284877022562
104031,0.5483064634902337
104032,1.7129193899550563
104033,1.9475242017410714
104034,0.3062698619931194
104035,0.07164565591019015
104036,2.6173884189154784
104037,0.4374552781801398
104038,0.6303791002483349
104039,0.2806312637354892
104040,0.2726850569865465
104041,0.6313301388720534
104042,0.11848319209942748
104043,0.45035559519097357
104044,0.304208384099885
104045,0.39291309364470867
104046,0.2982313065156289
104047,4.252298492263834
104048,0.24164681413635186
104049,0.3012514450927083
104050,0.20657034253449857
104051,0.7499883145117993
104052,0.5237829934827294
104053,0.22616156883829058
104054,0.7947783080956051
104055,1.1125800006296935
104056,1.459181266053346
104057,1.1334693901711272
104058,1.1678331021678603
104059,0.792268297813799
104060,0.3234334489051837
104061,0.6450179997062063
104062,0.8114494355596511
104063,1.539974231518941
104064,1.5241378395143275
104065,2.931707315547574
104066,0.11989308056146766
104067,0.9482783939115352
104068,1.0414940544529747
104069,1.1883522575769403
104070,1.431160340594173
104071,1.8093241060031395
104072,1.4355214663826064
104073,0.05458278723752904
104074,0.11817209226784667
104075,2.5333326201741055
104076,1.6131257573555642
104077,0.08129544950855945
104078,0.2637534355915182
104079,1.2401117501563157
104080,0.3938654557439351
104081,4.803279056023458
104082,2.9595080353479384
104083,0.17359421034949774
104084,0.13761257182168435
104085,0.6082527958864056
104086,0.34054223118258303
104087,0.7317405452631027
104088,0.4657765578023675
104089,0.4189429610606423
104090,0.4885105278642616
104091,0.4500254728369064
104092,0.7087378243995157
104093,2.058018940372032
104094,1.1612826293689493
104095,1.9226271768902035
104096,0.12986376905582822
104097,0.0862773878404815
104098,78.63450244736224
104099,2.524728277717062
104100,3.6799542221856134
104101,1.5261683394111478
104102,0.8972219865555743
104103,1.9363963841721241
104104,3.4203666740790992
104105,0.583897401266048
104106,0.1936541401967352
104107,0.7994569602668324
104108,0.3345770683573324
104109,1.3043614892283202
104110,0.40370099505964424
104111,0.8857471775456986
104112,2.363421290723626
104113,0.4544291001255272
104114,2.3289719851852864
104115,0.5102883741601015
104116,1.6379505365279425
104117,0.1499512155098255
104118,2.117705038171611
104119,0.5038445551226223
104120,0.5383950049948866
104121,2.026616302405624
104122,0.2954320796660161
104123,0.3633333197606365
104124,1.275910339384053
104125,2.4900842940474317
104126,0.36826499162064674
104127,0.12524645274053686
104128,1.070690182770752
104129,1.7606832876296858
104130,1.0890472960717716
104131,5.832481843506572
104132,0.33997615641884216
104133,4.687344038811374
104134,1.1187327597566328
104135,0.9031553722812736
104136,1.0111938297199143
104137,0.20861522307077374
104138,0.11684087756186824
104139,0.6508562770124231
104140,0.2821787831024757
104141,2.423616644254444
104142,0.10896872830450732
104143,1.119711140922327
104144,2.163532806586794
104145,0.021419201727581938
104146,0.8046382529174951
104147,6.293747627792329
104148,0.9058334953180265
104149,0.25369657217299924
104150,0.4585844731052357
104151,3.220429673023895
104152,1.9932325016272316
104153,0.04291194627868132
104154,1.6522144006938349
104155,0.0978735121198545
104156,2.0242260230424307
104157,0.440799239680196
104158,0.5709916397143531
104159,0.3225292933412025
104160,2.1237321265062308
104161,1.800860074986992
104162,0.49369980867344193
104163,1.3456393279494363
104164,0.9053903426189832
104165,0.35555784153363856
104166,0.3955945179379249
104167,0.9735728367233798
104168,0.8260107080790193
104169,0.4583262862689461
104170,1.9687031238665667
104171,0.5365308570341895
104172,1.1311162402878778
104173,0.24136440137288226
104174,2.3451347657572046
104175,0.9505821904280263
104176,1.6341356187762401
104177,2.0342897370028785
104178,0.40166747354733123
104179,0.528412145787888
104180,3.874934928336543
104181,0.7389292192307784
104182,0.32684664226201066
104183,7.068090991078199
104184,2.63832556363017
104185,0.145988156485594
104186,5.394917156803378
104187,0.8472916050246453
104188,1.2272371021698374
104189,0.9679011345371603
104190,0.40134395872391004
104191,1.1335287197630726
104192,0.21624023991630553
104193,0.30721818900394177
104194,1.2371530094118435
104195,0.6405896520594764
104196,0.7048448968953946
104197,0.24410581379200783
104198,0.08151639950773096
104199,203.69040036987593
104200,0.09912898925338037
104201,1.1173674146434114
104202,0.24919699110785537
104203,1.0298298801545425
104204,2.9680891244243406
104205,1.0292847328273096
104206,1.3890968126194494
104207,2.154458907773087
104208,0.3344158583572477
104209,1.3250691144104578
104210,0.2637505621389856
104211,0.10721570563766142
104212,1.2985394672996393
104213,0.6341693813197781
104214,0.18019279706996916
104215,0.04115514302318985
104216,0.026449136855240543
104217,1.0535818581593155
104218,1.2600908828308002
104219,1.4873279829136987
104220,0.6591995750307925
104221,0.04571090565141827
104222,2.7765149307391592
104223,0.4227085893380475
104224,0.2120084239326889
104225,1.3890668278652216
104226,0.7488071955253178
104227,2.917285338740955
104228,0.24073221411565376
104229,1.558267168358129
104230,1.073330765330318
104231,0.44077642964482827
104232,1.896255826268149
104233,0.04222493698296617
104234,0.5751351339301272
104235,0.4327604245003227
104236,0.797736010087829
104237,2.260969020758379
104238,0.1250512112431022
104239,1.441504095875686
104240,0.061134105706780156
104241,0.9220330101315657
104242,3.3788374263894383
104243,0.04921710802410752
104244,3.1913961579413455
104245,0.5703622968705211
104246,0.17959976181819862
104247,1.1085890340388491
104248,0.6050652721937532
104249,0.26035981971974254
104250,0.4821537132245116
104251,0.5245247979398484
104252,7.208036638238159
104253,0.2777240510541053
104254,0.4613818016653375
104255,0.8717563232552962
104256,1.3256056695929468
104257,1.281152353072469
104258,2.623818385067513
104259,0.10921612392425686
104260,0.4599933171477342
104261,0.14827359201713353
104262,0.7313188913873188
104263,0.9681296157727685
104264,0.08336786769934432
104265,0.3899146749919275
104266,0.39234763166399633
104267,0.28333708763058896
104268,1.3798587277964818
104269,4.678303948535726
104270,2.441965057483501
104271,4.73959889384276
104272,0.11591369822814178
104273,0.6434817278100069
104274,2.031857896375203
104275,0.6075014822708484
104276,0.5994786815414888
104277,0.0934952552106144
104278,0.10220849562914402
104279,2.1940380967509676
104280,0.38830340895350285
104281,0.3812970729715991
104282,1.91055501992342
104283,0.8120529938359405
104284,1.6802304274371023
104285,2.022538866732007
104286,1.7245322555460592
104287,1.328700368943113
104288,0.1817296348795403
104289,0.23244536120060852
104290,1.742960585921426
104291,2.5751807015582955
104292,0.11076994868171827
104293,0.6254253527263313
104294,0.34489285534387387
104295,2.454165039605936
104296,0.6078823903645229
104297,0.33652757599161065
104298,0.6458072841068468
104299,0.6699397582845545
104300,0.3050344789103584
104301,2.319662741343536
104302,0.6676042466456006
104303,1.8760006453955138
104304,2.3787879526221127
104305,0.2299632410821
104306,0.24770537132279613
104307,0.5752781085177449
104308,3.076307256642205
104309,0.5758158385035494
104310,1.2935041520879764
104311,0.2900804697420082
104312,0.7074629268357403
104313,0.6476617392411264
104314,1.8694394257115083
104315,1.2310216076606761
104316,0.6578899278734727
104317,0.7807458361440265
104318,0.4895966556101398
104319,0.872307390217704
104320,0.2909950604640023
104321,1.2943187701630832
104322,0.27331377888755715
104323,1.2528409209014413
104324,0.03324168166876503
104325,1.0712168985800683
104326,0.8699514112650697
104327,0.32088490488987553
104328,0.747365614344392
104329,0.29554224360489345
104330,3.3454550437617545
104331,0.36582360460695446
104332,0.5463952575140365
104333,0.2792100615497046
104334,0.3437561860011804
104335,0.1411006521713105
104336,1.5597965757323267
104337,35.41801369239193
104338,1.5114282276408855
104339,4.938370557022629
104340,2.1617675819741713
104341,0.953322401885007
104342,3.6379892626854486
104343,0.19310810841809975
104344,0.16854719553087533
104345,0.0732945236620935
104346,0.7952926274479353
104347,1.6603362145690852
104348,2.9012869388659137
104349,1.875179738377685
104350,0.6036171434243562
104351,1.1854136528254473
104352,7.087822762500646
104353,2.3592658383311376
104354,0.3827407960277214
104355,4.147492788150317
104356,0.6074768657116484
104357,0.2949097165931574
104358,0.5816834260081113
104359,0.7064889913404654
104360,1.6863169041991435
104361,2.3963975661915877
104362,0.6245237296228007
104363,0.08320871427416902
104364,2.1638376821715424
104365,0.2830536429058832
104366,0.7046594803573467
104367,0.38904949487611634
104368,0.9128704075057471
104369,0.10962966013642708
104370,0.4840275253202564
104371,7.307375764658977
104372,0.6018871550865288
104373,0.1551062552321415
104374,1.6093423533041256
104375,0.49375515081904686
104376,0.8721995245990832
104377,0.29010706129604563
104378,1.1983870343950178
104379,0.869765837292225
104380,1.3839342617727242
104381,0.2960424813478017
104382,1.1496681193492542
104383,0.2940893126007031
104384,0.5074795865840901
104385,2.7017954363242933
104386,0.4686244829073498
104387,0.6831410259509576
104388,0.4340796702820807
104389,2.775890693981411
104390,0.8147918363388456
104391,0.05548585421492523
104392,0.2247807461525113
104393,0.18193888704559777
104394,0.41388645879992375
104395,1.8896696767861056
104396,0.15083725252665608
104397,1.026641558038408
104398,0.25794990162580306
104399,1.1423778693091453
104400,1.200708793035523
104401,0.5231675829737383
104402,0.4309312305610298
104403,0.6477520581786655
104404,0.7070139006754764
104405,0.20180827750120123
104406,0.7938474379396397
104407,1.2844302806587897
104408,0.510449293293331
104409,0.8400761238857392
104410,0.25051462747001835
104411,1.251058773083081
104412,1.8782553975131404
104413,0.7977969630457215
104414,2.2779590182923974
104415,2.669070584080098
104416,0.28123141092902626
104417,6.380471114513461
104418,0.9454081910543692
104419,0.6033935888190491
104420,0.5707385798327644
104421,0.4500177189940715
104422,0.6683439488695939
104423,0.9544751684505929
104424,1.29403379310683
104425,0.2271255887515316
104426,0.23626316161965616
104427,10.076846092417235
104428,0.3741488228780463
104429,1.2320560525015065
104430,1.6109235790175744
104431,0.04064422137030613
104432,2.0238572794800325
104433,1.0638472570398574
104434,0.2243464635404873
104435,0.5573306485657689
104436,4.640045329954243
104437,0.40721897248885874
104438,1.8148832483062092
104439,0.2568216856709399
104440,0.4475087705682037
104441,0.684855856974252
104442,0.9204051264874328
104443,1.1101585455036547
104444,3.8739843725495793
104445,2.086966034418648
104446,1.1913654271970315
104447,1.790270204985065
104448,0.5789752457616115
104449,1.1872993140164108
104450,3.067942199057519
104451,1.3159843058002472
104452,0.9005719567486838
104453,0.2351879802119684
104454,0.5975870226349602
104455,0.0680489980834755
104456,0.13389845831050134
104457,2.511363599013145
104458,1.8464011042001844
104459,7.176485671627316
104460,0.33242293236723824
104461,1.118415200364774
104462,0.018719667406978835
104463,0.12314352458921098
104464,0.559786660679882
104465,1.506312844681123
104466,1.5093542748566793
104467,0.20672648447269223
104468,2.057849946132064
104469,3.086859317278335
104470,0.12322474815878713
104471,0.4097176077299192
104472,0.2915824426054669
104473,0.8225210328986112
104474,4.457525455096744
104475,0.997011259568171
104476,0.19734449171946983
104477,1.1599916436703992
104478,0.3108711408317048
104479,0.2034908652678047
104480,1.240688814183944
104481,0.6401767790645128
104482,0.3411265118589897
104483,1.6792939742387856
104484,1.0815762736259846
104485,1.6140664484403124
104486,3.271742011614966
104487,0.14169885187261277
104488,1.478273310577929
104489,0.614989570927939
104490,0.14762248991989158
104491,0.3013917765413182
104492,0.29231394372838726
104493,2.4360119423415347
104494,0.9511163404807872
104495,0.4594771676407115
104496,0.11934747462022613
104497,0.3507673844461049
104498,0.05316391313779669
104499,0.8101577844235348
104500,0.5399638155528131
104501,1.562471693375259
104502,0.5535832145349583
104503,1.100147402878334
104504,0.2669944214860189
104505,2.859050473255414
104506,0.5254037638251884
104507,0.5220550495148707
104508,1.2684017148902489
104509,1.6744915757789118
104510,0.47232508150166624
104511,0.9337196803480201
104512,2.0656303832140557
104513,0.5626211266056931
104514,0.6845583072155978
104515,0.24771661831643663
104516,0.7971807995999566
104517,1.9137325885643037
104518,3.2042169340980164
104519,1.0056403898155688
104520,0.4848894825208081
104521,1.164155996620642
104522,0.3211559853751429
104523,1.3022722167924212
104524,1.196568985873571
104525,0.020755240516789984
104526,0.2234458162711459
104527,0.8974139016049356
104528,0.9664874750685394
104529,1.0613505920831936
104530,0.620316849831064
104531,1.8686456964950549
104532,0.3279608063193863
104533,0.10181051948107377
104534,0.03590168606730832
104535,1.5192568481210929
104536,5.158709540928971
104537,0.1467991914094354
104538,0.22041336466504163
104539,0.5751577657753919
104540,0.6617885833616238
104541,1.4610443562951345
104542,4.679366641213364
104543,0.49290690932382936
104544,24.08597644054834
104545,1.036898787253142
104546,2.135583175236068
104547,2.0334366466374934
104548,0.1702169270031383
104549,0.10239018754685351
104550,1.3031064947864612
104551,0.7369167584462168
104552,0.13490555697729575
104553,1.247949630675255
104554,0.6460408764278973
104555,0.3327727162747093
104556,9.197847195669329
104557,0.19150970274189114
104558,0.8410662334543939
104559,200.88843645615225
104560,0.5088054687633556
104561,0.9307647094146753
104562,0.037316633387601404
104563,0.62662097766055
104564,0.422242163459709
104565,2.0523090487951756
104566,0.02860824800797341
104567,2.7646270013493672
104568,1.5190491147299006
104569,0.27910947868034325
104570,0.05836648349061415
104571,0.43081083586747815
104572,0.9450228272643196
104573,0.22540710397436897
104574,1.2943357376738474
104575,2.012425478645092
104576,1.273981876663899
104577,0.5533386570184747
104578,1.1083978646085069
104579,0.7788749116052364
104580,0.740660460083353
104581,2.237781723242803
104582,1.2303912308306713
104583,0.5745973597884345
104584,0.5190879299297133
104585,2.7425039035390943
104586,6.018174609323484
104587,0.07641777028616058
104588,0.08485198410293705
104589,1.523413622410061
104590,0.2177568077034627
104591,0.4616095603447885
104592,0.42392463802847347
104593,2.818971076618773
104594,0.20005396974912676
104595,2.5173404291313655
104596,1.5918203194095337
104597,0.6215822886956333
104598,0.12325748647259699
104599,0.6104205766521306
104600,0.5672712809195791
104601,0.19447839022060048
104602,0.2665113219847988
104603,3.1182227146361416
104604,2.9255188094310154
104605,0.05644063190809757
104606,9.68229976331754
104607,0.1405395646702175
104608,0.4375729029900044
104609,0.1956772647078998
104610,4.849034558555224
104611,0.1447440947738317
104612,0.9232885232298482
104613,0.5065409780282334
104614,0.8055280456020852
104615,0.08386357946576839
104616,0.7022004347039146
104617,1.397859687500012
104618,0.59246806585191
104619,0.8002188818353491
104620,0.34358460450332495
104621,0.26206721420293994
104622,0.8050196915140364
104623,2.5338200343812174
104624,0.37516429124666645
104625,0.3271047503836715
104626,2.115894459050129
104627,2.0121833030867666
104628,10.769294091917441
104629,0.8901312260596949
104630,0.9420296797631326
104631,0.24587304102325197
104632,0.520677811893035
104633,1.7287666973201736
104634,1.9528004568617001
104635,0.41642598719970814
104636,0.4929443907313484
104637,0.3614857536399185
104638,0.03489480361676123
104639,0.9407808115373695
104640,1.1690092714265483
104641,2.3570445488833904
104642,0.15393503493472208
104643,2.6809141738193283
104644,2.64832339858474
104645,0.09353600075105549
104646,2.9117411610566895
104647,0.8779575783737583
104648,0.6097589871180059
104649,0.5921948651172775
104650,0.2187992061473856
104651,0.07537906656628605
104652,2.565479206573346
104653,0.8279047891874092
104654,0.8732469903304045
104655,1.3122386064831044
104656,0.4924618720970759
104657,0.3648398998991202
104658,0.28160325036765527
104659,0.3031598419532503
104660,1.2590030379667905
104661,1.4793350376429255
104662,0.5065387205567717
104663,0.34954627487659573
104664,0.8941299790339761
104665,0.5693395298197447
104666,0.5327402257409919
104667,1.8194972703991925
104668,2.338047559364557
104669,2.2294222998862123
104670,0.5137483419337067
104671,0.5703888559017948
104672,0.7602122012695043
104673,0.8201032944169031
104674,0.15964232233070152
104675,0.10450126055848809
104676,0.5883979726654298
104677,0.42080381283620044
104678,1.0532874057384145
104679,1.6818176952944381
104680,0.7165324032924444
104681,1.9343315857062704
104682,2.157535689464724
104683,3.2417359437520266
104684,0.9461074908827184
104685,0.12911091694357307
104686,0.14183461370477826
104687,1.6745158413225245
104688,0.22386809098928723
104689,0.565737122079533
104690,0.5600334804604354
104691,1.489647661881471
104692,3.0456531516431813
104693,0.10450324981007096
104694,0.21509485069922657
104695,0.5158406751055065
104696,0.5749969758205354
104697,0.5211024116872068
104698,2.6298621194944807
104699,0.1566277761670439
104700,0.29414707469150225
104701,2.360575062545126
104702,0.8793081560027101
104703,0.1473120222420864
104704,0.9642008421461071
104705,1.4343232948709008
104706,0.7324399551650034
104707,0.38350080980458545
104708,9.792048523819
104709,0.3457858590241607
104710,1.5652941634255844
104711,0.06987487962913368
104712,0.5113781165121718
104713,1.8108057993153077
104714,0.3490587857258527
104715,2.948270532425938
104716,0.8556893225219026
104717,0.7139974730875636
104718,0.2459171268029703
104719,2.570411252160541
104720,0.42104114367411855
104721,1.6198539972963442
104722,1.3878015871639617
104723,1.759525120666236
104724,0.06403297025941078
104725,0.7290155631757085
104726,0.8550880103254292
104727,0.5137409635069775
104728,1.5659881804916325
104729,0.9644196270314197
104730,4.08928548610157
104731,0.21812359073546808
104732,0.21622123852715747
104733,0.7724298041430792
104734,1.9778885060401403
104735,0.803397673416498
104736,1.2929406793717177
104737,0.23421340018788794
104738,0.5189442373798061
104739,0.1478711855793115
104740,1.1442305264799777
104741,0.32577093036121607
104742,0.3961265602097452
104743,1.2650149040692047
104744,0.6371208619487936
104745,2.947959912526631
104746,0.2992539614099595
104747,0.5111741507649258
104748,1.53749343456232
104749,2.4362310241495844
104750,0.8439360716458649
104751,0.7825308365772234
104752,1.4967756885050894
104753,0.3058890634148165
104754,0.9341355707420373
104755,0.4846379868688623
104756,1.2744543992967894
104757,1.117101323823647
104758,0.0719583215781457
104759,1.1591560510956571
104760,0.5290103400627995
104761,0.14889509839586074
104762,1.149789497359156
104763,0.0590736383042077
104764,0.13640852051807686
104765,0.11229614292751743
104766,1.5235335476537708
104767,4.298229316128681
104768,0.5941806023877005
104769,3.6967018567378536
104770,1.1516631387150296
104771,1.7633776753039012
104772,0.6540491596941379
104773,0.03482347488102991
104774,6.38092247127893
104775,2.039901361205283
104776,0.5028401827309825
104777,0.17084851261248032
104778,2.7837202433410035
104779,0.7934611965384989
104780,1.4303844768508707
104781,0.642186630375518
104782,1.3485295984578807
104783,0.5592415238765578
104784,0.5802846277226416
104785,0.1849332912490185
104786,0.790780321099021
104787,0.7267372276599994
104788,1.4974849293954529
104789,1.2559144381681895
104790,0.7025701770763116
104791,1.2520401114712356
104792,0.301045801252394
104793,0.4862503643014379
104794,1.504238542040616
104795,1.4188070030237065
104796,0.8275026068753459
104797,1.394124789074626
104798,0.34450527369166223
104799,0.25870402743879783
104800,0.16977667072561137
104801,1.048233587641042
104802,0.1679798041455843
104803,0.21201454180963494
104804,3.9049947219354504
104805,0.4435138598940325
104806,0.9327786213188906
104807,0.878931642867117
104808,0.41185116200098304
104809,1.8688732321319739
104810,0.35175207494817734
104811,0.3463776869262212
104812,0.4731142723165515
104813,10.95487733307263
104814,1.8750735713426752
104815,0.2627350805072352
104816,0.0709722057578775
104817,0.3912390511331581
104818,3.7785983308447166
104819,1.1205765819235705
104820,0.3442212850549548
104821,0.6801778563730905
104822,0.6611278393789701
104823,3.4804197686758926
104824,1.7705410854572303
104825,0.5278563766870407
104826,5.363167949339913
104827,1.6265034379927934
104828,0.9571185196647007
104829,1.3621926243914322
104830,0.856818900501017
104831,0.5737499969587538
104832,0.5562657377837034
104833,1.1639631756619926
104834,0.4141178325517136
104835,3.7523446729220318
104836,0.779586148888854
104837,0.4460475060600888
104838,2.31101003808679
104839,0.2774356149135755
104840,0.6266981729271832
104841,0.9493240596185253
104842,0.15829190882925342
104843,1.481781408772702
104844,0.1302132158982745
104845,1.7502909107772462
104846,0.16036412801803274
104847,1.8228627690920451
104848,0.301881760817857
104849,2.6834866140899014
104850,0.07900893747468209
104851,0.0940622226159451
104852,0.22272409967522172
104853,0.462345110633004
104854,0.6908341640124035
104855,0.16697625523422127
104856,1.2592827185282969
104857,5.511673550805365
104858,3.880578263091668
104859,0.07821240786164756
104860,0.913485412197636
104861,0.9761704622094425
104862,0.6724607777233429
104863,0.9749179991204782
104864,0.7052678333846005
104865,0.3391871029166337
104866,0.3712091266221509
104867,0.08670936988539024
104868,1.8810108122749996
104869,0.5690173691245338
104870,1.0130848177840717
104871,0.26509354487848197
104872,0.4350232483013441
104873,0.8864706754244117
104874,2.6428569515284597
104875,0.5167720073935875
104876,0.7808791949583608
104877,0.11284780129059231
104878,0.2528468416955469
104879,0.532440953340288
104880,2.6550288054742484
104881,0.3579548149249664
104882,0.11881629158158878
104883,0.6529140338840091
104884,0.8823661400689526
104885,0.6838252905033504
104886,1.0317907446452907
104887,0.6562919990722443
104888,0.3098929958124381
104889,0.6521709365001486
104890,7.8761860499284735
104891,1.159931087535192
104892,0.8541964633869219
104893,2.21462076348599
104894,0.4080617621753809
104895,0.13074317522737175
104896,0.9681250677108892
104897,0.5093973112946819
104898,1.3371545303173291
104899,0.10310553126109528
104900,0.32597403909096406
104901,0.9749758180955207
104902,0.26671868872179655
104903,1.0852391582332515
104904,0.9342330896560302
104905,1.1056063080170473
104906,0.6971888812202737
104907,0.9063722074805716
104908,0.28087634949330215
104909,0.4030408400779123
104910,0.5082063938289834
104911,0.43705489484817056
104912,1.061851796474968
104913,1.5028573175248297
104914,0.0628526870002532
104915,1.2197662366311088
104916,0.16672103525512105
104917,0.4457179320721615
104918,0.20742273797784722
104919,0.3612646571859027
104920,2.059062286289528
104921,1.430257154603916
104922,2.0381857538770345
104923,0.15305533105555016
104924,0.3520892284013311
104925,0.06589321604085746
104926,0.8840843565438494
104927,2.2888741424072676
104928,1.1251857292223066
104929,0.41751375384005607
104930,0.454046100566038
104931,0.4833037896523226
104932,0.44749972741857647
104933,0.7954128533483367
104934,0.6103489858158034
104935,1.2961477462573214
104936,0.5020816071357005
104937,1.69138409209269
104938,0.7499103033903523
104939,1.6825814099163432
104940,0.8492948034775263
104941,7.008436992422122
104942,0.7075675606295667
104943,1.6587328005293214
104944,1.4818529185217297
104945,0.36885192101977043
104946,0.16545291592632494
104947,0.7171487171216058
104948,0.6401509045233428
104949,1.3951123530015777
104950,0.8638166772052406
104951,3.8397333476630084
104952,1.089291196018809
104953,0.043998529949151884
104954,0.510975433908188
104955,1.0602208316670187
104956,1.466387936820965
104957,2.0242298750930634
104958,1.1717616474020105
104959,0.741712130269034
104960,0.4277355600201897
104961,0.2844419292936725
104962,0.7735658933271192
104963,1.8534791163760413
104964,2.253352940645653
104965,0.7973665514171667
104966,3.2725801464490987
104967,0.3351666003975756
104968,0.5048242274067657
104969,0.18044104311613687
104970,0.4266185649052287
104971,0.6247645993294437
104972,1.141959510491675
104973,0.6336584462407511
104974,0.09797912809000228
104975,0.3722324548374745
104976,0.5843131459466251
104977,1.6426179829149135
104978,1.2924938465403413
104979,0.7381568767832039
104980,2.317947530116044
104981,2.678087313595956
104982,2.06488245083274
104983,1.206839957600592
104984,0.1767200411948478
104985,0.41680534725461343
104986,2.8537378789117764
104987,0.32053615034612304
104988,0.8491338990198588
104989,0.10048106596259676
104990,0.5790879754215523
104991,0.07457706308082453
104992,3.0729101717638447
104993,0.96990784605225
104994,1.3867187275428312
104995,1.4531385230473275
104996,0.3224004562303596
104997,0.1919282357501737
104998,0.3806359807478916
